21 4279.49 4375.9 4121.54 4154.36 4692.31 3881.03 4475.38 4477.44 4313.85 4265.13 4404.62 4249.23 4474.87 4371.28 1606 1732 445.692 0 0 0 0 
22 4280 4350.26 4121.54 4164.1 4685.64 3878.46 4475.9 4473.33 4313.85 4264.62 4403.59 4249.23 4472.82 4368.21 1606 1731 445.692 0 0 0 0 
23 4280.51 4342.56 4125.64 4174.36 4683.59 3878.46 4475.38 4472.31 4314.87 4263.59 4404.62 4248.21 4473.33 4369.23 1605 1731 445.708 0 0 0 0 
24 4278.97 4328.72 4123.59 4169.74 4683.08 3877.44 4475.9 4478.97 4320.51 4267.18 4409.74 4249.23 4467.69 4374.87 1605 1728 445.708 0 0 0 0 
25 4284.1 4318.97 4121.54 4169.74 4685.13 3878.46 4476.92 4486.67 4327.18 4262.05 4412.82 4254.87 4453.33 4392.31 1604 1728 445.724 0 0 0 0 
26 4298.46 4333.33 4130.77 4182.05 4688.72 3881.03 4475.38 4484.1 4320.51 4258.97 4405.64 4253.33 4471.28 4397.95 1603 1730 445.724 0 0 0 0 
27 4307.18 4344.62 4135.9 4188.72 4689.23 3877.44 4471.79 4473.33 4309.23 4275.38 4402.56 4244.1 4488.21 4381.03 1602 1730 445.739 0 0 0 0 
28 4313.85 4357.95 4130.77 4193.85 4692.31 3878.46 4473.33 4473.85 4310.77 4281.54 4412.31 4247.18 4460.51 4388.21 1600 1731 445.739 0 0 0 0 
29 4323.08 4368.72 4126.67 4193.85 4692.82 3879.49 4474.87 4471.28 4312.82 4265.13 4408.72 4252.82 4458.46 4406.67 1599 1729 445.755 0 0 0 0 
30 4322.05 4337.44 4123.59 4184.1 4686.15 3876.41 4471.28 4461.03 4304.62 4256.41 4398.46 4248.72 4474.87 4395.38 1598 1730 445.755 0 0 0 0 
31 4315.9 4310.77 4123.59 4178.97 4689.74 3884.62 4472.82 4468.21 4307.69 4265.13 4406.15 4247.69 4446.15 4384.1 1599 1731 445.77 0 0 0 0 
32 4319.49 4325.13 4133.33 4190.26 4692.31 3896.92 4476.41 4478.46 4316.41 4277.44 4410.77 4248.72 4446.15 4386.15 1598 1732 445.77 0 0 0 0 
33 4327.18 4322.05 4143.08 4201.03 4676.41 3890.26 4475.38 4471.79 4310.26 4269.23 4402.56 4250.26 4463.59 4391.28 1598 1732 445.786 0 0 0 0 
34 4326.67 4324.62 4132.31 4197.95 4680 3881.03 4475.9 4474.36 4310.26 4244.62 4406.15 4256.41 4437.95 4405.13 1598 1732 445.786 0 0 0 0 
35 4323.59 4336.92 4123.08 4197.95 4676.41 3882.56 4475.38 4474.87 4314.87 4246.15 4414.36 4243.59 4442.56 4391.79 1599 1733 445.802 0 0 0 0 
36 4334.36 4307.69 4138.97 4198.97 4649.74 3880 4472.31 4461.03 4304.62 4269.74 4405.64 4231.28 4471.79 4361.54 1599 1734 445.802 0 0 0 0 
37 4349.23 4289.74 4152.31 4210.26 4654.36 3880.51 4474.36 4465.64 4300 4266.15 4402.05 4249.74 4454.36 4381.03 1602 1735 445.817 0 0 0 0 
38 4346.67 4308.21 4153.33 4213.85 4670.26 3884.1 4477.95 4479.49 4310.77 4252.31 4411.28 4258.97 4433.33 4407.18 1603 1735 445.817 0 0 0 0 
39 4342.56 4297.44 4153.33 4183.59 4670.26 3881.54 4476.92 4474.87 4313.85 4267.18 4411.28 4244.62 4443.59 4389.23 1603 1735 445.833 0 0 0 0 
40 4345.64 4250.26 4145.13 4133.33 4673.33 3881.03 4476.41 4474.87 4309.74 4283.08 4409.74 4243.59 4460.51 4375.9 1602 1737 445.833 0 0 0 0 
41 4343.08 4255.9 4127.69 4120 4678.46 3881.03 4475.9 4477.95 4312.82 4281.54 4412.31 4250.26 4479.49 4380.51 1603 1737 445.848 0 0 0 0 
42 4345.13 4283.08 4135.9 4171.79 4665.13 3876.92 4470.26 4462.05 4305.13 4263.59 4401.03 4248.72 4469.74 4384.1 1603 1737 445.848 0 0 0 0 
43 4343.59 4277.44 4145.13 4202.56 4677.44 3885.64 4476.41 4461.54 4302.56 4257.95 4395.38 4249.74 4466.67 4382.56 1604 1737 445.864 0 0 0 0 
44 4317.44 4282.56 4115.9 4175.38 4716.41 3902.56 4487.69 4482.05 4319.49 4277.95 4408.72 4245.64 4515.9 4365.13 1602 1739 445.864 0 0 0 0 
45 4303.59 4275.38 4103.59 4153.33 4703.59 3893.85 4478.97 4473.33 4315.38 4282.05 4410.26 4240.51 4539.49 4351.28 1604 1738 445.88 0 0 0 0 
46 4309.23 4260.51 4118.46 4152.31 4670.77 3873.33 4458.46 4451.79 4292.31 4258.97 4396.92 4248.72 4509.74 4360.51 1603 1737 445.88 0 0 0 0 
47 4295.38 4291.28 4114.87 4128.21 4685.64 3876.41 4459.49 4455.9 4289.74 4247.69 4395.9 4249.23 4500.51 4362.56 1603 1738 445.895 0 0 0 0 
48 4266.67 4353.85 4097.44 4106.15 4720.51 3886.15 4471.28 4463.59 4302.56 4259.49 4402.56 4234.36 4529.74 4343.08 1604 1736 445.895 0 0 0 0 
49 4259.49 4354.87 4098.97 4138.97 4711.28 3873.33 4463.08 4453.85 4298.46 4260.51 4401.03 4229.23 4550.77 4333.33 1603 1737 445.911 0 0 0 0 
50 4271.28 4334.87 4111.79 4159.49 4683.08 3868.21 4459.49 4450.77 4290.77 4253.85 4402.05 4235.38 4547.69 4343.08 1604 1737 445.911 0 0 0 0 
51 4268.72 4376.41 4102.56 4138.97 4695.38 3882.56 4468.21 4459.49 4300 4260.51 4405.13 4234.36 4545.13 4347.69 1603 1736 445.926 0 0 0 0 
52 4257.44 4403.59 4090.26 4130.77 4705.13 3875.38 4463.59 4460.51 4303.08 4260 4400.51 4229.74 4545.13 4340 1603 1735 445.926 0 0 0 0 
53 4268.72 4384.1 4106.67 4140 4686.67 3859.49 4456.41 4456.41 4295.9 4248.21 4399.49 4232.82 4537.95 4341.03 1602 1736 445.942 0 0 0 0 
54 4283.08 4355.38 4126.67 4136.41 4678.46 3868.72 4462.05 4457.44 4294.87 4247.69 4405.64 4234.87 4538.97 4349.23 1603 1735 445.942 0 0 0 0 
55 4270.26 4370.77 4112.82 4138.97 4697.95 3882.56 4463.59 4461.03 4298.97 4253.33 4406.15 4233.85 4552.31 4347.18 1602 1734 445.958 0 0 0 0 
56 4257.44 4403.08 4098.46 4154.36 4706.67 3880 4463.08 4458.97 4298.46 4246.67 4401.03 4231.28 4555.9 4342.56 1603 1735 445.958 0 0 0 0 
57 4262.56 4402.56 4106.15 4144.1 4697.44 3877.44 4471.28 4456.92 4301.03 4250.77 4406.67 4234.36 4544.1 4349.23 1602 1734 445.973 0 0 0 0 
58 4268.72 4398.97 4105.13 4134.36 4704.62 3887.69 4474.36 4466.15 4308.72 4266.15 4409.74 4241.03 4539.49 4356.92 1603 1734 445.973 0 0 0 0 
59 4272.31 4397.95 4103.08 4148.72 4708.21 3890.26 4473.33 4471.79 4309.23 4262.05 4404.62 4238.97 4546.67 4354.36 1602 1733 445.989 0 0 0 0 
60 4268.21 4394.87 4108.72 4154.87 4703.59 3885.13 4472.82 4465.64 4305.64 4251.79 4405.64 4237.44 4545.13 4350.26 1600 1735 445.989 0 0 0 0 
61 4268.72 4393.33 4108.21 4156.41 4712.82 3890.26 4473.33 4465.13 4308.72 4266.67 4412.82 4246.15 4531.28 4355.9 1603 1734 446.004 0 0 0 0 
62 4281.54 4402.56 4112.82 4167.69 4720.51 3900 4482.05 4478.46 4318.97 4284.62 4414.36 4251.28 4524.1 4371.79 1602 1734 446.004 0 0 0 0 
63 4285.64 4406.15 4116.92 4171.28 4718.97 3902.56 4491.79 4485.64 4326.67 4278.97 4407.18 4247.69 4525.64 4381.03 1602 1736 446.02 0 0 0 0 
64 4277.95 4386.15 4108.21 4165.64 4713.33 3901.54 4484.1 4476.92 4323.08 4273.85 4403.59 4247.69 4520 4373.85 1602 1735 446.02 0 0 0 0 
65 4282.56 4361.54 4108.72 4167.18 4711.79 3903.59 4476.41 4472.31 4318.46 4282.56 4405.13 4248.72 4514.36 4368.21 1602 1736 446.036 0 0 0 0 
66 4301.03 4358.97 4122.56 4175.9 4717.44 3907.69 4486.15 4483.08 4323.08 4279.49 4406.15 4247.18 4509.23 4384.62 1603 1736 446.036 0 0 0 0 
67 4311.79 4368.72 4124.62 4184.62 4721.54 3911.28 4494.87 4493.85 4328.21 4273.33 4404.62 4250.26 4495.9 4402.05 1604 1738 446.051 0 0 0 0 
68 4310.77 4362.56 4115.38 4186.15 4718.46 3909.74 4492.82 4491.79 4329.74 4283.59 4407.69 4250.26 4494.87 4392.82 1603 1736 446.051 0 0 0 0 
69 4313.85 4353.33 4116.41 4186.15 4717.95 3909.23 4490.26 4492.31 4334.36 4288.21 4415.9 4249.23 4507.69 4388.21 1603 1737 446.067 0 0 0 0 
70 4320 4357.44 4121.54 4189.74 4721.03 3912.31 4491.28 4494.36 4334.87 4276.92 4414.87 4247.69 4498.97 4396.92 1604 1736 446.067 0 0 0 0 
71 4318.97 4363.59 4120.51 4190.26 4719.49 3911.28 4491.28 4483.08 4324.62 4273.85 4408.72 4246.15 4470.26 4394.87 1603 1736 446.082 0 0 0 0 
72 4318.46 4360 4118.97 4188.21 4718.46 3911.79 4488.21 4477.44 4322.56 4285.64 4413.85 4248.72 4473.33 4388.21 1602 1736 446.082 0 0 0 0 
73 4317.95 4343.08 4113.85 4186.67 4717.44 3911.28 4483.59 4479.49 4328.72 4278.97 4414.36 4246.15 4486.67 4380 1600 1737 446.098 0 0 0 0 
74 4312.82 4324.62 4109.74 4182.56 4715.38 3908.72 4484.62 4477.95 4322.05 4258.46 4399.49 4241.03 4445.64 4371.79 1600 1737 446.098 0 0 0 0 
75 4316.92 4319.49 4113.85 4180 4716.92 3912.31 4491.28 4480 4318.97 4266.15 4397.44 4244.1 4406.67 4377.44 1601 1735 446.114 0 0 0 0 
76 4332.31 4329.74 4122.56 4184.62 4720.51 3916.41 4491.79 4490.77 4334.36 4291.28 4412.31 4253.33 4445.64 4386.67 1600 1736 446.114 0 0 0 0 
77 4337.44 4336.41 4122.05 4187.18 4721.03 3912.31 4489.74 4494.36 4339.49 4289.74 4416.92 4252.31 4466.15 4380 1600 1736 446.129 0 0 0 0 
78 4336.92 4335.9 4113.33 4184.62 4718.97 3909.23 4491.28 4489.23 4327.69 4275.38 4409.74 4247.18 4421.03 4380 1600 1736 446.129 0 0 0 0 
79 4347.18 4340.51 4114.36 4192.31 4720 3909.74 4488.21 4490.77 4327.69 4279.49 4412.31 4249.23 4426.15 4397.95 1600 1735 446.145 0 0 0 0 
80 4352.82 4333.85 4122.56 4198.46 4713.85 3903.08 4479.49 4488.72 4330.77 4280.51 4416.92 4250.77 4466.67 4397.44 1600 1737 446.145 0 0 0 0 
81 4350.77 4335.9 4121.03 4202.05 4704.1 3898.46 4474.87 4474.87 4316.41 4271.28 4408.72 4248.21 4453.33 4381.03 1602 1735 446.16 0 0 0 0 
82 4362.05 4365.64 4122.05 4207.69 4704.1 3907.18 4478.97 4471.79 4313.85 4276.92 4404.1 4247.69 4431.28 4390.26 1600 1735 446.16 0 0 0 0 
83 4378.46 4367.18 4137.95 4207.69 4701.03 3911.79 4480.51 4480 4328.21 4280 4411.79 4249.74 4439.49 4405.64 1602 1735 446.176 0 0 0 0 
84 4372.31 4344.62 4138.46 4208.21 4703.08 3907.18 4476.92 4480 4326.15 4275.38 4411.28 4247.69 4452.31 4390.77 1602 1735 446.176 0 0 0 0 
85 4372.82 4361.03 4131.79 4226.15 4707.18 3910.26 4478.46 4472.82 4311.79 4274.87 4397.95 4248.72 4452.31 4383.08 1603 1735 446.192 0 0 0 0 
86 4392.31 4372.82 4143.08 4228.72 4686.15 3905.13 4477.95 4465.13 4306.67 4268.21 4398.46 4250.77 4431.79 4397.44 1603 1735 446.192 0 0 0 0 
87 4390.77 4325.64 4147.69 4195.38 4672.31 3891.28 4471.79 4462.56 4312.82 4262.05 4412.82 4246.15 4417.95 4394.87 1603 1734 446.207 0 0 0 0 
88 4383.59 4289.23 4143.08 4172.31 4702.56 3904.1 4482.05 4483.08 4327.69 4278.97 4413.33 4248.72 4466.15 4392.82 1604 1734 446.207 0 0 0 0 
89 4388.72 4288.21 4134.87 4178.97 4727.69 3920.51 4490.77 4493.85 4333.33 4290.26 4398.97 4249.74 4507.69 4388.72 1603 1735 446.223 0 0 0 0 
90 4382.05 4280.51 4127.69 4196.41 4705.64 3900 4473.85 4469.23 4310.77 4266.67 4396.92 4241.54 4482.56 4368.72 1603 1735 446.223 0 0 0 0 
91 4371.79 4302.05 4131.79 4197.44 4690.77 3890.26 4469.74 4466.15 4304.1 4251.79 4409.74 4245.64 4488.72 4373.33 1603 1736 446.238 0 0 0 0 
92 4377.44 4320 4134.87 4177.44 4716.92 3920 4494.87 4495.9 4334.36 4279.49 4412.31 4249.74 4547.18 4385.13 1603 1736 446.238 0 0 0 0 
93 4372.31 4274.36 4118.46 4188.21 4738.46 3926.67 4497.95 4496.41 4344.1 4300 4404.62 4237.44 4572.82 4361.03 1604 1737 446.254 0 0 0 0 
94 4337.44 4273.85 4094.87 4202.05 4736.41 3907.18 4480.51 4470.77 4322.05 4284.1 4401.54 4229.74 4561.03 4337.44 1604 1736 446.254 0 0 0 0 
95 4318.46 4338.46 4093.33 4158.97 4732.31 3907.18 4483.59 4469.74 4317.95 4270.26 4405.13 4233.33 4569.74 4342.56 1603 1736 446.27 0 0 0 0 
96 4325.13 4351.28 4105.64 4123.08 4733.33 3916.41 4493.33 4487.69 4332.82 4280.51 4408.21 4235.9 4585.13 4348.72 1603 1735 446.27 0 0 0 0 
97 4328.21 4334.87 4107.18 4152.31 4734.36 3918.97 4494.36 4493.85 4335.9 4284.1 4404.62 4240.51 4588.21 4349.74 1603 1736 446.285 0 0 0 0 
98 4322.05 4366.15 4097.95 4185.13 4748.21 3924.62 4494.36 4492.31 4337.95 4279.49 4406.15 4242.56 4604.62 4354.87 1602 1734 446.285 0 0 0 0 
99 4322.56 4386.67 4101.03 4179.49 4758.46 3927.69 4492.82 4487.18 4343.59 4281.03 4411.28 4235.38 4606.67 4355.9 1602 1735 446.301 0 0 0 0 
100 4326.67 4376.41 4112.31 4163.08 4746.15 3918.97 4488.21 4480 4339.49 4277.44 4408.21 4234.36 4588.72 4351.79 1602 1733 446.301 0 0 0 0 
101 4326.15 4393.85 4110.77 4161.03 4737.44 3913.85 4487.18 4477.95 4338.97 4275.38 4404.1 4240.51 4590.77 4352.82 1600 1735 446.316 0 0 0 0 
102 4326.67 4408.72 4107.18 4168.21 4735.9 3912.31 4487.18 4477.95 4341.54 4276.92 4410.26 4238.46 4604.1 4356.41 1601 1735 446.316 0 0 0 0 
103 4320 4401.03 4104.62 4161.54 4727.69 3909.23 4485.64 4474.87 4338.46 4271.28 4413.85 4231.79 4593.85 4351.79 1600 1735 446.332 0 0 0 0 
104 4319.49 4403.08 4105.64 4154.87 4733.33 3914.36 4489.23 4480.51 4341.03 4273.33 4410.77 4235.38 4586.67 4353.33 1600 1737 446.332 0 0 0 0 
105 4331.79 4413.33 4110.26 4169.74 4746.67 3926.15 4493.85 4491.79 4352.31 4282.56 4411.79 4245.13 4601.03 4364.62 1600 1736 446.348 0 0 0 0 
106 4333.33 4411.79 4105.13 4175.9 4745.13 3930.77 4494.87 4494.36 4357.44 4283.08 4411.28 4247.18 4597.95 4371.28 1600 1737 446.348 0 0 0 0 
107 4333.33 4396.92 4107.18 4166.15 4737.44 3928.72 4499.49 4492.31 4356.41 4281.03 4410.77 4246.67 4588.72 4376.41 1600 1737 446.363 0 0 0 0 
108 4340.51 4397.44 4120.51 4169.74 4738.46 3929.74 4504.62 4493.33 4359.49 4286.67 4412.82 4247.18 4590.77 4378.46 1600 1738 446.363 0 0 0 0 
109 4340.51 4402.05 4123.59 4177.95 4737.44 3931.28 4501.54 4495.38 4358.46 4282.05 4409.74 4245.13 4557.95 4371.79 1600 1737 446.379 0 0 0 0 
110 4336.92 4387.69 4117.95 4180.51 4732.82 3926.67 4490.26 4493.33 4350.77 4269.23 4404.62 4244.1 4509.74 4373.85 1600 1738 446.379 0 0 0 0 
111 4343.08 4362.56 4118.97 4185.13 4734.36 3925.64 4489.74 4490.26 4349.23 4270.77 4406.67 4246.67 4510.26 4383.08 1602 1737 446.394 0 0 0 0 
112 4349.74 4343.59 4121.54 4188.72 4736.41 3931.79 4504.1 4500.51 4360 4276.92 4413.85 4248.72 4538.46 4384.62 1601 1738 446.394 0 0 0 0 
113 4348.72 4341.03 4118.46 4187.18 4735.38 3931.79 4505.64 4507.69 4363.59 4275.9 4413.33 4247.18 4543.08 4382.56 1603 1738 446.41 0 0 0 0 
114 4348.72 4344.1 4117.44 4191.28 4732.82 3924.1 4494.36 4497.95 4353.33 4275.38 4404.62 4246.67 4518.97 4385.64 1603 1737 446.41 0 0 0 0 
115 4358.46 4349.74 4121.03 4200 4733.33 3929.74 4497.95 4498.46 4355.38 4272.82 4402.56 4250.26 4503.08 4396.41 1602 1738 446.426 0 0 0 0 
116 4367.18 4356.92 4129.74 4203.59 4738.97 3944.62 4510.77 4510.77 4370.26 4277.95 4409.74 4249.23 4522.56 4402.56 1602 1738 446.426 0 0 0 0 
117 4368.72 4353.85 4136.92 4210.26 4741.03 3943.59 4510.77 4509.23 4370.26 4288.72 4412.82 4249.23 4528.21 4404.1 1600 1738 446.441 0 0 0 0 
118 4375.38 4343.08 4134.36 4214.87 4737.44 3936.92 4507.69 4505.13 4361.54 4285.64 4411.79 4256.41 4504.1 4414.36 1600 1737 446.441 0 0 0 0 
119 4380.51 4334.87 4123.08 4209.74 4738.46 3942.05 4508.72 4510.77 4368.21 4289.23 4412.82 4251.28 4513.85 4406.15 1599 1738 446.457 0 0 0 0 
120 4382.05 4335.38 4122.05 4209.74 4745.64 3948.21 4506.15 4509.23 4375.9 4309.74 4408.21 4240.51 4530.77 4390.26 1599 1737 446.457 0 0 0 0 
121 4390.26 4345.13 4134.87 4215.38 4748.21 3942.56 4507.18 4506.15 4367.69 4302.05 4406.15 4251.28 4495.38 4406.15 1598 1737 446.472 0 0 0 0 
122 4398.97 4358.46 4140.51 4215.9 4747.69 3944.1 4509.74 4514.36 4365.64 4285.13 4412.31 4261.03 4470.77 4418.97 1599 1737 446.472 0 0 0 0 
123 4402.56 4368.72 4140 4220 4747.69 3955.9 4509.74 4518.46 4371.79 4292.82 4409.23 4249.74 4488.21 4399.49 1598 1738 446.488 0 0 0 0 
124 4405.64 4372.31 4136.92 4220 4747.69 3952.31 4507.18 4509.23 4368.72 4292.31 4403.59 4242.05 4489.23 4389.23 1600 1738 446.488 0 0 0 0 
125 4415.38 4363.08 4137.95 4217.44 4746.15 3939.49 4504.62 4504.62 4365.64 4279.49 4410.26 4255.38 4466.67 4412.82 1600 1737 446.504 0 0 0 0 
126 4426.67 4355.38 4147.18 4230.77 4744.62 3941.03 4508.21 4511.79 4368.72 4286.67 4413.33 4263.59 4460.51 4422.56 1599 1740 446.504 0 0 0 0 
127 4430.26 4377.95 4150.26 4240.51 4743.59 3947.18 4509.74 4511.79 4364.1 4301.03 4405.13 4254.36 4475.38 4407.18 1601 1738 446.519 0 0 0 0 
128 4425.64 4390.26 4140.51 4227.69 4740.51 3945.13 4505.64 4504.62 4358.46 4300 4406.67 4248.21 4493.33 4398.46 1601 1740 446.519 0 0 0 0 
0 4427.18 4364.62 4135.38 4220.51 4737.44 3942.56 4504.62 4505.64 4360.51 4286.15 4413.85 4250.77 4486.67 4403.59 1602 1738 446.535 0 0 0 0 
1 4433.33 4358.97 4139.49 4228.21 4735.38 3941.03 4506.67 4509.74 4359.49 4281.54 4414.36 4250.77 4477.95 4406.67 1603 1739 446.535 0 0 0 0 
2 4432.31 4376.41 4138.97 4231.79 4729.23 3941.03 4503.59 4505.13 4354.36 4286.67 4407.18 4251.28 4472.82 4408.21 1604 1738 446.55 0 0 0 0 
3 4430.26 4362.05 4137.44 4230.77 4725.13 3941.54 4493.85 4492.82 4345.64 4280.51 4401.03 4254.87 4451.79 4402.56 1604 1737 446.55 0 0 0 0 
4 4430.77 4338.97 4140 4232.31 4728.72 3940 4486.67 4487.18 4336.41 4271.28 4407.18 4251.28 4451.28 4389.23 1605 1737 446.566 0 0 0 0 
5 4426.15 4349.74 4138.97 4227.69 4738.97 3940.51 4495.9 4501.03 4349.23 4282.05 4414.36 4248.21 4476.92 4390.77 1604 1735 446.566 0 0 0 0 
6 4430.26 4365.13 4143.59 4225.64 4732.82 3943.59 4507.18 4511.28 4363.59 4279.49 4407.18 4251.28 4472.82 4402.05 1606 1735 446.582 0 0 0 0 
7 4443.08 4353.33 4154.87 4229.23 4711.79 3939.49 4497.95 4492.31 4343.08 4246.15 4399.49 4250.26 4432.82 4400.51 1605 1734 446.582 0 0 0 0 
8 4443.59 4356.92 4153.33 4238.46 4715.9 3937.95 4487.69 4478.46 4328.21 4250.26 4407.18 4248.21 4433.85 4394.36 1606 1735 446.597 0 0 0 0 
9 4446.15 4367.18 4153.33 4244.1 4725.13 3946.15 4493.85 4485.64 4344.62 4286.67 4408.21 4247.69 4480 4392.82 1607 1733 446.597 0 0 0 0 
10 4457.95 4328.21 4161.54 4235.9 4703.08 3938.97 4494.36 4484.1 4348.21 4272.31 4395.9 4247.69 4469.23 4396.41 1606 1734 446.613 0 0 0 0 
11 4458.46 4310.26 4161.54 4233.85 4687.18 3923.59 4486.15 4478.46 4335.9 4237.95 4397.44 4252.82 4427.69 4405.64 1608 1734 446.613 0 0 0 0 
12 4450.77 4341.03 4160 4229.74 4704.1 3932.31 4490.77 4490.77 4346.67 4265.64 4412.31 4253.33 4466.67 4410.26 1608 1733 446.628 0 0 0 0 
13 4468.21 4309.23 4172.31 4214.36 4709.74 3943.59 4498.46 4496.41 4357.95 4302.05 4410.77 4248.72 4526.15 4406.67 1608 1733 446.628 0 0 0 0 
14 4483.59 4270.26 4174.87 4207.18 4708.72 3929.74 4494.87 4488.72 4350.26 4284.1 4401.54 4250.77 4518.46 4408.72 1607 1733 446.644 0 0 0 0 
15 4455.9 4312.82 4154.87 4205.64 4720 3918.97 4486.67 4487.69 4349.23 4266.15 4405.13 4250.77 4519.49 4398.97 1607 1733 446.644 0 0 0 0 
16 4440.51 4319.49 4150.77 4193.33 4713.33 3935.9 4491.28 4488.21 4348.72 4265.64 4407.18 4247.18 4555.9 4381.54 1606 1733 446.66 0 0 0 0 
17 4461.03 4257.95 4161.03 4201.03 4710.77 3943.08 4500.51 4481.54 4341.03 4262.05 4405.64 4248.72 4564.1 4385.13 1605 1732 446.66 0 0 0 0 
18 4448.21 4261.54 4146.15 4214.87 4736.92 3928.21 4495.9 4474.36 4344.1 4267.18 4408.21 4246.15 4548.72 4388.72 1604 1733 446.675 0 0 0 0 
19 4397.95 4331.79 4115.38 4192.31 4757.95 3929.74 4494.87 4478.46 4353.33 4285.13 4405.13 4235.9 4560.51 4366.15 1604 1733 446.691 0 0 0 0 
