100 4253.85 4555.9 4008.21 4171.79 4543.59 3859.49 4388.72 4507.18 4287.18 4294.87 4409.74 4271.28 4512.31 4558.97 1600 1735 455.181 0 0 0 0 
101 4236.41 4544.62 3997.95 4157.95 4541.54 3861.03 4392.82 4506.15 4278.97 4283.08 4402.56 4258.97 4493.85 4539.49 1599 1737 455.196 0 0 0 0 
102 4227.18 4546.15 3993.85 4153.85 4551.79 3868.72 4400.51 4515.9 4286.15 4284.1 4407.18 4246.67 4489.74 4534.87 1601 1734 455.196 0 0 0 0 
103 4238.97 4555.38 3997.95 4165.13 4556.92 3880.51 4408.21 4522.56 4296.92 4293.33 4416.92 4252.31 4500.51 4546.15 1599 1736 455.212 0 0 0 0 
104 4248.21 4555.38 3997.95 4171.79 4555.38 3882.05 4403.08 4514.36 4301.54 4300 4420 4263.59 4510.26 4553.33 1600 1736 455.212 0 0 0 0 
105 4238.97 4553.33 3992.31 4166.15 4553.85 3875.9 4385.64 4504.62 4302.56 4302.56 4416.92 4255.38 4507.69 4549.23 1600 1735 455.227 0 0 0 0 
106 4237.44 4556.41 3988.21 4166.15 4554.36 3876.92 4380 4508.72 4305.64 4305.13 4416.92 4245.13 4507.69 4547.69 1600 1736 455.227 0 0 0 0 
107 4245.13 4558.46 3985.13 4172.82 4562.56 3882.05 4390.77 4514.87 4311.28 4308.21 4422.05 4250.26 4517.44 4553.33 1600 1736 455.243 0 0 0 0 
108 4237.95 4556.41 3977.44 4171.28 4570.26 3882.05 4387.69 4510.77 4314.36 4311.28 4421.03 4251.79 4517.95 4546.67 1601 1735 455.243 0 0 0 0 
109 4229.23 4552.82 3974.87 4168.72 4568.21 3877.95 4371.28 4505.13 4311.28 4309.23 4415.9 4242.56 4505.13 4534.87 1601 1734 455.259 0 0 0 0 
110 4237.44 4556.92 3985.64 4175.38 4566.15 3876.92 4368.72 4506.67 4309.74 4302.05 4417.44 4243.59 4504.62 4538.46 1600 1735 455.259 0 0 0 0 
111 4251.28 4568.21 3999.49 4186.15 4568.72 3878.46 4376.92 4507.69 4310.26 4303.59 4424.1 4255.9 4518.46 4549.74 1601 1734 455.274 0 0 0 0 
112 4262.05 4574.36 4006.67 4189.74 4570.77 3878.46 4376.92 4507.69 4305.13 4311.28 4430.77 4267.69 4525.13 4555.9 1601 1735 455.274 0 0 0 0 
113 4265.64 4573.33 4011.28 4188.72 4570.26 3880 4378.97 4506.15 4302.56 4311.79 4427.69 4271.28 4524.62 4558.97 1601 1733 455.29 0 0 0 0 
114 4256.41 4570.26 4007.18 4186.15 4569.74 3881.03 4387.18 4502.05 4303.08 4303.08 4417.44 4264.1 4521.03 4555.38 1600 1734 455.29 0 0 0 0 
115 4250.26 4573.33 3978.97 4186.15 4572.82 3884.1 4386.67 4498.46 4299.49 4294.87 4414.36 4252.82 4514.36 4547.18 1602 1733 455.305 0 0 0 0 
116 4248.21 4573.33 3945.64 4186.15 4575.38 3891.79 4381.54 4494.87 4294.87 4290.26 4412.82 4246.67 4506.15 4540.51 1601 1733 455.305 0 0 0 0 
117 4238.46 4560 3933.85 4177.44 4569.23 3893.85 4378.46 4489.23 4292.31 4282.56 4409.74 4243.59 4496.41 4533.85 1601 1734 455.321 0 0 0 0 
118 4229.23 4549.74 3937.95 4169.23 4567.18 3891.28 4375.38 4486.67 4293.85 4276.41 4409.74 4242.56 4490.26 4529.74 1601 1733 455.321 0 0 0 0 
119 4231.79 4555.9 3945.13 4178.97 4576.92 3893.85 4374.87 4496.92 4298.46 4280.51 4413.33 4243.08 4491.28 4534.36 1601 1734 455.337 0 0 0 0 
120 4236.92 4560 3947.69 4189.74 4583.08 3896.41 4377.44 4503.59 4298.97 4287.69 4412.31 4238.97 4492.82 4534.36 1600 1735 455.337 0 0 0 0 
121 4231.79 4552.82 3943.59 4184.1 4580.51 3893.33 4379.49 4492.82 4291.28 4283.59 4411.79 4230.26 4489.74 4528.72 1600 1736 455.352 0 0 0 0 
122 4228.72 4551.79 3945.64 4179.49 4582.05 3893.33 4378.97 4487.69 4291.79 4277.44 4414.36 4229.23 4489.74 4526.67 1601 1735 455.352 0 0 0 0 
123 4232.82 4553.85 3958.97 4182.56 4583.59 3894.87 4378.46 4498.97 4293.33 4277.95 4413.85 4238.97 4490.26 4530.26 1600 1737 455.368 0 0 0 0 
124 4241.54 4555.9 3969.74 4184.62 4583.59 3891.79 4379.49 4506.67 4292.31 4286.67 4417.95 4245.13 4494.87 4535.38 1601 1736 455.368 0 0 0 0 
125 4248.72 4566.15 3980 4190.77 4591.79 3894.36 4386.15 4506.15 4300 4295.9 4424.62 4251.28 4506.67 4542.56 1600 1736 455.383 0 0 0 0 
126 4251.28 4569.74 3989.23 4197.44 4600.51 3906.67 4393.85 4510.26 4307.18 4298.97 4422.56 4260.51 4509.74 4548.72 1601 1737 455.383 0 0 0 0 
127 4246.67 4564.1 3987.18 4194.36 4600.51 3912.82 4392.31 4510.77 4296.92 4297.44 4414.36 4258.97 4508.21 4548.21 1600 1736 455.399 0 0 0 0 
128 4241.03 4563.59 3980 4188.72 4600.51 3909.23 4386.15 4506.67 4284.62 4294.87 4412.82 4249.23 4505.64 4544.62 1600 1738 455.399 0 0 0 0 
0 4232.82 4562.56 3977.44 4187.69 4601.54 3906.15 4382.05 4502.05 4280 4287.18 4413.33 4243.08 4497.95 4535.9 1600 1736 455.415 0 0 0 0 
1 4220.51 4551.79 3973.33 4184.62 4598.46 3906.67 4378.46 4494.36 4269.74 4274.36 4408.21 4233.85 4487.18 4524.62 1600 1738 455.415 0 0 0 0 
2 4213.85 4548.72 3967.69 4181.03 4598.46 3908.72 4376.41 4487.18 4261.03 4265.64 4405.13 4219.49 4481.54 4521.03 1600 1737 455.43 0 0 0 0 
3 4214.36 4557.44 3970.77 4185.13 4599.49 3911.79 4381.54 4490.77 4262.05 4261.54 4407.69 4214.36 4476.92 4518.46 1600 1736 455.43 0 0 0 0 
4 4210.26 4552.31 3974.36 4185.64 4600.51 3912.31 4388.21 4500.51 4264.62 4262.05 4412.31 4215.38 4472.82 4512.82 1600 1736 455.446 0 0 0 0 
5 4207.69 4543.59 3974.36 4182.56 4603.59 3910.26 4389.23 4501.54 4269.74 4269.23 4412.31 4212.82 4475.38 4512.82 1599 1737 455.446 0 0 0 0 
6 4213.85 4551.79 3977.95 4188.72 4602.56 3911.28 4384.1 4493.85 4273.85 4272.82 4411.79 4215.9 4475.38 4520 1601 1735 455.461 0 0 0 0 
7 4221.03 4554.87 3985.64 4199.49 4600.51 3906.67 4376.41 4489.23 4274.87 4275.38 4416.92 4226.67 4475.38 4526.15 1600 1736 455.461 0 0 0 0 
8 4226.15 4545.13 3995.38 4203.08 4605.64 3897.95 4369.74 4490.26 4275.9 4283.08 4426.67 4236.92 4485.64 4533.85 1601 1736 455.477 0 0 0 0 
9 4230.77 4547.18 4000.51 4205.13 4610.77 3900 4370.26 4489.74 4278.46 4285.13 4426.67 4236.92 4490.26 4535.38 1601 1736 455.477 0 0 0 0 
10 4232.82 4557.44 3996.41 4209.23 4612.31 3908.21 4378.46 4488.21 4276.92 4280 4416.41 4230.77 4478.97 4528.72 1602 1736 455.493 0 0 0 0 
11 4229.23 4556.92 3994.36 4210.77 4616.41 3911.28 4384.62 4495.9 4279.49 4278.46 4412.31 4229.23 4473.33 4526.67 1601 1736 455.493 0 0 0 0 
12 4221.54 4552.31 3996.92 4210.26 4619.49 3909.23 4388.72 4504.1 4283.08 4276.41 4416.92 4228.21 4480.51 4528.72 1601 1738 455.508 0 0 0 0 
13 4214.87 4545.64 3996.41 4206.15 4615.9 3912.31 4394.87 4499.49 4273.33 4264.62 4414.87 4222.05 4471.79 4522.56 1603 1736 455.508 0 0 0 0 
14 4214.36 4535.38 3995.38 4200 4611.28 3916.41 4396.92 4494.87 4261.54 4255.38 4409.23 4214.36 4454.87 4512.31 1602 1736 455.524 0 0 0 0 
15 4213.85 4532.82 4001.03 4200 4613.85 3917.95 4398.97 4504.1 4267.69 4259.49 4417.44 4216.41 4454.87 4511.79 1602 1737 455.524 0 0 0 0 
16 4214.36 4537.95 4009.74 4209.23 4618.46 3923.08 4405.64 4512.82 4283.59 4269.23 4429.74 4226.15 4461.54 4518.97 1602 1736 455.539 0 0 0 0 
17 4222.05 4539.49 4012.82 4214.36 4618.46 3927.18 4404.1 4509.23 4285.13 4272.31 4425.13 4231.79 4460.51 4524.1 1602 1736 455.539 0 0 0 0 
18 4229.74 4537.44 4015.38 4215.38 4621.03 3925.64 4393.85 4505.13 4277.44 4269.74 4417.95 4229.74 4465.64 4524.1 1601 1736 455.555 0 0 0 0 
19 4236.41 4542.56 4024.62 4224.1 4629.23 3922.05 4389.23 4504.1 4275.38 4273.33 4424.1 4231.28 4473.33 4526.15 1601 1734 455.555 0 0 0 0 
20 4246.67 4555.38 4038.46 4235.9 4634.36 3924.1 4386.67 4496.92 4277.95 4277.44 4429.74 4242.05 4477.44 4538.46 1600 1735 455.571 0 0 0 0 
21 4257.44 4560 4047.69 4241.03 4637.95 3927.69 4380 4493.33 4278.97 4279.49 4431.79 4251.79 4487.69 4549.23 1600 1735 455.571 0 0 0 0 
22 4262.05 4555.38 4048.21 4244.1 4645.13 3925.13 4379.49 4499.49 4279.49 4287.69 4432.82 4252.82 4494.87 4547.69 1600 1735 455.586 0 0 0 0 
23 4264.1 4555.38 4046.15 4247.69 4648.72 3926.67 4387.69 4506.15 4287.18 4297.95 4431.79 4251.28 4493.33 4542.56 1600 1735 455.586 0 0 0 0 
24 4265.64 4555.9 4051.28 4247.69 4649.23 3941.03 4402.56 4506.67 4297.95 4300.51 4432.31 4253.33 4495.9 4541.03 1600 1735 455.602 0 0 0 0 
25 4255.38 4542.56 4052.82 4242.05 4650.77 3950.26 4415.38 4507.18 4293.85 4294.87 4430.77 4248.72 4490.26 4531.79 1601 1735 455.602 0 0 0 0 
26 4237.44 4523.08 4042.05 4230.77 4646.67 3945.13 4417.95 4506.67 4279.49 4278.46 4416.41 4229.23 4465.13 4510.26 1600 1735 455.617 0 0 0 0 
27 4227.18 4516.41 4035.38 4225.13 4641.54 3947.69 4421.03 4507.18 4277.44 4268.72 4410.77 4219.49 4452.31 4502.56 1600 1736 455.617 0 0 0 0 
28 4232.82 4520 4042.05 4229.74 4646.67 3959.49 4429.23 4511.79 4286.15 4272.82 4423.08 4228.72 4458.46 4512.82 1600 1736 455.633 0 0 0 0 
29 4243.59 4523.08 4049.23 4232.31 4654.87 3959.49 4425.13 4513.33 4285.64 4271.79 4430.26 4232.31 4459.49 4518.46 1600 1737 455.633 0 0 0 0 
30 4247.69 4522.56 4053.33 4237.44 4657.44 3956.92 4413.85 4507.69 4281.03 4268.72 4426.67 4232.82 4460 4518.46 1601 1736 455.649 0 0 0 0 
31 4249.74 4524.62 4060 4247.18 4659.49 3960 4411.79 4500.51 4280 4275.38 4426.15 4241.03 4461.03 4520.51 1599 1738 455.649 0 0 0 0 
32 4256.92 4529.74 4064.62 4251.79 4662.56 3957.95 4405.64 4493.85 4282.05 4277.95 4428.21 4241.54 4462.05 4523.59 1601 1737 455.664 0 0 0 0 
33 4266.15 4531.79 4067.69 4258.46 4666.67 3954.36 4391.79 4489.74 4287.18 4277.44 4428.72 4240.51 4471.79 4528.21 1600 1737 455.664 0 0 0 0 
34 4270.77 4527.69 4072.31 4264.62 4670.26 3956.92 4389.23 4488.72 4286.67 4281.54 4428.21 4246.67 4475.9 4531.79 1601 1737 455.68 0 0 0 0 
35 4263.08 4522.05 4069.23 4258.97 4669.23 3956.41 4391.79 4486.15 4283.59 4282.56 4424.1 4241.03 4465.64 4528.72 1600 1738 455.68 0 0 0 0 
36 4252.31 4514.87 4062.05 4250.26 4663.59 3952.82 4390.77 4487.18 4283.59 4277.44 4422.05 4226.15 4456.41 4521.54 1601 1737 455.695 0 0 0 0 
37 4247.69 4506.67 4062.05 4250.26 4665.13 3956.41 4396.92 4496.41 4284.1 4273.33 4424.1 4221.03 4450.77 4514.36 1600 1737 455.695 0 0 0 0 
38 4241.03 4506.15 4063.59 4250.77 4669.23 3965.64 4411.28 4507.69 4282.05 4267.69 4426.15 4221.54 4446.15 4513.33 1601 1737 455.711 0 0 0 0 
39 4228.72 4502.05 4062.56 4249.23 4667.69 3970.77 4422.56 4509.74 4280.51 4262.56 4420.51 4217.95 4438.46 4514.36 1601 1736 455.711 0 0 0 0 
40 4231.28 4489.23 4061.03 4246.15 4666.15 3970.26 4418.97 4505.13 4277.95 4261.03 4416.41 4213.85 4430.26 4511.28 1601 1737 455.727 0 0 0 0 
41 4244.62 4489.23 4061.54 4244.62 4667.69 3969.74 4410.26 4504.1 4276.41 4260 4422.05 4215.9 4431.28 4510.26 1602 1734 455.727 0 0 0 0 
42 4248.21 4495.9 4071.28 4252.82 4675.9 3976.92 4414.87 4506.15 4284.1 4263.08 4428.21 4225.64 4439.49 4520 1601 1735 455.742 0 0 0 0 
43 4253.33 4494.87 4080 4263.08 4685.64 3983.08 4421.54 4507.18 4290.77 4271.28 4427.18 4233.33 4441.03 4530.26 1602 1734 455.742 0 0 0 0 
44 4262.56 4496.92 4082.05 4263.59 4687.69 3981.03 4414.87 4507.69 4292.82 4276.41 4423.59 4231.28 4440.51 4533.33 1602 1735 455.758 0 0 0 0 
45 4268.72 4507.18 4085.64 4266.15 4692.82 3981.54 4406.15 4503.59 4294.87 4279.49 4427.69 4234.87 4447.69 4541.54 1602 1734 455.758 0 0 0 0 
46 4276.41 4509.23 4095.38 4280 4701.54 3987.69 4406.67 4493.85 4296.41 4283.59 4430.26 4244.62 4454.36 4550.26 1602 1734 455.773 0 0 0 0 
47 4275.38 4497.44 4094.36 4284.62 4701.03 3988.21 4406.15 4491.28 4295.38 4285.13 4422.56 4242.05 4453.33 4550.26 1601 1734 455.773 0 0 0 0 
48 4265.13 4480.51 4084.62 4269.23 4693.85 3983.59 4405.64 4497.44 4293.33 4280.51 4416.92 4229.74 4445.64 4542.05 1601 1735 455.789 0 0 0 0 
49 4263.08 4468.21 4086.15 4266.67 4698.46 3987.69 4415.38 4505.13 4292.82 4276.41 4417.44 4227.69 4433.33 4537.95 1601 1735 455.789 0 0 0 0 
50 4269.23 4463.59 4096.41 4278.46 4704.62 3994.87 4426.67 4513.33 4293.33 4277.95 4418.46 4235.38 4430.26 4541.03 1600 1733 455.805 0 0 0 0 
51 4266.15 4453.85 4097.44 4276.41 4702.05 3994.36 4433.33 4515.38 4293.33 4278.97 4420.51 4235.38 4430.26 4540.51 1599 1736 455.805 0 0 0 0 
52 4258.97 4442.56 4092.82 4263.08 4700.51 3993.33 4437.95 4516.41 4292.82 4273.85 4420 4227.69 4422.05 4534.87 1601 1734 455.82 0 0 0 0 
53 4258.46 4440 4092.82 4262.56 4705.64 4000.51 4442.56 4517.95 4293.33 4273.33 4414.87 4228.21 4414.36 4532.82 1600 1735 455.82 0 0 0 0 
54 4262.56 4439.49 4093.33 4271.79 4712.31 4006.67 4444.1 4513.85 4295.38 4277.95 4412.31 4229.74 4416.41 4536.92 1600 1735 455.836 0 0 0 0 
55 4263.08 4432.31 4086.15 4273.33 4711.79 4003.59 4433.33 4508.72 4293.33 4273.85 4413.85 4222.05 4417.44 4537.44 1599 1736 455.836 0 0 0 0 
56 4253.33 4426.67 4077.95 4270.26 4708.21 3999.49 4423.59 4506.15 4291.79 4269.23 4414.36 4213.85 4409.23 4529.23 1599 1736 455.851 0 0 0 0 
57 4248.21 4428.72 4074.87 4272.31 4713.33 4001.03 4424.1 4497.95 4290.26 4272.82 4416.92 4212.31 4409.74 4524.62 1599 1736 455.851 0 0 0 0 
58 4254.87 4429.74 4075.38 4279.49 4720.51 4002.05 4425.64 4485.13 4282.05 4273.85 4417.44 4212.31 4412.31 4527.18 1599 1736 455.867 0 0 0 0 
59 4258.46 4427.18 4075.9 4281.54 4717.95 4002.05 4424.1 4486.15 4278.46 4270.77 4413.85 4211.79 4405.13 4528.21 1600 1736 455.867 0 0 0 0 
60 4261.03 4426.15 4078.46 4280 4718.97 4004.62 4432.31 4498.97 4289.74 4277.44 4415.38 4215.38 4406.15 4532.31 1600 1736 455.883 0 0 0 0 
61 4264.1 4425.13 4084.1 4279.49 4729.23 4007.69 4437.95 4508.72 4297.95 4283.08 4421.54 4220 4413.85 4538.97 1600 1736 455.883 0 0 0 0 
62 4256.41 4419.49 4089.74 4280.51 4732.31 4006.15 4431.79 4506.15 4293.33 4278.97 4425.13 4220 4409.74 4539.49 1601 1737 455.898 0 0 0 0 
63 4250.77 4410.77 4093.33 4284.1 4728.72 4006.67 4433.33 4507.18 4293.85 4278.97 4427.18 4220 4398.97 4536.92 1603 1735 455.898 0 0 0 0 
64 4263.59 4406.15 4100 4286.67 4731.28 4015.9 4446.67 4520.51 4296.92 4282.05 4425.64 4224.1 4396.92 4537.44 1601 1736 455.914 0 0 0 0 
65 4275.38 4408.21 4108.72 4287.69 4735.9 4023.59 4453.33 4523.08 4298.46 4282.56 4422.05 4231.28 4398.97 4540 1603 1736 455.914 0 0 0 0 
66 4275.38 4410.26 4108.72 4290.77 4734.87 4022.05 4451.28 4511.28 4304.1 4282.56 4423.59 4234.36 4398.97 4544.1 1602 1735 455.929 0 0 0 0 
67 4272.82 4405.64 4101.03 4291.79 4734.87 4020.51 4448.72 4506.15 4304.1 4281.54 4421.03 4226.15 4395.9 4538.97 1602 1737 455.929 0 0 0 0 
68 4268.21 4398.97 4095.38 4286.67 4736.92 4024.1 4447.69 4500.51 4295.38 4277.44 4414.36 4216.41 4391.28 4530.77 1602 1736 455.945 0 0 0 0 
69 4263.08 4396.92 4092.82 4286.67 4735.38 4026.15 4446.15 4491.79 4294.87 4279.49 4416.92 4215.38 4391.28 4531.79 1602 1737 455.945 0 0 0 0 
70 4265.64 4397.44 4092.82 4293.33 4736.41 4024.62 4444.1 4495.38 4298.46 4280 4422.56 4216.41 4388.21 4536.92 1602 1735 455.961 0 0 0 0 
71 4273.33 4398.97 4097.44 4296.92 4744.1 4022.05 4442.05 4500.51 4296.92 4279.49 4423.08 4221.03 4390.26 4541.03 1602 1736 455.961 0 0 0 0 
72 4282.05 4398.46 4106.15 4296.92 4749.23 4022.05 4446.15 4498.46 4295.9 4286.15 4427.69 4231.28 4401.54 4549.74 1603 1735 455.976 0 0 0 0 
73 4283.08 4390.77 4112.82 4297.44 4742.56 4022.05 4452.31 4500 4295.38 4286.15 4431.79 4237.44 4402.56 4557.44 1601 1736 455.976 0 0 0 0 
74 4280.51 4386.15 4115.38 4300 4740 4022.05 4454.87 4507.69 4296.41 4286.67 4427.18 4239.49 4399.49 4558.46 1600 1736 455.992 0 0 0 0 
75 4287.18 4392.82 4116.41 4307.69 4747.69 4024.62 4456.41 4508.72 4304.62 4294.36 4428.72 4247.18 4405.13 4559.49 1600 1735 455.992 0 0 0 0 
76 4292.31 4393.33 4116.41 4312.82 4750.26 4028.72 4461.54 4508.21 4313.33 4293.85 4431.28 4249.74 4407.18 4561.03 1600 1735 456.007 0 0 0 0 
77 4281.54 4378.97 4115.9 4303.08 4747.69 4029.74 4464.1 4510.77 4311.28 4282.05 4420 4237.95 4395.38 4552.82 1600 1735 456.007 0 0 0 0 
78 4266.15 4363.59 4105.13 4291.28 4747.18 4029.74 4464.1 4505.64 4301.54 4268.72 4409.74 4221.54 4371.79 4540 1600 1734 456.023 0 0 0 0 
79 4261.54 4358.97 4084.62 4292.31 4746.15 4037.44 4469.23 4500.51 4296.41 4261.03 4409.74 4211.28 4355.38 4533.33 1600 1735 456.023 0 0 0 0 
80 4265.64 4357.44 4074.36 4295.9 4750.77 4046.15 4479.49 4511.28 4305.13 4267.18 4414.87 4213.33 4364.62 4537.44 1600 1734 456.039 0 0 0 0 
81 4273.33 4354.36 4077.95 4300.51 4762.56 4050.77 4486.67 4521.54 4319.49 4282.05 4423.08 4224.62 4381.54 4546.67 1600 1735 456.039 0 0 0 0 
82 4280.51 4358.97 4082.56 4309.23 4767.18 4051.28 4483.59 4512.82 4320 4283.59 4430.26 4231.28 4383.59 4554.36 1601 1734 456.054 0 0 0 0 
83 4284.1 4364.62 4080 4312.31 4764.1 4047.18 4472.82 4502.05 4310.77 4280.51 4429.23 4232.31 4384.1 4557.95 1599 1735 456.054 0 0 0 0 
84 4289.74 4362.05 4073.33 4310.77 4764.62 4044.62 4471.79 4504.62 4305.64 4281.03 4424.62 4231.79 4384.62 4558.97 1601 1735 456.07 0 0 0 0 
85 4294.36 4356.92 4071.28 4310.26 4766.15 4045.64 4476.92 4506.67 4303.59 4278.46 4426.67 4231.79 4382.05 4564.62 1601 1734 456.07 0 0 0 0 
86 4294.87 4355.9 4078.46 4311.79 4766.15 4044.1 4473.85 4504.62 4306.67 4278.46 4429.74 4241.03 4383.59 4570.26 1601 1735 456.085 0 0 0 0 
87 4301.54 4358.46 4088.21 4321.03 4771.79 4042.05 4472.82 4507.18 4309.74 4281.54 4428.21 4252.31 4383.59 4568.72 1600 1733 456.085 0 0 0 0 
88 4311.79 4363.08 4094.87 4329.23 4778.97 4047.69 4480 4513.85 4311.28 4282.56 4426.67 4252.31 4381.03 4569.23 1601 1733 456.101 0 0 0 0 
89 4312.31 4363.08 4100.51 4326.15 4782.05 4054.36 4486.67 4515.9 4317.95 4282.05 4428.72 4249.74 4383.59 4575.38 1601 1733 456.101 0 0 0 0 
90 4301.54 4350.77 4098.97 4321.03 4781.54 4053.33 4490.26 4515.38 4318.46 4280 4424.1 4249.74 4378.46 4569.74 1602 1733 456.117 0 0 0 0 
91 4294.87 4341.03 4092.31 4320 4779.49 4054.36 4492.31 4516.92 4313.33 4277.95 4412.82 4240 4366.15 4557.95 1603 1732 456.117 0 0 0 0 
92 4293.33 4340 4093.33 4321.03 4783.59 4061.54 4495.9 4517.44 4318.97 4277.95 4416.41 4230.26 4363.08 4556.41 1601 1733 456.132 0 0 0 0 
93 4290.26 4338.46 4097.44 4321.54 4790.77 4066.15 4498.46 4508.72 4322.56 4274.87 4423.08 4226.67 4359.49 4555.38 1601 1732 456.132 0 0 0 0 
94 4295.38 4345.13 4104.62 4328.21 4798.46 4072.31 4503.59 4508.21 4320 4279.49 4424.62 4228.72 4357.95 4558.46 1600 1733 456.148 0 0 0 0 
95 4315.9 4362.56 4122.56 4348.72 4813.33 4086.15 4515.38 4524.1 4336.41 4297.95 4433.85 4246.15 4378.97 4575.38 1602 1734 456.148 0 0 0 0 
96 4336.92 4373.33 4144.62 4367.18 4830.26 4100 4523.08 4538.97 4356.92 4314.87 4447.18 4268.72 4402.05 4591.28 1601 1734 456.163 0 0 0 0 
97 4343.59 4372.82 4158.46 4367.69 4832.82 4102.56 4522.56 4539.49 4354.36 4319.49 4447.18 4277.44 4405.13 4597.44 1600 1735 456.163 0 0 0 0 
98 4343.08 4373.33 4161.54 4367.69 4828.21 4094.36 4520.51 4528.72 4343.08 4312.31 4436.92 4275.9 4398.97 4598.97 1601 1734 456.179 0 0 0 0 
