107 4291.79 4400.51 4166.15 4215.38 4685.64 3820.51 4398.97 4530.26 4357.44 4385.13 4307.69 4280.51 4616.41 4425.64 1590 1725 150.602 0 0 0 0 
108 4283.59 4414.87 4163.59 4224.62 4687.69 3819.49 4404.1 4532.31 4366.67 4383.08 4306.15 4283.08 4622.56 4427.18 1591 1722 150.618 0 0 0 0 
109 4297.44 4420 4163.59 4233.85 4700.51 3806.15 4389.23 4529.74 4365.64 4382.05 4304.62 4286.15 4628.72 4427.18 1591 1721 150.618 0 0 0 0 
110 4308.21 4417.44 4171.79 4241.03 4704.1 3804.1 4374.87 4525.13 4358.97 4381.03 4301.03 4292.31 4634.36 4428.72 1591 1721 150.633 0 0 0 0 
111 4311.79 4427.18 4173.85 4252.82 4703.59 3812.82 4379.49 4529.23 4363.59 4381.54 4294.87 4295.9 4642.05 4431.79 1592 1722 150.633 0 0 0 0 
112 4330.77 4441.03 4177.95 4270.26 4699.49 3817.95 4388.21 4537.44 4367.18 4380.51 4293.33 4304.62 4656.41 4438.97 1593 1722 150.649 0 0 0 0 
113 4348.21 4445.64 4190.26 4281.03 4704.62 3818.97 4389.23 4542.56 4367.69 4377.95 4295.38 4319.49 4667.69 4444.1 1593 1725 150.649 0 0 0 0 
114 4350.26 4450.26 4192.82 4275.9 4722.56 3828.72 4397.44 4547.69 4379.49 4387.69 4293.33 4319.49 4672.31 4440.51 1595 1725 150.665 0 0 0 0 
115 4366.67 4463.08 4205.64 4281.03 4735.9 3845.64 4412.31 4558.46 4387.69 4398.46 4295.9 4323.59 4687.69 4446.15 1595 1728 150.665 0 0 0 0 
116 4380.51 4476.92 4227.69 4312.82 4745.13 3850.77 4416.41 4566.67 4383.08 4393.85 4296.92 4345.64 4704.1 4457.95 1597 1728 150.68 0 0 0 0 
117 4363.08 4472.31 4214.36 4331.28 4748.21 3846.67 4409.23 4565.64 4381.54 4388.21 4282.05 4339.49 4696.92 4448.21 1597 1728 150.68 0 0 0 0 
118 4365.64 4469.23 4198.97 4324.1 4741.03 3847.69 4407.69 4561.03 4383.59 4390.26 4273.85 4317.44 4687.69 4431.79 1597 1730 150.696 0 0 0 0 
119 4355.38 4481.54 4214.87 4331.28 4738.97 3850.77 4410.26 4564.62 4381.03 4391.28 4284.1 4327.69 4701.03 4438.46 1597 1729 150.696 0 0 0 0 
120 4291.28 4479.49 4224.62 4344.1 4762.05 3847.18 4410.26 4571.79 4382.56 4394.36 4286.67 4342.05 4711.79 4446.15 1597 1731 150.711 0 0 0 0 
121 4282.05 4466.67 4214.36 4335.38 4759.49 3850.26 4413.85 4568.21 4385.64 4397.44 4282.05 4333.33 4704.62 4433.85 1597 1730 150.711 0 0 0 0 
122 4331.79 4470.26 4196.92 4333.33 4731.28 3856.92 4411.79 4564.62 4386.67 4391.79 4288.72 4328.72 4704.62 4429.74 1597 1730 150.727 0 0 0 0 
123 4339.49 4478.97 4183.59 4350.26 4743.08 3849.74 4403.08 4569.74 4391.28 4386.67 4297.44 4340.51 4715.9 4442.56 1597 1731 150.727 0 0 0 0 
124 4336.92 4480.51 4188.21 4348.21 4768.72 3846.15 4403.59 4572.31 4394.36 4389.23 4297.44 4348.21 4715.9 4445.13 1597 1732 150.743 0 0 0 0 
125 4361.03 4485.13 4177.44 4334.36 4760 3848.21 4404.1 4565.13 4386.67 4388.72 4291.79 4335.38 4705.64 4426.67 1598 1731 150.743 0 0 0 0 
126 4360 4480 4125.64 4334.36 4734.36 3838.46 4394.87 4553.33 4371.28 4370.26 4288.72 4317.95 4701.54 4413.85 1597 1732 150.758 0 0 0 0 
127 4346.15 4465.13 4081.54 4335.9 4724.1 3831.28 4388.72 4551.79 4364.62 4354.87 4285.13 4315.38 4697.44 4414.36 1598 1733 150.758 0 0 0 0 
128 4348.72 4456.92 4093.85 4324.62 4730.26 3828.21 4385.13 4554.87 4365.13 4361.03 4281.03 4310.77 4690.77 4409.23 1598 1733 150.774 0 0 0 0 
0 4340.51 4452.82 4108.72 4320 4735.9 3815.9 4377.44 4554.36 4361.54 4367.69 4284.62 4298.46 4690.77 4400.51 1599 1735 150.774 0 0 0 0 
1 4332.31 4453.85 4058.46 4322.05 4721.54 3811.28 4376.41 4551.79 4355.38 4356.41 4288.72 4296.41 4687.69 4401.54 1600 1734 150.789 0 0 0 0 
2 4331.28 4463.59 4000.51 4322.56 4712.31 3817.95 4378.46 4548.72 4353.85 4351.28 4287.18 4298.46 4682.05 4405.64 1600 1734 150.789 0 0 0 0 
3 4330.77 4470.77 3996.41 4318.46 4735.38 3812.82 4370.77 4548.72 4355.38 4364.1 4290.26 4291.79 4685.64 4406.15 1602 1733 150.805 0 0 0 0 
4 4330.77 4467.18 4012.82 4311.28 4742.56 3802.56 4363.59 4551.28 4353.33 4366.15 4301.54 4300.51 4690.26 4414.36 1601 1732 150.805 0 0 0 0 
5 4332.31 4458.46 4010.77 4314.36 4725.64 3808.72 4365.13 4551.79 4351.79 4362.56 4302.05 4311.28 4693.33 4423.08 1602 1730 150.821 0 0 0 0 
6 4336.41 4470.77 4011.79 4326.67 4730.77 3819.49 4368.21 4552.31 4351.79 4370.77 4298.46 4299.49 4701.03 4416.41 1601 1728 150.821 0 0 0 0 
7 4330.77 4488.72 4019.49 4325.13 4742.56 3820 4372.82 4554.36 4350.77 4370.77 4295.38 4290.26 4698.46 4409.23 1602 1727 150.836 0 0 0 0 
8 4324.1 4478.97 4018.97 4307.69 4735.38 3819.49 4378.46 4553.33 4347.69 4361.03 4292.82 4294.87 4684.62 4411.79 1600 1727 150.836 0 0 0 0 
9 4328.72 4465.64 4024.1 4302.05 4731.79 3822.05 4376.92 4550.77 4348.72 4361.54 4302.05 4295.9 4686.67 4412.82 1601 1727 150.852 0 0 0 0 
10 4338.46 4474.87 4031.79 4315.38 4735.9 3820 4370.26 4553.33 4353.85 4369.74 4306.67 4295.9 4700.51 4416.92 1600 1726 150.852 0 0 0 0 
11 4339.49 4481.54 4034.36 4309.74 4730.26 3814.36 4363.59 4551.28 4351.28 4366.67 4297.95 4303.59 4696.92 4418.46 1599 1728 150.867 0 0 0 0 
12 4328.21 4472.31 4034.36 4293.33 4723.59 3812.31 4362.56 4545.13 4341.03 4356.41 4300.51 4303.59 4684.62 4411.79 1600 1728 150.867 0 0 0 0 
13 4329.74 4470.26 4039.49 4294.36 4733.85 3813.33 4364.1 4548.72 4338.46 4357.44 4316.92 4306.15 4692.31 4418.46 1599 1728 150.883 0 0 0 0 
14 4345.13 4475.38 4049.74 4296.92 4740 3815.38 4362.05 4555.9 4342.05 4367.69 4310.26 4313.85 4703.08 4428.21 1600 1728 150.883 0 0 0 0 
15 4341.54 4473.85 4050.77 4285.64 4729.74 3815.9 4359.49 4556.92 4343.08 4371.28 4289.74 4308.21 4696.92 4418.46 1599 1729 150.899 0 0 0 0 
16 4330.77 4466.67 4046.67 4281.03 4727.18 3815.38 4361.03 4552.31 4341.03 4374.36 4292.31 4294.87 4694.36 4408.21 1599 1730 150.899 0 0 0 0 
17 4336.41 4457.95 4048.72 4285.13 4727.69 3816.92 4355.9 4546.15 4335.9 4375.9 4303.59 4293.33 4698.97 4412.82 1597 1731 150.914 0 0 0 0 
18 4336.41 4461.54 4050.26 4277.95 4728.72 3813.85 4344.62 4541.54 4328.21 4362.56 4301.54 4309.23 4690.26 4418.97 1598 1732 150.914 0 0 0 0 
19 4328.72 4473.33 4048.72 4273.33 4734.36 3808.21 4345.64 4541.54 4326.15 4356.41 4292.31 4310.26 4681.03 4415.38 1596 1732 150.93 0 0 0 0 
20 4325.64 4465.13 4043.08 4264.1 4730.77 3807.18 4349.23 4543.59 4329.23 4371.79 4291.28 4285.64 4685.64 4403.08 1595 1735 150.93 0 0 0 0 
21 4318.46 4445.13 4033.85 4233.33 4712.31 3798.46 4336.41 4539.49 4323.59 4370.77 4298.46 4272.31 4691.28 4398.46 1594 1737 150.945 0 0 0 0 
22 4309.23 4443.08 4032.82 4215.38 4700.51 3787.69 4326.15 4530.77 4313.85 4353.33 4298.46 4284.1 4681.03 4403.08 1594 1737 150.945 0 0 0 0 
23 4302.05 4439.49 4030.26 4218.46 4703.59 3790.77 4329.23 4525.13 4309.74 4354.36 4283.08 4274.87 4657.95 4395.38 1593 1738 150.961 0 0 0 0 
24 4299.49 4427.18 4020.51 4215.9 4703.59 3794.36 4327.69 4522.05 4307.18 4363.59 4277.95 4249.23 4651.28 4387.18 1594 1739 150.961 0 0 0 0 
25 4295.9 4426.15 4017.44 4197.44 4696.92 3787.69 4318.46 4515.9 4299.49 4360.51 4289.23 4248.72 4658.46 4391.79 1593 1742 150.977 0 0 0 0 
26 4286.15 4423.08 4015.38 4179.49 4686.67 3781.54 4313.33 4505.13 4288.72 4350.26 4285.13 4246.15 4645.64 4385.13 1594 1743 150.977 0 0 0 0 
27 4277.95 4412.31 4005.13 4169.74 4681.03 3775.38 4305.13 4497.44 4280 4341.03 4274.36 4227.18 4626.67 4371.79 1594 1745 150.992 0 0 0 0 
28 4269.74 4404.62 3996.41 4154.87 4673.85 3759.49 4284.62 4492.82 4272.82 4338.97 4280.51 4217.44 4629.23 4368.21 1596 1746 150.992 0 0 0 0 
29 4255.9 4396.92 3991.79 4131.79 4658.97 3743.59 4268.21 4488.21 4264.62 4335.9 4284.1 4213.85 4628.21 4361.03 1597 1746 151.008 0 0 0 0 
30 4244.62 4383.59 3984.1 4112.82 4648.21 3741.03 4272.31 4485.64 4254.36 4327.18 4283.59 4202.56 4615.9 4353.85 1598 1749 151.008 0 0 0 0 
31 4249.23 4378.46 3981.03 4102.56 4648.21 3745.13 4278.46 4483.08 4248.21 4325.64 4290.26 4198.97 4614.36 4357.95 1599 1748 151.023 0 0 0 0 
32 4252.82 4384.1 3985.64 4096.41 4651.79 3746.67 4271.79 4478.46 4248.21 4325.64 4287.18 4203.08 4610.77 4359.49 1600 1751 151.023 0 0 0 0 
33 4247.69 4385.13 3982.56 4094.36 4647.18 3743.59 4267.18 4474.36 4248.21 4320 4284.1 4197.95 4603.08 4351.79 1602 1751 151.039 0 0 0 0 
34 4247.69 4379.49 3979.49 4088.72 4636.92 3742.05 4270.26 4474.36 4242.56 4314.36 4297.44 4195.9 4602.56 4353.33 1603 1751 151.039 0 0 0 0 
35 4250.77 4373.33 3985.13 4074.36 4631.28 3738.97 4265.13 4476.41 4234.87 4311.79 4299.49 4198.46 4601.54 4360.51 1604 1751 151.055 0 0 0 0 
36 4247.18 4370.77 3982.05 4065.13 4633.33 3734.87 4253.85 4468.72 4232.31 4312.31 4284.1 4188.72 4599.49 4355.9 1605 1751 151.055 0 0 0 0 
37 4243.59 4368.21 3974.87 4061.54 4632.31 3735.9 4260.51 4460 4225.64 4312.31 4280.51 4179.49 4595.9 4349.74 1607 1752 151.07 0 0 0 0 
38 4246.67 4368.21 3977.95 4057.95 4629.74 3742.05 4270.77 4462.56 4214.36 4303.08 4284.62 4185.13 4586.15 4355.9 1607 1752 151.07 0 0 0 0 
39 4248.21 4369.23 3985.64 4057.95 4631.79 3749.74 4270.26 4469.74 4216.41 4296.92 4286.15 4189.23 4581.03 4362.56 1609 1751 151.086 0 0 0 0 
40 4250.77 4369.74 3990.26 4058.46 4632.31 3753.33 4272.31 4474.36 4230.77 4314.36 4294.36 4189.23 4592.31 4361.54 1609 1751 151.086 0 0 0 0 
41 4261.03 4376.92 3994.36 4057.95 4633.33 3754.36 4279.49 4476.92 4237.44 4330.26 4306.15 4198.97 4604.62 4370.77 1609 1752 151.101 0 0 0 0 
42 4267.18 4385.64 4000 4057.95 4636.92 3755.9 4281.03 4480 4235.9 4326.15 4303.08 4207.69 4605.13 4380 1609 1749 151.101 0 0 0 0 
43 4264.62 4390.77 4000.51 4053.33 4636.41 3757.44 4278.46 4477.95 4236.41 4325.13 4286.15 4202.05 4593.33 4371.28 1606 1749 151.117 0 0 0 0 
44 4263.59 4391.28 3995.38 4044.1 4631.79 3757.95 4277.95 4471.79 4232.82 4327.69 4283.59 4190.26 4583.59 4364.62 1607 1747 151.117 0 0 0 0 
45 4263.59 4391.79 3994.87 4037.44 4630.26 3755.9 4273.33 4464.1 4222.05 4323.08 4290.26 4182.56 4589.74 4365.13 1604 1745 151.133 0 0 0 0 
46 4268.72 4398.97 4000 4035.38 4634.36 3752.82 4269.74 4458.97 4216.41 4318.97 4290.26 4188.72 4591.79 4365.13 1604 1743 151.133 0 0 0 0 
47 4278.97 4406.67 4005.64 4036.92 4640 3760 4276.41 4459.49 4217.95 4319.49 4290.26 4201.03 4588.21 4370.77 1602 1741 151.148 0 0 0 0 
48 4282.05 4408.21 4006.15 4032.31 4641.54 3770.26 4283.08 4463.08 4217.95 4320 4295.38 4202.56 4592.82 4379.49 1601 1739 151.148 0 0 0 0 
49 4277.95 4409.23 4000.51 4024.62 4638.97 3768.21 4278.46 4469.23 4222.05 4318.46 4297.44 4197.44 4592.31 4377.44 1600 1739 151.164 0 0 0 0 
50 4276.92 4410.26 3998.97 4018.46 4638.97 3766.67 4275.38 4474.36 4231.28 4320 4295.38 4197.95 4587.69 4371.28 1599 1738 151.164 0 0 0 0 
51 4280.51 4408.72 4006.15 4010.77 4641.03 3773.33 4280 4474.87 4230.26 4325.13 4295.38 4202.56 4591.79 4373.85 1599 1737 151.179 0 0 0 0 
52 4283.08 4410.77 4007.18 4009.23 4638.46 3776.92 4281.54 4473.85 4226.67 4328.72 4292.82 4201.54 4591.28 4372.82 1598 1739 151.179 0 0 0 0 
53 4283.08 4413.33 4005.13 4013.33 4637.95 3780 4279.49 4473.85 4229.74 4323.59 4294.36 4198.46 4584.1 4370.26 1600 1739 151.195 0 0 0 0 
54 4279.49 4411.28 4004.1 4009.74 4641.54 3791.28 4286.67 4474.36 4224.1 4314.87 4297.44 4200 4587.18 4377.44 1599 1740 151.195 0 0 0 0 
55 4283.08 4413.33 4002.56 4003.59 4642.56 3799.49 4296.41 4476.41 4217.95 4311.28 4293.85 4200.51 4586.67 4381.54 1602 1738 151.211 0 0 0 0 
56 4292.82 4418.46 4005.64 4002.56 4642.56 3802.05 4297.95 4481.54 4226.15 4312.82 4291.28 4196.41 4580 4377.95 1602 1737 151.211 0 0 0 0 
57 4296.41 4425.64 4013.85 3998.97 4645.13 3804.62 4297.95 4488.21 4234.36 4311.79 4298.97 4203.59 4589.23 4385.13 1604 1737 151.226 0 0 0 0 
58 4297.95 4436.41 4017.95 3995.38 4649.23 3805.64 4298.46 4492.82 4231.79 4301.03 4302.56 4214.87 4603.59 4394.87 1604 1733 151.226 0 0 0 0 
59 4305.13 4441.03 4016.41 3998.46 4646.15 3801.03 4294.36 4484.62 4229.74 4303.08 4296.41 4212.82 4600 4392.82 1605 1732 151.242 0 0 0 0 
60 4323.59 4443.59 4022.56 4003.59 4642.05 3805.13 4295.9 4477.44 4230.77 4314.87 4296.92 4211.79 4598.46 4397.95 1606 1731 151.242 0 0 0 0 
61 4345.13 4452.82 4029.74 4006.67 4645.13 3814.36 4303.59 4484.1 4228.72 4307.18 4303.08 4217.44 4610.26 4410.77 1607 1729 151.257 0 0 0 0 
62 4365.13 4467.18 4032.31 4010.77 4647.18 3814.36 4300.51 4484.1 4227.69 4296.41 4304.62 4222.05 4620 4421.03 1609 1727 151.257 0 0 0 0 
63 4393.33 4489.23 4042.56 4020.51 4647.69 3818.46 4294.36 4477.95 4228.72 4304.62 4307.69 4236.41 4639.49 4446.15 1610 1728 151.273 0 0 0 0 
64 4428.21 4512.82 4058.97 4036.41 4648.72 3828.21 4296.41 4481.03 4224.62 4307.69 4314.87 4260.51 4671.79 4477.44 1612 1729 151.273 0 0 0 0 
65 4448.72 4521.54 4070.26 4041.03 4639.49 3824.62 4296.41 4482.56 4216.41 4293.33 4315.38 4273.33 4678.46 4489.74 1612 1731 151.289 0 0 0 0 
66 4455.9 4522.56 4071.28 4034.87 4632.31 3820.51 4296.92 4479.49 4214.87 4283.59 4309.74 4274.36 4667.18 4487.18 1615 1731 151.289 0 0 0 0 
67 4465.13 4535.38 4070.77 4040 4649.23 3835.9 4306.15 4487.69 4217.95 4289.74 4314.36 4282.05 4682.05 4492.82 1615 1732 151.304 0 0 0 0 
68 4461.54 4546.67 4073.33 4047.18 4665.64 3853.33 4315.38 4497.44 4219.49 4297.44 4318.97 4285.13 4693.85 4491.79 1616 1734 151.304 0 0 0 0 
69 4441.54 4536.41 4068.21 4033.33 4650.26 3848.72 4312.31 4490.26 4215.9 4289.74 4305.13 4273.85 4671.79 4471.28 1617 1734 151.32 0 0 0 0 
70 4427.18 4519.49 4055.9 4019.49 4630.77 3833.33 4300.51 4476.92 4211.79 4275.38 4292.31 4262.56 4655.38 4452.82 1616 1734 151.32 0 0 0 0 
71 4414.36 4515.38 4048.21 4019.49 4636.41 3833.33 4293.33 4477.44 4212.31 4282.05 4295.9 4254.87 4650.77 4444.1 1616 1734 151.335 0 0 0 0 
72 4398.46 4505.13 4046.67 4011.79 4647.69 3840.51 4297.44 4484.62 4214.87 4284.62 4299.49 4247.69 4636.92 4436.92 1615 1734 151.335 0 0 0 0 
73 4390.77 4493.85 4047.69 4007.69 4644.62 3838.46 4300.51 4484.62 4214.87 4266.67 4296.92 4253.33 4624.62 4431.79 1614 1733 151.351 0 0 0 0 
74 4384.62 4498.46 4047.69 4015.38 4634.87 3840 4296.41 4482.56 4215.9 4268.72 4301.54 4256.41 4625.13 4425.64 1612 1732 151.351 0 0 0 0 
75 4360.51 4495.38 4040.51 4002.56 4631.79 3847.18 4296.41 4480.51 4217.44 4282.05 4304.1 4237.44 4623.59 4409.23 1609 1732 151.367 0 0 0 0 
76 4341.03 4477.95 4034.87 3987.18 4633.33 3850.77 4304.1 4479.49 4215.38 4273.33 4297.95 4227.69 4611.79 4397.44 1607 1733 151.367 0 0 0 0 
77 4346.15 4472.82 4038.97 3994.36 4636.41 3857.95 4312.31 4484.62 4213.85 4267.69 4301.03 4237.44 4604.62 4405.64 1606 1732 151.382 0 0 0 0 
78 4343.08 4477.95 4040 3998.46 4638.46 3866.67 4314.36 4484.62 4215.38 4273.85 4308.72 4234.87 4601.54 4409.74 1605 1734 151.382 0 0 0 0 
79 4328.21 4477.44 4031.28 3984.62 4642.05 3865.13 4309.74 4478.97 4217.44 4266.15 4312.31 4233.33 4593.33 4402.56 1604 1735 151.398 0 0 0 0 
80 4325.13 4473.33 4026.15 3977.44 4642.05 3861.54 4302.05 4478.46 4217.95 4260 4313.33 4243.08 4583.08 4400 1604 1736 151.398 0 0 0 0 
81 4321.54 4463.08 4029.74 3977.95 4619.49 3861.03 4293.85 4478.46 4215.38 4267.69 4303.59 4232.82 4580 4393.85 1604 1737 151.413 0 0 0 0 
82 4307.18 4451.28 4027.18 3970.26 4603.59 3861.54 4296.92 4479.49 4214.87 4264.1 4295.9 4217.44 4585.13 4386.67 1604 1739 151.413 0 0 0 0 
83 4301.03 4457.44 4021.03 3972.82 4618.46 3866.67 4307.69 4486.15 4215.38 4260 4307.18 4225.13 4584.1 4392.31 1604 1737 151.429 0 0 0 0 
84 4294.36 4465.13 4014.87 3982.56 4624.1 3866.15 4299.49 4478.46 4205.64 4265.13 4304.62 4218.97 4568.72 4387.18 1603 1738 151.429 0 0 0 0 
85 4278.97 4460.51 4007.69 3972.82 4612.31 3861.03 4288.21 4467.69 4192.31 4260.51 4288.21 4193.33 4553.85 4370.26 1606 1736 151.445 0 0 0 0 
86 4283.08 4453.33 4017.44 3965.64 4616.92 3875.9 4304.1 4480 4202.56 4257.44 4301.54 4202.56 4554.87 4382.05 1605 1735 151.445 0 0 0 0 
87 4289.74 4455.38 4027.18 3973.85 4625.13 3892.31 4313.33 4494.36 4216.41 4266.15 4317.44 4224.62 4560.51 4399.49 1605 1734 151.46 0 0 0 0 
88 4285.13 4470.77 4022.05 3980.51 4615.9 3883.59 4298.46 4491.28 4206.67 4266.15 4307.69 4218.97 4554.36 4391.79 1605 1733 151.46 0 0 0 0 
89 4289.74 4474.87 4023.59 3988.72 4609.74 3878.97 4297.95 4489.23 4201.03 4258.46 4306.15 4208.21 4552.31 4388.21 1605 1734 151.476 0 0 0 0 
90 4295.9 4469.74 4031.79 4012.31 4621.03 3895.38 4315.38 4501.03 4214.36 4267.18 4314.36 4214.36 4554.87 4401.03 1605 1733 151.476 0 0 0 0 
91 4297.95 4489.74 4034.36 4024.1 4634.87 3913.85 4326.67 4511.28 4222.05 4282.05 4310.77 4229.23 4550.26 4410.26 1605 1733 151.491 0 0 0 0 
92 4306.67 4504.62 4043.59 4004.1 4633.85 3921.03 4329.23 4507.69 4216.92 4282.56 4308.72 4232.31 4550.26 4406.67 1605 1734 151.491 0 0 0 0 
93 4306.15 4490.77 4051.28 4003.59 4629.23 3915.38 4324.62 4504.62 4216.41 4280.51 4311.79 4217.95 4556.41 4408.21 1605 1736 151.507 0 0 0 0 
94 4292.31 4495.9 4037.44 4049.23 4647.69 3916.41 4324.1 4511.28 4220 4290.26 4313.33 4216.41 4557.44 4420.51 1606 1736 151.507 0 0 0 0 
95 4289.74 4528.72 4026.67 4085.13 4662.05 3923.59 4329.23 4511.79 4219.49 4295.9 4312.31 4230.26 4556.92 4423.08 1604 1739 151.523 0 0 0 0 
96 4289.23 4527.69 4036.41 4078.46 4648.21 3922.05 4329.74 4504.62 4217.44 4287.18 4308.21 4227.18 4554.36 4415.38 1605 1740 151.523 0 0 0 0 
97 4290.77 4506.15 4053.33 4069.74 4643.59 3927.69 4332.82 4510.77 4225.13 4289.74 4311.28 4228.72 4553.85 4424.1 1603 1741 151.538 0 0 0 0 
98 4297.95 4507.18 4063.08 4075.38 4649.74 3943.59 4338.97 4520 4235.38 4300.51 4315.9 4246.67 4559.49 4433.33 1604 1744 151.538 0 0 0 0 
99 4296.92 4523.08 4050.26 4078.97 4646.15 3942.56 4338.97 4515.9 4232.31 4297.95 4310.77 4247.18 4568.21 4426.15 1603 1743 151.554 0 0 0 0 
100 4294.36 4547.69 4027.69 4099.49 4651.79 3937.44 4341.03 4516.92 4235.38 4301.03 4314.87 4246.67 4570.77 4431.79 1601 1745 151.554 0 0 0 0 
101 4303.59 4546.67 4033.85 4115.9 4666.15 3950.77 4349.74 4528.72 4248.72 4319.49 4327.69 4266.15 4568.21 4447.69 1602 1745 151.569 0 0 0 0 
102 4311.28 4523.59 4055.38 4095.38 4666.67 3955.9 4349.23 4534.36 4251.28 4324.62 4328.21 4273.85 4577.95 4448.21 1600 1745 151.569 0 0 0 0 
103 4310.26 4569.23 4054.36 4087.18 4672.31 3951.28 4345.64 4532.82 4252.31 4317.95 4322.56 4262.56 4601.03 4441.03 1599 1746 151.585 0 0 0 0 
104 4313.85 4668.21 4053.33 4117.44 4685.13 3963.08 4361.03 4537.95 4262.56 4327.69 4326.67 4268.21 4614.36 4446.15 1598 1746 151.585 0 0 0 0 
105 4327.69 4702.56 4069.23 4139.49 4692.82 3980 4378.97 4550.26 4273.85 4345.64 4329.23 4290.26 4615.9 4459.49 1598 1746 151.601 0 0 0 0 
