30 4424.1 4489.74 4298.46 4337.44 4891.79 4057.44 4604.1 4637.44 4425.13 4394.87 4429.23 4363.08 4650.26 4543.08 1603 1736 49.124 0 0 0 0 
31 4425.64 4493.33 4306.15 4340 4894.36 4063.08 4605.64 4639.49 4426.15 4394.87 4426.67 4364.62 4648.72 4552.31 1602 1737 49.14 0 0 0 0 
32 4427.69 4492.82 4306.67 4343.08 4896.41 4064.62 4607.69 4641.03 4425.64 4393.85 4425.64 4367.18 4648.72 4551.79 1603 1736 49.14 0 0 0 0 
33 4428.21 4493.33 4302.56 4344.1 4901.03 4065.64 4611.79 4641.54 4424.62 4395.38 4434.36 4367.18 4651.28 4546.15 1601 1736 49.155 0 0 0 0 
34 4427.69 4493.33 4306.15 4344.1 4902.56 4067.18 4615.38 4643.08 4420.51 4395.38 4444.1 4368.72 4653.33 4546.15 1602 1737 49.155 0 0 0 0 
35 4431.28 4492.31 4307.69 4343.59 4898.46 4065.13 4614.36 4644.1 4419.49 4390.77 4444.62 4370.26 4651.79 4550.77 1602 1735 49.171 0 0 0 0 
36 4432.82 4492.82 4304.1 4342.05 4894.36 4058.97 4608.21 4641.54 4423.59 4390.26 4441.03 4367.18 4648.21 4551.28 1601 1736 49.171 0 0 0 0 
37 4428.72 4492.31 4305.13 4342.05 4894.36 4054.36 4602.56 4640.51 4427.69 4392.82 4437.95 4365.13 4648.72 4544.62 1600 1737 49.186 0 0 0 0 
38 4425.64 4490.26 4305.13 4338.46 4895.38 4057.44 4602.05 4641.03 4429.23 4393.33 4433.85 4367.69 4648.72 4543.59 1601 1736 49.186 0 0 0 0 
39 4427.18 4488.72 4301.54 4336.41 4893.33 4061.03 4603.08 4640.51 4422.56 4392.82 4429.23 4370.77 4645.13 4547.18 1600 1735 49.202 0 0 0 0 
40 4430.26 4491.79 4302.56 4340.51 4892.31 4060 4602.56 4643.59 4415.9 4392.82 4429.74 4372.82 4647.69 4544.62 1599 1737 49.202 0 0 0 0 
41 4429.23 4492.82 4306.15 4341.54 4893.85 4057.95 4598.46 4644.1 4412.82 4389.74 4430.26 4373.85 4649.74 4544.1 1600 1736 49.218 0 0 0 0 
42 4430.26 4494.87 4306.15 4336.92 4892.31 4055.9 4594.36 4632.82 4405.64 4382.05 4428.72 4371.79 4648.21 4551.79 1599 1737 49.218 0 0 0 0 
43 4438.46 4501.54 4306.15 4339.49 4893.85 4056.92 4597.95 4629.74 4404.1 4381.54 4435.9 4374.36 4652.82 4555.38 1599 1736 49.233 0 0 0 0 
44 4448.21 4506.15 4311.28 4346.67 4898.46 4060 4608.72 4636.41 4409.23 4390.26 4445.64 4381.54 4662.56 4556.41 1599 1736 49.233 0 0 0 0 
45 4447.18 4506.67 4313.33 4346.67 4900 4058.97 4611.28 4635.9 4408.72 4396.41 4442.56 4382.56 4663.08 4558.46 1599 1735 49.249 0 0 0 0 
46 4441.03 4504.1 4309.23 4342.56 4902.05 4063.59 4609.23 4633.85 4402.05 4392.31 4435.9 4377.95 4657.95 4549.23 1600 1735 49.249 0 0 0 0 
47 4437.44 4497.95 4303.59 4338.46 4902.56 4069.23 4612.31 4635.9 4397.95 4382.56 4433.85 4371.28 4650.26 4535.9 1599 1735 49.264 0 0 0 0 
48 4431.28 4491.79 4295.38 4334.87 4896.92 4065.64 4612.31 4637.44 4395.9 4376.41 4427.69 4361.54 4636.92 4529.74 1600 1734 49.264 0 0 0 0 
49 4425.64 4490.26 4292.31 4333.33 4891.79 4062.05 4606.15 4639.49 4395.38 4380 4425.13 4357.44 4634.36 4532.31 1600 1735 49.28 0 0 0 0 
50 4430.77 4489.74 4300.51 4333.85 4892.31 4060 4601.54 4641.54 4398.46 4391.79 4429.74 4366.67 4645.64 4538.97 1601 1735 49.28 0 0 0 0 
51 4443.59 4493.85 4309.74 4340.51 4893.85 4057.95 4602.56 4640 4400.51 4399.49 4431.79 4378.97 4654.87 4543.59 1601 1735 49.296 0 0 0 0 
52 4448.72 4498.46 4308.21 4343.59 4892.31 4059.49 4603.08 4634.87 4398.97 4396.92 4430.26 4378.46 4654.87 4544.62 1601 1735 49.296 0 0 0 0 
53 4437.95 4495.38 4301.54 4336.92 4892.31 4059.49 4602.05 4630.26 4396.41 4393.85 4429.74 4369.23 4649.23 4541.03 1600 1736 49.311 0 0 0 0 
54 4432.82 4490.26 4299.49 4333.33 4892.82 4054.36 4603.59 4632.82 4394.87 4394.36 4429.74 4367.18 4645.13 4537.44 1602 1735 49.311 0 0 0 0 
55 4440 4490.77 4301.54 4335.9 4892.82 4055.38 4607.18 4638.46 4392.82 4390.77 4429.23 4366.67 4642.56 4539.49 1602 1734 49.327 0 0 0 0 
56 4437.95 4490.26 4298.97 4329.74 4890.77 4054.36 4606.15 4634.36 4388.21 4381.54 4426.15 4358.97 4637.95 4537.95 1601 1736 49.327 0 0 0 0 
57 4426.67 4489.23 4297.95 4323.08 4887.18 4047.69 4597.44 4628.21 4387.18 4380 4431.79 4356.92 4634.36 4532.31 1602 1734 49.342 0 0 0 0 
58 4428.72 4491.28 4302.05 4332.31 4889.23 4052.82 4598.97 4635.9 4394.36 4393.33 4443.59 4365.64 4642.56 4538.46 1602 1735 49.342 0 0 0 0 
59 4434.87 4492.31 4302.05 4337.95 4893.85 4056.41 4604.1 4644.62 4398.46 4401.03 4440.51 4367.69 4647.69 4540.51 1601 1734 49.358 0 0 0 0 
60 4428.21 4491.28 4295.38 4328.72 4888.21 4045.64 4595.38 4635.38 4391.28 4390.77 4427.69 4357.44 4635.9 4527.18 1600 1734 49.358 0 0 0 0 
61 4421.54 4485.13 4291.79 4324.1 4878.97 4042.05 4589.74 4627.18 4382.05 4381.54 4427.18 4348.21 4628.21 4522.05 1600 1733 49.374 0 0 0 0 
62 4423.08 4481.54 4294.87 4326.67 4881.03 4050.26 4597.44 4631.79 4383.08 4386.67 4432.31 4350.26 4632.82 4532.82 1600 1734 49.374 0 0 0 0 
63 4426.15 4488.21 4296.41 4327.69 4886.67 4053.33 4603.08 4637.44 4390.77 4392.31 4432.31 4358.46 4637.44 4540.51 1600 1733 49.389 0 0 0 0 
64 4426.15 4489.74 4295.38 4328.21 4889.23 4051.28 4602.05 4637.95 4390.77 4388.72 4432.82 4360.51 4634.87 4536.41 1600 1735 49.389 0 0 0 0 
65 4420.51 4478.46 4294.87 4328.21 4887.18 4050.26 4601.03 4634.36 4382.56 4384.1 4432.31 4354.36 4632.82 4529.74 1599 1734 49.405 0 0 0 0 
66 4415.38 4472.31 4289.23 4318.46 4880.51 4045.13 4596.41 4630.26 4380.51 4381.54 4430.77 4349.23 4632.82 4524.1 1599 1736 49.405 0 0 0 0 
67 4412.31 4474.87 4283.59 4309.23 4875.38 4038.97 4590.26 4630.26 4380.51 4375.9 4430.26 4348.72 4630.26 4521.54 1599 1735 49.42 0 0 0 0 
68 4410.26 4473.85 4282.56 4312.31 4877.44 4037.44 4588.21 4630.26 4373.85 4367.69 4427.69 4344.62 4621.03 4521.54 1599 1736 49.42 0 0 0 0 
69 4411.28 4472.31 4283.59 4319.49 4877.44 4043.08 4589.23 4631.79 4372.31 4365.13 4426.67 4341.54 4618.46 4521.03 1599 1736 49.436 0 0 0 0 
70 4412.31 4473.33 4286.15 4318.97 4877.44 4047.69 4594.87 4634.36 4379.49 4371.28 4430.77 4346.67 4629.23 4522.56 1599 1737 49.436 0 0 0 0 
71 4409.74 4474.36 4285.13 4314.87 4881.54 4047.18 4596.92 4632.31 4383.59 4374.87 4430.26 4351.79 4634.87 4523.59 1600 1735 49.452 0 0 0 0 
72 4405.13 4476.41 4284.1 4313.85 4881.54 4045.13 4591.28 4631.79 4383.08 4373.85 4422.56 4349.74 4630.77 4524.1 1599 1737 49.452 0 0 0 0 
73 4397.95 4474.87 4283.59 4310.77 4876.41 4041.03 4586.67 4634.36 4379.49 4371.79 4422.56 4343.59 4631.79 4521.03 1600 1737 49.467 0 0 0 0 
74 4391.28 4471.79 4278.46 4309.74 4876.41 4041.03 4588.21 4631.79 4374.87 4368.21 4428.21 4339.49 4633.85 4515.38 1599 1736 49.467 0 0 0 0 
75 4391.28 4477.44 4276.92 4313.85 4883.08 4047.69 4590.77 4628.72 4376.41 4365.13 4428.21 4338.97 4630.26 4513.85 1599 1737 49.483 0 0 0 0 
76 4400 4486.67 4284.1 4320.51 4882.56 4048.72 4593.33 4631.79 4383.08 4370.77 4432.31 4344.62 4633.33 4521.54 1600 1736 49.483 0 0 0 0 
77 4409.23 4488.72 4289.74 4324.1 4878.46 4045.64 4597.44 4635.9 4383.59 4376.92 4437.44 4350.26 4641.54 4531.28 1599 1737 49.498 0 0 0 0 
78 4420.51 4490.77 4291.79 4324.1 4878.97 4045.13 4592.31 4635.9 4384.62 4371.28 4434.87 4356.41 4647.18 4540 1600 1736 49.514 0 0 0 0 
79 4435.9 4498.97 4296.41 4326.67 4878.46 4043.08 4584.62 4631.79 4388.21 4366.67 4435.9 4366.67 4657.95 4554.36 1600 1737 49.514 0 0 0 0 
80 4460 4517.44 4304.62 4336.92 4876.92 4040 4586.15 4625.64 4384.1 4364.62 4437.95 4374.36 4672.82 4569.74 1600 1735 49.514 0 0 0 0 
81 4489.23 4536.41 4311.79 4348.72 4877.95 4035.38 4584.1 4621.54 4380 4362.56 4436.41 4378.97 4688.72 4587.69 1600 1736 49.53 0 0 0 0 
82 4507.69 4544.1 4316.92 4351.79 4877.95 4034.36 4575.9 4619.49 4385.64 4362.05 4439.49 4388.21 4702.05 4606.67 1601 1735 49.53 0 0 0 0 
83 4516.92 4549.74 4321.03 4351.79 4875.9 4037.95 4578.97 4617.95 4390.77 4361.03 4442.05 4398.97 4709.23 4611.28 1600 1736 49.545 0 0 0 0 
84 4525.13 4551.79 4322.56 4348.72 4869.74 4032.82 4580.51 4613.33 4386.67 4356.92 4431.79 4401.54 4708.21 4606.67 1601 1735 49.561 0 0 0 0 
85 4527.18 4545.64 4321.03 4343.08 4860.51 4022.56 4576.92 4612.82 4381.54 4354.36 4424.1 4399.49 4704.1 4605.13 1601 1735 49.561 0 0 0 0 
86 4522.56 4546.67 4318.46 4346.15 4858.97 4023.59 4578.46 4614.36 4382.56 4355.38 4428.72 4399.49 4708.21 4604.62 1600 1737 49.561 0 0 0 0 
87 4525.64 4560 4323.59 4354.87 4868.21 4032.31 4580 4609.74 4389.23 4359.49 4432.31 4402.56 4715.38 4604.62 1602 1735 49.576 0 0 0 0 
88 4526.67 4557.95 4328.21 4353.85 4870.77 4030.77 4572.31 4604.62 4394.36 4364.62 4432.82 4403.59 4711.28 4600.51 1600 1737 49.592 0 0 0 0 
89 4508.21 4540 4316.41 4343.08 4862.56 4020.51 4566.15 4603.59 4389.23 4358.46 4429.23 4394.36 4694.87 4582.56 1602 1737 49.592 0 0 0 0 
90 4491.79 4537.95 4308.72 4338.97 4857.95 4016.92 4569.23 4605.64 4386.15 4355.38 4427.18 4382.05 4683.08 4566.15 1601 1737 49.608 0 0 0 0 
91 4489.74 4540.51 4310.77 4341.03 4862.05 4025.64 4575.38 4612.31 4393.85 4367.18 4430.26 4381.03 4680.51 4562.56 1602 1737 49.608 0 0 0 0 
92 4481.54 4531.28 4305.64 4337.44 4864.62 4031.79 4577.95 4620 4401.03 4376.41 4430.77 4382.56 4673.33 4558.46 1600 1736 49.608 0 0 0 0 
93 4466.67 4522.05 4297.44 4329.74 4863.59 4028.21 4574.36 4616.41 4397.95 4373.85 4427.18 4374.36 4664.62 4548.72 1602 1736 49.623 0 0 0 0 
94 4454.87 4517.95 4294.36 4328.21 4863.59 4026.15 4566.67 4610.26 4401.03 4369.74 4426.67 4363.59 4662.56 4540.51 1601 1735 49.639 0 0 0 0 
95 4442.56 4511.79 4291.79 4328.21 4862.05 4026.67 4563.08 4616.92 4408.72 4372.31 4428.72 4356.92 4658.46 4534.36 1601 1736 49.639 0 0 0 0 
96 4425.64 4502.56 4283.59 4318.46 4860 4021.03 4562.05 4616.41 4405.13 4372.82 4423.08 4346.67 4644.62 4521.54 1601 1734 49.639 0 0 0 0 
97 4407.69 4491.79 4272.82 4308.72 4860.51 4018.97 4568.21 4604.1 4395.9 4366.15 4415.38 4330.26 4629.23 4507.18 1600 1736 49.654 0 0 0 0 
98 4395.9 4481.03 4265.64 4306.67 4858.97 4024.1 4572.31 4604.1 4394.87 4360.51 4416.92 4321.54 4617.95 4496.92 1601 1734 49.67 0 0 0 0 
99 4393.33 4481.54 4267.18 4308.21 4860 4029.23 4568.72 4616.41 4403.59 4366.67 4425.13 4327.69 4613.85 4494.87 1600 1736 49.67 0 0 0 0 
100 4395.38 4488.72 4274.87 4311.28 4868.72 4033.85 4572.31 4620 4413.85 4378.46 4428.21 4337.95 4623.08 4502.05 1600 1735 49.686 0 0 0 0 
101 4391.79 4485.13 4272.82 4311.79 4870.26 4030.77 4572.82 4615.9 4415.9 4377.44 4422.56 4336.41 4627.18 4504.62 1600 1735 49.686 0 0 0 0 
102 4382.05 4476.41 4266.15 4305.13 4861.54 4018.46 4558.46 4616.92 4408.72 4371.79 4420.51 4327.18 4617.95 4493.33 1600 1735 49.686 0 0 0 0 
103 4378.97 4475.38 4268.72 4303.59 4859.49 4019.49 4557.95 4620 4409.23 4376.41 4425.64 4325.13 4614.36 4488.21 1599 1734 49.701 0 0 0 0 
104 4376.92 4475.9 4269.74 4303.59 4864.1 4032.82 4572.82 4617.95 4414.87 4382.05 4428.21 4329.23 4618.46 4493.33 1601 1735 49.717 0 0 0 0 
105 4369.23 4470.77 4263.08 4297.44 4861.03 4033.85 4575.38 4615.9 4412.82 4378.46 4425.64 4325.13 4615.38 4491.28 1600 1735 49.717 0 0 0 0 
106 4367.69 4469.74 4260.51 4297.44 4857.95 4027.69 4573.33 4620 4410.77 4378.46 4426.67 4322.05 4614.87 4489.74 1600 1736 49.732 0 0 0 0 
107 4367.69 4471.28 4262.56 4300.51 4860 4026.67 4577.95 4622.05 4412.82 4381.54 4428.72 4327.18 4616.92 4493.85 1600 1736 49.732 0 0 0 0 
108 4361.03 4464.62 4262.05 4295.9 4858.97 4027.69 4576.41 4617.44 4409.74 4376.92 4427.69 4324.62 4609.23 4494.36 1600 1738 49.748 0 0 0 0 
109 4351.79 4456.92 4256.41 4291.28 4856.41 4025.64 4572.82 4613.85 4403.08 4370.77 4426.15 4314.87 4601.54 4491.79 1601 1736 49.748 0 0 0 0 
110 4350.77 4455.38 4249.23 4290.77 4854.36 4023.08 4573.85 4614.36 4402.05 4367.18 4428.72 4308.72 4598.46 4491.79 1599 1738 49.764 0 0 0 0 
111 4351.28 4460.51 4250.77 4290.26 4857.44 4029.23 4576.41 4623.59 4407.69 4367.69 4439.49 4309.23 4598.97 4498.97 1601 1737 49.764 0 0 0 0 
112 4351.28 4469.23 4258.46 4293.85 4861.54 4036.41 4582.05 4633.85 4413.85 4376.92 4447.69 4314.36 4603.08 4509.23 1600 1737 49.779 0 0 0 0 
113 4351.79 4466.67 4255.9 4294.87 4861.03 4030.26 4581.54 4629.74 4414.36 4380.51 4438.46 4315.38 4603.59 4509.23 1600 1737 49.779 0 0 0 0 
114 4351.79 4456.41 4246.15 4290.77 4857.95 4018.97 4571.79 4623.08 4411.28 4372.82 4431.28 4310.26 4598.97 4506.67 1601 1736 49.795 0 0 0 0 
115 4355.38 4458.46 4251.28 4294.36 4858.97 4018.97 4567.69 4625.13 4412.31 4369.74 4438.46 4312.31 4600 4517.95 1600 1737 49.795 0 0 0 0 
116 4358.46 4463.08 4262.56 4297.44 4861.03 4019.49 4575.9 4624.62 4413.33 4370.26 4438.97 4317.95 4603.59 4525.64 1600 1736 49.81 0 0 0 0 
117 4355.9 4452.82 4260 4295.9 4860 4012.82 4579.49 4618.97 4411.79 4366.67 4429.74 4318.46 4603.08 4525.64 1600 1736 49.81 0 0 0 0 
118 4354.36 4442.56 4256.92 4294.87 4858.97 4013.85 4576.41 4617.95 4409.74 4362.56 4428.21 4316.92 4600 4527.69 1601 1735 49.826 0 0 0 0 
119 4356.41 4442.56 4261.54 4293.85 4858.46 4018.46 4575.38 4617.95 4406.15 4359.49 4430.26 4314.36 4592.82 4528.72 1601 1735 49.826 0 0 0 0 
120 4358.97 4443.59 4263.59 4293.33 4858.97 4014.87 4573.85 4616.92 4405.64 4361.03 4427.69 4314.87 4593.85 4530.26 1601 1734 49.842 0 0 0 0 
121 4357.95 4444.1 4258.46 4295.38 4857.44 4011.79 4570.77 4620.51 4411.28 4365.64 4426.15 4320.51 4600.51 4537.44 1601 1735 49.842 0 0 0 0 
122 4356.92 4444.62 4255.38 4292.82 4856.41 4015.9 4571.79 4622.05 4412.82 4366.15 4427.69 4319.49 4597.95 4541.03 1601 1734 49.857 0 0 0 0 
123 4357.95 4445.13 4258.46 4288.72 4856.92 4016.41 4572.82 4623.08 4408.21 4365.13 4426.67 4316.41 4594.87 4536.92 1601 1735 49.857 0 0 0 0 
124 4356.92 4443.59 4258.97 4287.69 4852.82 4010.77 4571.28 4622.05 4408.21 4362.05 4424.62 4318.97 4595.9 4536.92 1600 1735 49.873 0 0 0 0 
125 4351.28 4438.97 4251.28 4282.56 4844.1 4011.28 4574.87 4619.49 4409.74 4356.41 4424.1 4314.36 4590.77 4537.95 1600 1736 49.873 0 0 0 0 
126 4347.69 4435.9 4248.21 4278.46 4845.64 4015.38 4575.9 4616.92 4408.72 4354.36 4425.64 4308.21 4582.56 4534.87 1601 1735 49.888 0 0 0 0 
127 4351.28 4441.54 4253.85 4286.15 4856.92 4014.36 4568.21 4613.85 4410.26 4358.46 4427.18 4313.33 4589.23 4539.49 1600 1736 49.888 0 0 0 0 
128 4354.87 4445.64 4259.49 4295.9 4860.51 4014.87 4569.23 4614.87 4412.31 4358.46 4427.18 4315.38 4597.95 4545.64 1600 1735 49.904 0 0 0 0 
0 4351.28 4444.1 4258.97 4295.9 4861.03 4022.05 4580 4617.95 4413.33 4356.92 4427.69 4310.77 4592.31 4544.62 1598 1737 49.904 0 0 0 0 
1 4346.67 4441.54 4252.31 4289.23 4861.54 4022.56 4577.44 4617.44 4412.31 4356.41 4428.72 4309.23 4587.18 4540.51 1600 1736 49.92 0 0 0 0 
2 4340.51 4434.36 4243.59 4280 4849.74 4006.15 4560 4611.79 4403.59 4350.26 4426.67 4302.05 4584.1 4537.44 1600 1736 49.92 0 0 0 0 
3 4335.38 4427.69 4239.49 4275.38 4840 3996.92 4552.82 4611.28 4396.92 4346.15 4428.21 4294.36 4578.46 4536.41 1599 1737 49.935 0 0 0 0 
4 4336.41 4427.69 4243.59 4276.41 4844.1 4004.1 4562.05 4615.38 4401.03 4349.23 4429.23 4294.87 4575.38 4537.44 1599 1736 49.935 0 0 0 0 
5 4337.44 4427.69 4243.08 4276.41 4845.13 4005.64 4561.54 4610.77 4400 4345.64 4425.13 4295.38 4574.87 4535.9 1599 1737 49.951 0 0 0 0 
6 4335.38 4423.59 4237.95 4272.82 4838.97 3998.46 4549.74 4604.62 4395.9 4339.49 4422.05 4293.85 4576.41 4537.44 1599 1737 49.951 0 0 0 0 
7 4340.51 4425.13 4246.67 4275.38 4840 4004.1 4554.87 4610.26 4407.69 4351.28 4427.69 4303.08 4584.62 4546.15 1600 1737 49.966 0 0 0 0 
8 4352.31 4437.44 4258.46 4288.21 4851.79 4014.87 4569.74 4618.97 4418.46 4366.67 4437.44 4318.46 4597.95 4554.36 1600 1736 49.966 0 0 0 0 
9 4359.49 4445.64 4259.49 4295.9 4858.97 4013.85 4571.79 4615.9 4412.31 4366.67 4441.54 4325.13 4601.54 4557.95 1599 1738 49.982 0 0 0 0 
10 4364.1 4445.64 4264.1 4295.38 4857.95 4015.38 4571.79 4617.44 4412.82 4363.59 4441.03 4327.18 4597.95 4558.97 1601 1736 49.982 0 0 0 0 
11 4372.31 4446.67 4271.28 4301.03 4864.1 4028.21 4581.54 4628.72 4425.64 4371.79 4442.56 4333.85 4603.08 4560.51 1600 1737 49.998 0 0 0 0 
12 4382.05 4458.97 4278.46 4311.79 4876.41 4038.46 4589.23 4636.92 4436.92 4387.18 4446.67 4345.13 4617.44 4567.69 1601 1736 49.998 0 0 0 0 
13 4387.69 4471.28 4284.62 4316.92 4881.54 4041.03 4589.23 4639.49 4442.05 4393.85 4446.15 4352.31 4627.69 4572.31 1602 1736 50.013 0 0 0 0 
14 4386.15 4467.18 4284.62 4317.44 4882.05 4042.05 4588.21 4641.54 4442.56 4389.74 4441.03 4351.79 4626.15 4570.77 1603 1736 50.013 0 0 0 0 
15 4385.13 4463.59 4284.1 4319.49 4882.56 4047.69 4592.82 4647.18 4444.1 4394.36 4442.05 4351.79 4628.21 4573.33 1602 1735 50.029 0 0 0 0 
16 4387.69 4468.21 4284.1 4318.97 4881.03 4049.23 4598.97 4645.13 4445.13 4398.97 4445.13 4353.33 4631.28 4576.92 1601 1736 50.029 0 0 0 0 
17 4386.15 4464.1 4281.03 4313.85 4880 4041.54 4594.36 4634.87 4443.08 4390.26 4443.08 4348.72 4626.15 4571.28 1602 1736 50.044 0 0 0 0 
18 4381.03 4455.9 4277.95 4310.26 4877.44 4038.46 4584.62 4631.28 4442.05 4385.64 4441.03 4342.05 4621.03 4567.18 1602 1735 50.044 0 0 0 0 
19 4382.05 4457.95 4279.49 4310.26 4874.36 4045.13 4585.13 4634.87 4446.15 4390.26 4442.05 4346.67 4624.62 4572.31 1601 1736 50.06 0 0 0 0 
20 4388.72 4461.03 4277.44 4308.72 4874.36 4046.67 4588.72 4634.87 4446.15 4389.74 4443.59 4349.23 4629.74 4574.36 1601 1736 50.06 0 0 0 0 
21 4389.23 4456.41 4270.77 4305.64 4874.87 4042.56 4585.13 4634.36 4443.08 4386.67 4444.62 4343.59 4627.18 4571.79 1602 1734 50.076 0 0 0 0 
22 4386.15 4457.95 4272.31 4308.21 4875.38 4045.64 4587.18 4637.95 4443.59 4390.77 4443.59 4344.62 4626.67 4573.85 1600 1736 50.076 0 0 0 0 
23 4384.1 4459.49 4276.92 4309.74 4876.92 4047.69 4590.26 4635.9 4445.13 4395.38 4438.46 4347.18 4631.28 4575.9 1601 1736 50.091 0 0 0 0 
24 4384.62 4458.46 4275.38 4307.69 4875.38 4049.23 4585.64 4632.82 4443.59 4396.92 4433.33 4345.13 4632.82 4576.92 1601 1736 50.091 0 0 0 0 
25 4386.15 4460.51 4272.82 4309.23 4875.9 4058.97 4585.64 4632.31 4443.59 4395.38 4431.28 4344.62 4627.69 4576.92 1600 1736 50.107 0 0 0 0 
26 4385.13 4461.03 4273.33 4311.79 4880 4066.15 4594.87 4630.77 4445.13 4391.28 4429.23 4345.13 4622.05 4574.87 1600 1735 50.107 0 0 0 0 
27 4383.59 4460 4275.38 4312.31 4880 4062.56 4594.87 4632.31 4441.03 4389.74 4427.69 4342.05 4620 4571.28 1600 1737 50.122 0 0 0 0 
28 4384.62 4459.49 4275.9 4309.23 4870.26 4052.31 4581.54 4629.23 4432.82 4389.23 4427.18 4341.03 4618.97 4569.74 1600 1735 50.122 0 0 0 0 
