25 4167.69 4172.31 4102.05 4086.67 4719.49 3850.26 4360.51 4601.54 4257.95 4202.56 4373.33 4232.31 4406.15 4273.85 1603 1732 0.093 0 0 0 0 
26 4157.95 4167.18 4095.9 4082.05 4713.85 3852.82 4366.15 4602.05 4260.51 4202.56 4380 4231.79 4403.08 4267.18 1605 1733 0.109 0 0 0 0 
27 4151.28 4163.08 4098.46 4078.97 4720.51 3857.44 4373.33 4611.79 4270.26 4212.31 4381.54 4237.95 4409.23 4270.77 1604 1734 0.109 0 0 0 0 
28 4143.59 4158.46 4100 4076.41 4723.08 3857.44 4371.28 4611.79 4269.23 4211.79 4376.92 4236.41 4397.44 4258.97 1605 1736 0.124 0 0 0 0 
29 4134.36 4153.33 4095.9 4074.87 4716.92 3857.95 4369.74 4606.15 4262.56 4207.18 4375.9 4229.74 4387.69 4244.1 1604 1737 0.124 0 0 0 0 
30 4133.33 4156.92 4098.97 4080 4721.54 3868.21 4381.03 4614.87 4272.31 4212.82 4378.46 4234.36 4398.97 4248.21 1605 1739 0.14 0 0 0 0 
31 4137.44 4161.54 4106.67 4086.15 4729.74 3876.92 4392.82 4627.18 4288.72 4224.1 4384.62 4243.59 4405.64 4254.36 1604 1738 0.14 0 0 0 0 
32 4134.36 4162.56 4106.67 4085.13 4725.64 3873.85 4385.64 4626.67 4289.23 4228.72 4387.69 4241.03 4400.51 4249.23 1604 1740 0.156 0 0 0 0 
33 4131.28 4165.13 4102.56 4085.64 4723.59 3871.28 4377.95 4620.51 4281.03 4225.64 4382.05 4236.92 4397.44 4245.13 1605 1739 0.156 0 0 0 0 
34 4132.82 4163.08 4103.59 4089.23 4731.28 3882.05 4398.97 4624.62 4282.56 4224.1 4382.05 4241.03 4398.97 4248.72 1604 1740 0.171 0 0 0 0 
35 4131.79 4155.9 4105.13 4087.69 4731.79 3886.67 4409.74 4635.38 4289.74 4227.18 4389.23 4242.56 4403.59 4248.72 1604 1741 0.171 0 0 0 0 
36 4126.15 4153.85 4100 4083.59 4726.67 3875.38 4390.26 4632.31 4285.13 4222.56 4385.13 4236.41 4401.54 4243.08 1604 1740 0.187 0 0 0 0 
37 4127.69 4160 4101.03 4089.23 4731.79 3878.46 4389.74 4627.69 4286.15 4226.15 4382.56 4240 4403.08 4247.18 1604 1740 0.187 0 0 0 0 
38 4140 4171.28 4114.87 4104.62 4743.08 3891.79 4401.03 4638.46 4305.13 4250.26 4395.38 4254.36 4424.62 4264.1 1603 1739 0.202 0 0 0 0 
39 4149.74 4177.44 4122.56 4111.28 4746.15 3892.82 4398.46 4653.33 4318.46 4261.54 4402.05 4256.92 4436.92 4272.31 1605 1739 0.202 0 0 0 0 
40 4144.62 4173.33 4114.36 4104.62 4743.08 3898.97 4413.85 4653.33 4309.23 4247.69 4392.31 4247.69 4426.15 4264.62 1604 1738 0.218 0 0 0 0 
41 4143.59 4174.36 4113.33 4106.15 4744.62 3909.74 4430.77 4644.1 4298.97 4244.1 4389.74 4247.18 4425.64 4268.72 1604 1738 0.218 0 0 0 0 
42 4161.54 4191.79 4129.23 4123.59 4749.74 3904.1 4411.79 4647.69 4309.23 4262.56 4399.49 4259.49 4443.59 4290.77 1604 1735 0.234 0 0 0 0 
43 4180.51 4200 4137.44 4131.79 4753.33 3895.9 4401.03 4660 4320 4267.69 4400.51 4264.62 4449.74 4306.67 1604 1735 0.234 0 0 0 0 
44 4191.79 4200 4134.36 4130.26 4752.82 3905.64 4420.51 4667.69 4316.92 4254.36 4396.92 4259.49 4448.21 4316.92 1605 1731 0.249 0 0 0 0 
45 4207.69 4211.79 4142.05 4140.51 4756.41 3917.95 4431.28 4664.1 4315.38 4258.46 4403.59 4264.1 4464.62 4337.95 1603 1728 0.249 0 0 0 0 
46 4228.21 4225.13 4152.31 4152.82 4760 3913.33 4428.21 4651.79 4313.33 4264.62 4407.69 4268.72 4475.9 4357.95 1605 1725 0.265 0 0 0 0 
47 4248.21 4233.33 4154.36 4157.95 4757.95 3907.18 4428.72 4659.49 4313.85 4256.92 4404.1 4264.1 4468.72 4371.28 1604 1722 0.265 0 0 0 0 
48 4273.33 4250.77 4165.13 4173.33 4767.18 3916.92 4435.9 4687.18 4330.26 4268.72 4411.79 4271.79 4486.67 4398.46 1604 1721 0.28 0 0 0 0 
49 4292.82 4269.23 4178.97 4189.23 4780 3927.18 4440.51 4687.18 4340.51 4290.26 4423.59 4285.13 4521.54 4428.72 1604 1721 0.28 0 0 0 0 
50 4299.49 4269.74 4184.1 4192.31 4782.56 3929.23 4441.54 4662.56 4333.85 4292.31 4422.56 4284.62 4530.26 4439.49 1605 1721 0.296 0 0 0 0 
51 4304.62 4270.26 4188.21 4196.92 4785.13 3932.31 4445.13 4666.15 4334.87 4293.85 4421.03 4283.08 4530.77 4441.54 1603 1720 0.296 0 0 0 0 
52 4306.67 4277.44 4184.62 4201.54 4789.74 3931.28 4442.56 4685.64 4345.13 4300.51 4423.08 4284.62 4536.41 4442.56 1604 1721 0.312 0 0 0 0 
53 4299.49 4277.95 4178.97 4197.95 4788.72 3929.23 4438.97 4691.28 4349.74 4299.49 4422.56 4278.97 4527.18 4435.9 1604 1720 0.312 0 0 0 0 
54 4286.67 4269.23 4180 4190.77 4785.13 3936.92 4447.18 4690.26 4350.77 4295.9 4421.54 4272.82 4514.87 4422.05 1603 1723 0.327 0 0 0 0 
55 4278.46 4265.64 4180.51 4191.28 4789.74 3944.62 4457.95 4693.33 4355.9 4299.49 4422.05 4272.31 4515.9 4414.87 1604 1723 0.327 0 0 0 0 
56 4272.82 4269.23 4179.49 4195.9 4794.36 3943.08 4460.51 4699.49 4362.56 4304.1 4423.08 4271.79 4516.41 4408.72 1603 1724 0.343 0 0 0 0 
57 4262.56 4258.46 4178.46 4186.67 4790.77 3937.44 4456.92 4697.44 4360.51 4302.05 4422.05 4267.69 4511.79 4396.92 1604 1726 0.343 0 0 0 0 
58 4256.92 4248.72 4175.38 4180.51 4789.74 3942.56 4458.97 4697.44 4359.49 4304.62 4422.56 4267.69 4512.82 4393.33 1604 1727 0.358 0 0 0 0 
59 4257.44 4259.49 4176.92 4194.36 4800.51 3956.92 4470.77 4711.79 4373.33 4320.51 4426.67 4274.87 4522.05 4393.33 1604 1728 0.358 0 0 0 0 
60 4252.31 4270.77 4179.49 4205.64 4808.72 3964.62 4480 4723.08 4387.69 4333.85 4431.28 4274.87 4530.26 4385.64 1604 1730 0.374 0 0 0 0 
61 4242.05 4263.08 4175.38 4197.95 4805.64 3965.64 4478.97 4721.54 4388.72 4332.31 4430.77 4266.67 4530.77 4380.51 1604 1732 0.374 0 0 0 0 
62 4238.46 4257.44 4175.9 4193.85 4805.13 3969.23 4480.51 4720 4386.15 4332.31 4426.67 4266.67 4530.77 4380.51 1604 1734 0.39 0 0 0 0 
63 4234.87 4261.54 4177.44 4197.44 4806.67 3968.72 4480.51 4715.9 4384.1 4331.28 4421.03 4269.74 4523.08 4375.38 1605 1738 0.39 0 0 0 0 
64 4226.15 4257.44 4172.82 4192.82 4802.56 3960.51 4472.82 4710.26 4379.49 4322.05 4417.95 4261.54 4511.28 4368.21 1604 1741 0.405 0 0 0 0 
65 4226.67 4251.79 4177.95 4193.85 4806.67 3966.15 4481.03 4721.03 4391.28 4329.74 4428.72 4264.1 4523.59 4368.21 1605 1743 0.405 0 0 0 0 
66 4229.23 4253.85 4185.13 4204.62 4814.36 3979.49 4494.87 4738.46 4407.18 4349.74 4437.44 4275.38 4542.05 4370.26 1604 1744 0.421 0 0 0 0 
67 4219.49 4256.41 4175.38 4202.05 4810.77 3975.9 4487.18 4734.36 4402.56 4349.23 4428.72 4271.28 4529.74 4365.64 1605 1747 0.421 0 0 0 0 
68 4215.38 4257.95 4172.31 4198.46 4812.31 3971.79 4482.05 4730.77 4399.49 4347.18 4428.21 4270.77 4524.1 4366.67 1604 1748 0.436 0 0 0 0 
69 4226.15 4260 4187.18 4211.28 4823.59 3986.15 4498.46 4749.23 4416.92 4366.67 4440.51 4282.56 4548.21 4378.97 1605 1747 0.436 0 0 0 0 
70 4232.82 4263.59 4196.41 4222.56 4829.74 3998.46 4512.82 4766.67 4431.28 4381.54 4443.59 4287.69 4560.51 4387.69 1604 1746 0.452 0 0 0 0 
71 4234.87 4268.21 4196.92 4220.51 4831.79 3997.44 4510.77 4764.1 4428.72 4378.97 4439.49 4286.15 4558.46 4387.69 1605 1745 0.452 0 0 0 0 
72 4229.74 4263.59 4190.26 4213.33 4830.77 3996.92 4518.46 4766.67 4421.03 4366.15 4433.33 4278.97 4550.26 4375.9 1604 1743 0.468 0 0 0 0 
73 4217.95 4257.95 4184.1 4211.79 4825.13 4002.56 4533.33 4788.72 4425.13 4358.46 4432.31 4272.82 4537.95 4367.18 1603 1744 0.468 0 0 0 0 
74 4225.64 4270.26 4190.77 4223.08 4827.18 4003.08 4516.92 4796.41 4436.92 4373.85 4440.51 4280.51 4547.18 4380 1604 1743 0.483 0 0 0 0 
75 4238.46 4280.51 4196.92 4229.74 4838.46 3998.97 4496.41 4775.9 4434.87 4388.72 4444.1 4287.18 4565.64 4390.77 1602 1743 0.483 0 0 0 0 
76 4234.36 4276.92 4193.33 4222.56 4842.05 4000.51 4510.77 4767.18 4425.64 4378.97 4439.49 4278.46 4563.59 4385.13 1603 1743 0.499 0 0 0 0 
77 4237.44 4278.46 4198.46 4229.74 4841.03 4009.74 4524.1 4781.03 4431.79 4376.41 4441.03 4276.92 4562.56 4386.67 1603 1741 0.499 0 0 0 0 
78 4252.31 4291.28 4209.23 4251.28 4849.74 4016.41 4520.51 4787.69 4444.62 4392.31 4447.18 4286.67 4577.44 4400 1602 1741 0.514 0 0 0 0 
79 4253.85 4294.87 4208.72 4253.33 4859.49 4018.46 4526.67 4781.03 4443.59 4393.85 4446.15 4284.62 4580 4401.03 1601 1740 0.514 0 0 0 0 
80 4251.28 4289.23 4205.64 4245.13 4861.03 4021.03 4538.46 4784.62 4443.59 4389.23 4446.15 4278.46 4577.44 4398.97 1602 1738 0.53 0 0 0 0 
81 4257.95 4288.72 4210.26 4249.23 4861.54 4025.13 4538.97 4801.54 4454.87 4398.46 4450.77 4282.05 4588.21 4405.64 1602 1734 0.53 0 0 0 0 
82 4260 4294.36 4210.26 4253.33 4863.08 4024.62 4536.92 4795.9 4454.36 4400.51 4449.74 4285.64 4588.21 4408.21 1601 1733 0.546 0 0 0 0 
83 4264.62 4303.59 4208.21 4254.87 4866.15 4027.69 4541.54 4768.21 4443.59 4394.87 4446.15 4283.59 4584.1 4409.74 1603 1728 0.546 0 0 0 0 
84 4277.44 4313.85 4211.28 4257.44 4868.21 4030.77 4543.59 4755.38 4439.49 4394.36 4447.18 4282.05 4591.79 4420.51 1603 1727 0.564 0 0 0 0 
85 4286.67 4321.54 4209.74 4258.46 4864.62 4024.1 4535.9 4760 4436.41 4388.72 4448.21 4281.03 4594.87 4431.79 1603 1725 0.566 0 0 0 0 
86 4301.54 4334.87 4212.82 4269.74 4864.62 4024.1 4531.79 4768.72 4436.92 4384.1 4450.77 4286.15 4594.36 4445.64 1603 1724 0.566 0 0 0 0 
87 4330.77 4355.9 4227.18 4284.62 4873.85 4034.87 4538.46 4772.31 4444.1 4388.72 4454.87 4296.92 4607.18 4469.74 1604 1724 0.582 0 0 0 0 
88 4353.33 4368.72 4236.41 4287.69 4878.46 4035.38 4535.9 4765.13 4443.08 4389.23 4453.85 4301.54 4616.92 4493.33 1604 1723 0.582 0 0 0 0 
89 4362.56 4374.87 4237.44 4288.72 4874.87 4025.13 4521.54 4749.23 4432.31 4379.49 4451.79 4300 4613.85 4506.15 1604 1723 0.597 0 0 0 0 
90 4372.82 4386.15 4238.97 4298.97 4877.44 4021.03 4515.38 4743.08 4431.79 4377.95 4456.41 4302.56 4621.54 4525.64 1605 1724 0.597 0 0 0 0 
91 4385.64 4396.41 4243.59 4308.21 4884.1 4027.69 4523.59 4752.31 4442.56 4390.26 4462.56 4308.21 4638.46 4548.21 1604 1724 0.613 0 0 0 0 
92 4387.69 4393.33 4243.08 4303.08 4881.03 4027.69 4530.26 4756.41 4439.49 4387.69 4458.46 4306.15 4631.79 4544.62 1605 1726 0.613 0 0 0 0 
93 4381.03 4385.13 4238.46 4293.33 4872.31 4018.97 4524.1 4749.74 4425.64 4371.79 4451.28 4299.49 4610.77 4529.74 1605 1727 0.629 0 0 0 0 
94 4374.87 4386.67 4233.33 4293.33 4870.77 4016.92 4519.49 4746.15 4423.08 4368.21 4454.87 4295.9 4611.79 4529.74 1605 1727 0.629 0 0 0 0 
95 4370.26 4388.72 4233.33 4296.41 4874.87 4024.1 4524.62 4750.77 4433.85 4376.92 4459.49 4297.44 4627.69 4534.36 1605 1728 0.644 0 0 0 0 
96 4370.26 4387.69 4237.44 4300.51 4877.44 4028.72 4530.26 4756.92 4443.08 4385.64 4456.92 4300 4628.21 4531.28 1607 1730 0.644 0 0 0 0 
97 4370.77 4392.31 4236.92 4306.67 4876.41 4028.72 4533.33 4761.03 4444.1 4389.23 4452.82 4297.95 4618.97 4525.13 1605 1731 0.66 0 0 0 0 
98 4362.05 4395.9 4233.33 4304.1 4875.9 4029.23 4534.87 4764.1 4447.69 4389.74 4456.41 4296.41 4622.56 4523.08 1606 1733 0.66 0 0 0 0 
99 4351.28 4392.82 4232.31 4294.36 4880 4031.79 4535.9 4768.72 4457.44 4391.79 4462.05 4296.92 4634.36 4516.92 1605 1733 0.675 0 0 0 0 
100 4344.1 4386.67 4228.21 4286.67 4879.49 4032.82 4536.92 4767.69 4456.92 4393.85 4461.03 4293.33 4631.28 4503.59 1605 1736 0.675 0 0 0 0 
101 4336.92 4385.64 4224.62 4288.72 4878.97 4031.28 4540.51 4760.51 4453.33 4392.82 4457.95 4288.72 4621.54 4495.38 1605 1736 0.691 0 0 0 0 
102 4329.74 4386.15 4224.1 4293.33 4882.56 4035.38 4545.64 4762.05 4460 4395.9 4458.97 4287.18 4616.41 4492.82 1604 1739 0.691 0 0 0 0 
103 4322.05 4382.56 4222.05 4291.28 4878.97 4036.92 4546.15 4767.18 4464.62 4400.51 4460 4285.64 4612.31 4483.08 1605 1739 0.707 0 0 0 0 
104 4311.28 4374.87 4219.49 4288.21 4876.41 4036.92 4548.72 4768.72 4464.1 4403.08 4457.44 4286.15 4611.28 4470.77 1604 1740 0.707 0 0 0 0 
105 4300 4373.33 4217.44 4288.21 4880.51 4042.05 4554.36 4771.28 4468.72 4406.67 4454.36 4287.18 4607.69 4463.08 1605 1741 0.722 0 0 0 0 
106 4293.85 4375.9 4213.85 4284.62 4881.03 4045.13 4553.85 4775.9 4470.77 4407.69 4453.85 4284.62 4602.05 4457.44 1604 1742 0.722 0 0 0 0 
107 4293.33 4370.77 4212.31 4280 4878.97 4046.67 4553.33 4783.59 4470.26 4407.18 4457.44 4284.1 4602.56 4452.31 1604 1742 0.738 0 0 0 0 
108 4289.23 4364.62 4212.31 4280 4882.05 4052.82 4563.59 4790.77 4473.85 4407.69 4458.46 4284.62 4603.59 4441.03 1603 1740 0.738 0 0 0 0 
109 4280.51 4367.18 4210.77 4278.46 4884.62 4058.97 4568.21 4791.79 4476.41 4408.21 4452.31 4281.54 4596.41 4430.26 1604 1741 0.753 0 0 0 0 
110 4276.92 4368.72 4208.72 4275.9 4883.08 4053.85 4558.97 4787.18 4475.38 4407.69 4452.31 4278.97 4594.36 4431.28 1604 1739 0.753 0 0 0 0 
111 4280 4369.23 4212.82 4282.56 4887.18 4051.79 4557.44 4788.21 4482.05 4414.87 4460.51 4282.56 4604.1 4432.82 1603 1741 0.769 0 0 0 0 
112 4285.13 4376.92 4221.54 4292.82 4894.36 4058.46 4557.44 4785.13 4488.21 4425.13 4464.1 4288.72 4610.26 4431.28 1604 1740 0.769 0 0 0 0 
113 4287.18 4380.51 4223.08 4292.82 4896.92 4061.54 4549.74 4774.87 4484.1 4425.64 4463.59 4291.79 4612.31 4434.87 1603 1739 0.785 0 0 0 0 
114 4283.08 4376.41 4217.44 4287.18 4894.36 4056.41 4550.26 4771.28 4482.56 4423.08 4464.62 4291.79 4613.33 4435.38 1603 1739 0.785 0 0 0 0 
115 4277.95 4375.38 4211.28 4282.56 4891.28 4048.72 4552.82 4776.41 4483.59 4418.46 4462.05 4286.15 4608.21 4425.13 1603 1738 0.8 0 0 0 0 
116 4276.41 4376.41 4209.74 4281.54 4889.74 4049.23 4549.74 4785.13 4481.03 4415.38 4460.51 4282.05 4605.64 4417.95 1603 1737 0.8 0 0 0 0 
117 4280 4378.46 4213.85 4285.13 4891.79 4057.44 4554.36 4787.69 4483.08 4418.46 4463.08 4285.13 4612.31 4424.62 1603 1736 0.816 0 0 0 0 
118 4284.1 4384.1 4219.49 4290.26 4892.31 4062.05 4566.67 4786.15 4490.77 4423.59 4462.05 4288.21 4613.85 4430.77 1603 1731 0.816 0 0 0 0 
119 4288.21 4386.67 4221.03 4290.77 4892.82 4062.05 4573.85 4793.85 4494.36 4424.1 4460.51 4285.64 4605.64 4428.72 1603 1729 0.831 0 0 0 0 
120 4290.77 4383.59 4217.44 4288.72 4897.44 4065.64 4573.33 4794.36 4487.18 4416.41 4462.05 4281.54 4604.62 4426.67 1604 1727 0.831 0 0 0 0 
121 4292.31 4384.1 4214.87 4289.74 4898.46 4067.69 4569.23 4780 4481.03 4413.33 4464.1 4278.46 4609.74 4428.72 1604 1725 0.847 0 0 0 0 
122 4295.38 4390.77 4218.97 4291.79 4896.92 4067.69 4569.23 4775.38 4484.1 4423.08 4466.15 4281.03 4615.38 4434.87 1604 1723 0.847 0 0 0 0 
123 4305.13 4395.9 4224.1 4293.85 4896.92 4067.18 4562.56 4774.87 4481.03 4421.03 4465.13 4284.62 4616.92 4445.13 1604 1723 0.863 0 0 0 0 
124 4323.08 4405.13 4226.67 4298.97 4898.46 4062.56 4550.77 4766.15 4467.18 4401.54 4464.1 4283.08 4613.85 4456.41 1605 1723 0.863 0 0 0 0 
125 4337.44 4418.97 4230.77 4304.62 4901.54 4060 4552.82 4764.62 4461.54 4394.36 4465.13 4283.59 4610.77 4465.13 1603 1723 0.878 0 0 0 0 
126 4348.72 4427.69 4236.41 4307.18 4905.13 4064.1 4558.97 4769.23 4466.67 4396.41 4465.64 4289.23 4614.87 4476.92 1604 1723 0.878 0 0 0 0 
127 4369.74 4434.87 4240.51 4316.92 4908.72 4068.21 4562.56 4769.23 4470.26 4395.38 4468.72 4294.36 4627.69 4498.97 1603 1723 0.894 0 0 0 0 
128 4393.85 4448.21 4245.13 4326.15 4909.23 4064.62 4564.1 4769.23 4471.79 4396.41 4473.85 4296.41 4634.87 4522.05 1605 1724 0.894 0 0 0 0 
0 4408.72 4457.95 4252.82 4332.82 4909.23 4062.56 4563.08 4770.77 4472.82 4406.67 4477.44 4299.49 4642.05 4541.03 1604 1723 0.909 0 0 0 0 
1 4420 4462.56 4261.03 4344.1 4910.26 4066.67 4565.13 4775.9 4475.9 4418.97 4480 4306.15 4660.51 4559.49 1604 1726 0.909 0 0 0 0 
2 4431.28 4467.18 4262.05 4346.67 4909.74 4069.74 4569.23 4782.56 4481.03 4422.05 4482.05 4307.18 4671.28 4572.82 1606 1726 0.925 0 0 0 0 
3 4434.36 4471.79 4257.95 4344.62 4911.79 4068.72 4569.23 4783.59 4482.56 4418.46 4481.03 4300.51 4669.23 4571.79 1605 1728 0.925 0 0 0 0 
4 4431.79 4471.28 4256.92 4348.72 4917.95 4069.23 4571.79 4786.67 4482.05 4417.95 4483.59 4296.41 4670.26 4567.18 1605 1728 0.941 0 0 0 0 
5 4428.21 4466.67 4259.49 4350.26 4918.97 4074.36 4582.05 4795.9 4486.15 4422.56 4484.62 4301.03 4676.41 4569.74 1605 1730 0.941 0 0 0 0 
6 4422.05 4461.54 4257.95 4346.15 4914.87 4076.41 4586.67 4800 4488.72 4425.64 4480.51 4300 4675.9 4560 1605 1731 0.956 0 0 0 0 
7 4411.28 4452.31 4249.74 4339.49 4911.28 4069.74 4580.51 4796.41 4486.15 4426.15 4477.44 4292.82 4668.72 4537.95 1604 1733 0.956 0 0 0 0 
8 4401.54 4447.69 4247.18 4337.95 4913.33 4067.18 4577.95 4796.92 4487.18 4425.13 4479.49 4291.28 4662.56 4528.21 1605 1735 0.972 0 0 0 0 
9 4391.79 4448.72 4246.15 4334.87 4915.9 4068.72 4577.95 4794.87 4484.62 4418.46 4478.46 4284.62 4654.36 4519.49 1604 1736 0.972 0 0 0 0 
10 4377.95 4441.03 4237.44 4322.05 4913.85 4063.59 4570.26 4787.18 4477.95 4412.82 4473.33 4269.74 4643.59 4498.46 1604 1739 0.987 0 0 0 0 
11 4368.72 4428.21 4229.74 4311.79 4909.23 4060.51 4566.67 4791.79 4482.56 4420.51 4473.85 4269.23 4638.97 4487.69 1604 1739 0.987 0 0 0 0 
12 4366.15 4428.21 4232.31 4317.95 4907.69 4063.59 4572.82 4801.54 4490.77 4426.67 4475.9 4279.49 4641.54 4488.72 1604 1743 1.003 0 0 0 0 
13 4365.64 4438.46 4237.44 4329.23 4915.38 4065.64 4579.49 4801.54 4492.31 4424.1 4475.9 4281.03 4645.64 4485.64 1604 1743 1.003 0 0 0 0 
14 4360 4437.95 4234.36 4327.18 4920 4063.08 4578.46 4796.92 4490.77 4424.1 4475.9 4275.9 4641.54 4474.87 1603 1746 1.019 0 0 0 0 
15 4349.23 4428.21 4225.64 4315.38 4911.79 4062.05 4577.44 4794.36 4485.13 4423.08 4470.77 4271.28 4630.26 4462.05 1603 1747 1.019 0 0 0 0 
16 4344.1 4424.62 4225.64 4312.82 4911.28 4065.13 4583.08 4798.97 4484.62 4424.1 4469.23 4271.28 4629.74 4456.92 1603 1746 1.034 0 0 0 0 
17 4342.56 4426.15 4231.79 4320 4921.54 4067.69 4584.62 4800 4487.18 4426.67 4474.87 4274.36 4634.36 4453.85 1603 1743 1.034 0 0 0 0 
18 4332.31 4420 4226.15 4313.85 4919.49 4070.77 4595.38 4798.97 4480 4415.9 4471.79 4272.31 4619.49 4443.08 1603 1742 1.05 0 0 0 0 
19 4322.56 4407.69 4217.44 4300 4909.23 4074.36 4614.87 4814.36 4478.46 4405.13 4465.13 4268.21 4607.18 4432.82 1603 1741 1.05 0 0 0 0 
20 4329.23 4411.28 4224.1 4303.59 4912.82 4070.77 4603.59 4826.15 4492.82 4417.95 4472.82 4273.85 4624.1 4438.97 1603 1741 1.065 0 0 0 0 
21 4338.97 4424.62 4235.9 4316.41 4919.49 4062.56 4570.26 4808.72 4496.41 4432.82 4482.56 4282.05 4638.46 4449.23 1603 1741 1.065 0 0 0 0 
22 4331.28 4421.03 4230.77 4311.28 4916.92 4060.51 4563.59 4791.28 4482.05 4425.64 4476.92 4277.44 4626.15 4441.03 1603 1738 1.081 0 0 0 0 
23 4317.95 4408.21 4218.46 4298.46 4913.33 4061.03 4571.28 4792.82 4475.9 4414.87 4470.77 4268.21 4617.44 4425.64 1603 1738 1.081 0 0 0 0 
24 4323.59 4410.26 4219.49 4300.51 4915.9 4061.03 4563.59 4797.44 4483.59 4418.97 4472.82 4269.23 4626.67 4426.15 1603 1736 1.097 0 0 0 0 
25 4332.31 4417.95 4224.62 4304.1 4917.44 4063.08 4560 4805.64 4487.69 4424.1 4475.9 4275.38 4628.72 4431.79 1602 1735 1.112 0 0 0 0 
26 4323.59 4414.87 4220.51 4297.44 4916.92 4063.59 4569.23 4814.87 4486.15 4420 4473.33 4273.85 4623.08 4427.18 1603 1734 1.112 0 0 0 0 
27 4320 4409.74 4216.41 4293.85 4917.95 4062.56 4572.31 4806.15 4481.54 4417.44 4471.28 4268.72 4623.08 4425.64 1603 1731 1.112 0 0 0 0 
28 4337.44 4415.9 4220.51 4303.08 4924.62 4069.23 4576.41 4789.74 4473.85 4420 4477.95 4267.69 4628.72 4435.38 1603 1729 1.128 0 0 0 0 
29 4350.26 4426.15 4223.59 4306.15 4927.18 4077.44 4588.72 4793.85 4471.79 4415.38 4481.54 4271.79 4632.82 4443.59 1603 1727 1.128 0 0 0 0 
30 4358.46 4429.74 4223.59 4305.64 4924.62 4073.85 4590.77 4807.18 4480 4409.23 4478.46 4276.41 4632.82 4451.79 1603 1726 1.143 0 0 0 0 
31 4383.08 4434.36 4233.33 4315.38 4925.64 4068.72 4580 4806.67 4487.18 4414.87 4482.05 4282.05 4641.03 4471.79 1604 1724 1.159 0 0 0 0 
32 4408.21 4446.15 4244.62 4322.56 4928.72 4069.23 4573.33 4796.41 4478.46 4413.85 4486.67 4285.64 4650.77 4490.26 1604 1724 1.159 0 0 0 0 
33 4424.62 4454.87 4251.28 4328.72 4928.21 4069.23 4570.77 4791.79 4469.74 4404.62 4484.62 4290.26 4652.31 4507.18 1605 1723 1.159 0 0 0 0 
34 4443.08 4458.46 4257.95 4337.44 4928.21 4066.15 4566.15 4791.28 4473.33 4405.64 4486.15 4297.44 4658.97 4529.74 1603 1724 1.175 0 0 0 0 
35 4452.31 4463.59 4260 4338.97 4929.23 4062.05 4561.54 4788.21 4471.28 4410.26 4489.23 4296.92 4673.33 4544.62 1605 1724 1.19 0 0 0 0 
36 4453.33 4468.72 4260 4337.44 4933.33 4063.59 4566.15 4791.28 4470.26 4411.28 4488.21 4294.87 4682.05 4551.28 1604 1725 1.19 0 0 0 0 
37 4461.54 4468.72 4262.05 4337.44 4937.44 4072.31 4573.33 4796.41 4481.54 4411.79 4488.21 4296.92 4678.46 4555.9 1605 1727 1.19 0 0 0 0 
38 4460 4464.62 4258.97 4333.33 4933.85 4071.79 4571.28 4789.74 4481.54 4409.23 4487.69 4291.79 4666.67 4549.74 1605 1727 1.206 0 0 0 0 
39 4447.69 4463.59 4254.36 4331.79 4927.69 4062.05 4564.1 4777.95 4470.26 4402.56 4484.1 4283.59 4660 4537.95 1605 1728 1.206 0 0 0 0 
40 4442.56 4464.1 4253.85 4335.38 4926.15 4060 4563.08 4773.85 4467.18 4396.92 4482.56 4282.05 4660 4535.38 1606 1728 1.221 0 0 0 0 
41 4441.54 4461.54 4253.85 4333.85 4930.26 4068.21 4569.74 4779.49 4471.28 4400.51 4484.62 4284.62 4660.51 4533.33 1605 1730 1.237 0 0 0 0 
42 4434.36 4454.87 4248.72 4325.64 4931.79 4068.21 4570.77 4783.08 4470.77 4406.67 4483.08 4281.54 4659.49 4518.46 1605 1731 1.237 0 0 0 0 
43 4421.54 4447.18 4242.05 4315.9 4922.56 4058.97 4567.18 4781.54 4470.26 4403.08 4476.41 4271.79 4653.33 4499.49 1605 1733 1.237 0 0 0 0 
44 4410.26 4443.08 4241.03 4312.82 4918.46 4058.46 4568.72 4783.08 4474.87 4405.13 4478.46 4272.31 4648.72 4493.33 1605 1734 1.253 0 0 0 0 
45 4408.72 4441.54 4244.1 4316.41 4923.59 4062.56 4568.72 4785.13 4476.92 4413.85 4487.69 4280.51 4648.72 4489.74 1605 1737 1.268 0 0 0 0 
46 4408.21 4440.51 4242.56 4316.41 4921.54 4059.49 4566.67 4786.15 4476.92 4411.28 4488.72 4284.1 4649.74 4481.03 1604 1737 1.268 0 0 0 0 
47 4398.46 4435.9 4242.05 4312.31 4916.41 4060 4569.23 4790.26 4482.56 4410.77 4484.1 4283.08 4650.77 4480 1605 1739 1.284 0 0 0 0 
48 4384.62 4423.59 4235.9 4302.05 4915.9 4058.97 4569.23 4790.26 4478.46 4413.33 4479.49 4278.46 4645.13 4471.79 1605 1738 1.284 0 0 0 0 
49 4375.38 4416.41 4220 4290.26 4912.31 4048.72 4561.03 4784.62 4470.26 4401.54 4474.36 4266.67 4630.77 4445.13 1605 1739 1.284 0 0 0 0 
50 4368.72 4417.44 4214.87 4289.74 4909.74 4050.26 4564.62 4786.15 4478.46 4398.97 4474.36 4260.51 4627.18 4425.13 1604 1738 1.299 0 0 0 0 
51 4365.13 4415.9 4222.56 4294.36 4913.85 4066.67 4588.72 4798.46 4488.72 4408.72 4476.41 4266.15 4633.33 4420.51 1604 1739 1.315 0 0 0 0 
52 4365.64 4414.87 4226.67 4292.82 4913.33 4065.64 4588.72 4808.72 4483.08 4408.72 4475.9 4271.79 4631.79 4419.49 1604 1738 1.315 0 0 0 0 
53 4366.67 4419.49 4227.69 4292.82 4909.23 4048.21 4549.74 4791.79 4474.36 4403.59 4478.97 4275.9 4630.77 4422.56 1603 1739 1.331 0 0 0 0 
54 4360.51 4417.44 4226.67 4292.31 4911.28 4045.64 4538.97 4771.28 4470.77 4402.56 4481.03 4275.9 4632.31 4421.54 1604 1738 1.331 0 0 0 0 
55 4347.69 4403.59 4214.87 4278.97 4908.21 4053.33 4572.82 4775.9 4463.08 4391.28 4474.36 4265.64 4619.49 4405.13 1603 1738 1.346 0 0 0 0 
56 4336.92 4395.9 4204.62 4265.13 4897.44 4051.79 4577.44 4780 4457.44 4382.56 4472.82 4260 4607.18 4390.26 1604 1739 1.346 0 0 0 0 
57 4336.92 4401.54 4205.64 4269.23 4893.85 4041.54 4543.59 4771.28 4462.56 4390.26 4481.03 4267.69 4613.33 4390.77 1603 1737 1.362 0 0 0 0 
58 4342.05 4407.69 4210.26 4276.41 4902.05 4036.41 4532.31 4767.69 4469.23 4398.97 4483.08 4269.23 4621.03 4396.41 1603 1738 1.362 0 0 0 0 
59 4346.15 4408.21 4215.38 4277.44 4907.18 4042.56 4550.77 4773.85 4469.23 4398.97 4480.51 4265.64 4621.03 4400 1604 1735 1.362 0 0 0 0 
60 4347.69 4411.28 4218.97 4277.44 4905.13 4047.18 4556.41 4772.82 4456.41 4387.69 4477.44 4269.23 4622.05 4404.1 1604 1734 1.377 0 0 0 0 
61 4349.74 4411.79 4221.03 4280.51 4904.1 4045.13 4547.18 4763.08 4440.51 4374.36 4475.9 4270.77 4623.08 4411.28 1604 1732 1.393 0 0 0 0 
62 4354.87 4404.62 4220.51 4278.97 4903.59 4045.64 4551.28 4756.41 4435.38 4370.26 4477.44 4266.67 4618.97 4419.49 1604 1731 1.393 0 0 0 0 
63 4360 4403.59 4218.46 4271.28 4897.95 4044.1 4556.41 4756.41 4436.92 4364.1 4474.87 4265.64 4610.26 4420.51 1604 1728 1.409 0 0 0 0 
64 4373.85 4419.49 4221.03 4277.44 4898.46 4043.59 4554.36 4764.1 4443.08 4362.56 4471.79 4269.74 4610.77 4427.69 1603 1728 1.409 0 0 0 0 
65 4395.9 4435.38 4226.67 4292.31 4903.59 4045.13 4550.77 4764.62 4448.21 4369.74 4476.41 4273.85 4619.49 4448.72 1605 1726 1.409 0 0 0 0 
66 4409.23 4438.46 4226.15 4290.26 4897.95 4036.41 4541.54 4754.87 4440 4364.62 4478.97 4272.82 4616.92 4463.08 1603 1726 1.424 0 0 0 0 
67 4420.51 4444.62 4229.74 4285.64 4891.79 4027.18 4533.85 4753.33 4432.31 4353.85 4477.95 4275.38 4615.38 4470.77 1604 1726 1.44 0 0 0 0 
68 4439.49 4457.44 4241.54 4299.49 4900 4030.26 4534.36 4758.46 4435.9 4358.46 4486.15 4286.15 4637.95 4494.36 1605 1725 1.44 0 0 0 0 
69 4456.41 4463.59 4247.18 4312.31 4906.15 4032.82 4531.79 4756.41 4434.36 4366.15 4493.85 4294.36 4662.56 4522.05 1604 1726 1.455 0 0 0 0 
70 4457.95 4459.49 4242.05 4306.67 4901.03 4025.13 4525.64 4746.15 4417.95 4354.87 4484.62 4287.69 4660 4527.69 1605 1725 1.455 0 0 0 0 
71 4453.85 4453.33 4236.41 4298.46 4893.33 4018.46 4524.1 4741.03 4407.18 4336.92 4475.9 4277.95 4646.15 4520 1605 1727 1.471 0 0 0 0 
72 4460 4460 4242.56 4306.15 4896.92 4023.59 4525.64 4747.69 4417.44 4344.62 4486.15 4281.54 4649.74 4529.23 1605 1727 1.471 0 0 0 0 
73 4469.23 4471.28 4251.79 4317.95 4904.62 4030.77 4527.18 4757.44 4431.28 4365.13 4495.38 4290.26 4661.03 4541.03 1604 1729 1.487 0 0 0 0 
74 4462.05 4472.82 4250.26 4318.46 4906.15 4031.28 4529.74 4757.95 4433.85 4363.59 4489.23 4288.21 4665.13 4533.33 1605 1728 1.487 0 0 0 0 
75 4450.77 4468.72 4245.13 4313.33 4904.1 4029.74 4529.23 4759.49 4433.85 4357.95 4486.15 4281.54 4663.08 4522.05 1604 1730 1.502 0 0 0 0 
76 4447.69 4464.1 4243.08 4306.67 4902.05 4030.26 4530.26 4765.13 4438.46 4367.69 4490.77 4281.54 4661.54 4518.46 1605 1731 1.502 0 0 0 0 
77 4441.03 4458.97 4241.54 4304.62 4899.49 4030.26 4534.36 4764.1 4440 4370.77 4491.79 4284.1 4663.08 4514.36 1604 1732 1.518 0 0 0 0 
78 4430.26 4453.85 4238.97 4306.67 4897.44 4029.23 4534.87 4760 4437.44 4364.62 4489.23 4283.08 4654.36 4506.67 1604 1734 1.518 0 0 0 0 
79 4421.03 4446.67 4235.38 4300 4896.41 4027.69 4528.72 4755.9 4429.74 4362.05 4487.18 4279.49 4638.97 4493.33 1604 1734 1.533 0 0 0 0 
80 4414.87 4439.49 4231.79 4288.72 4894.36 4025.13 4526.15 4753.85 4424.1 4361.03 4485.13 4276.92 4637.44 4478.97 1604 1736 1.533 0 0 0 0 
81 4411.28 4439.49 4229.74 4288.72 4891.28 4026.67 4533.33 4755.9 4428.21 4363.59 4486.67 4277.44 4644.62 4474.87 1605 1736 1.549 0 0 0 0 
82 4407.18 4443.08 4229.23 4294.87 4894.36 4028.21 4536.41 4749.74 4430.77 4368.72 4489.23 4279.49 4644.62 4475.9 1603 1737 1.549 0 0 0 0 
83 4400 4439.49 4227.18 4289.74 4893.85 4022.05 4528.21 4743.08 4426.67 4365.64 4489.74 4277.44 4638.46 4465.13 1604 1736 1.565 0 0 0 0 
84 4391.28 4432.82 4225.13 4280.51 4887.18 4021.03 4536.41 4748.72 4425.64 4359.49 4485.13 4271.79 4631.79 4451.28 1603 1736 1.565 0 0 0 0 
85 4386.15 4432.31 4224.1 4282.56 4888.72 4031.79 4553.85 4749.74 4429.23 4361.54 4478.97 4270.77 4626.67 4447.69 1605 1737 1.58 0 0 0 0 
86 4380.51 4432.31 4223.08 4287.18 4892.82 4028.72 4541.54 4740 4433.33 4366.67 4481.03 4273.33 4624.62 4444.62 1603 1738 1.58 0 0 0 0 
87 4377.44 4426.67 4224.1 4284.1 4888.72 4018.97 4521.54 4733.85 4436.41 4368.72 4487.69 4274.36 4629.23 4440.51 1604 1740 1.596 0 0 0 0 
88 4371.79 4421.54 4220 4277.44 4883.59 4019.49 4522.56 4725.64 4426.15 4364.1 4485.13 4270.77 4634.36 4438.46 1604 1739 1.596 0 0 0 0 
89 4367.18 4422.56 4214.36 4273.85 4882.56 4015.38 4522.56 4713.85 4414.36 4357.95 4479.49 4271.79 4631.79 4435.38 1604 1740 1.611 0 0 0 0 
90 4369.74 4426.67 4216.92 4277.44 4882.56 4012.31 4523.59 4717.44 4419.49 4362.56 4484.62 4278.46 4630.26 4434.36 1604 1739 1.611 0 0 0 0 
91 4369.74 4426.67 4222.56 4282.56 4884.1 4022.56 4535.9 4726.67 4427.69 4367.18 4490.26 4283.08 4636.41 4436.92 1603 1740 1.627 0 0 0 0 
92 4363.59 4426.67 4224.1 4282.56 4886.67 4029.23 4539.49 4725.13 4429.74 4367.18 4488.72 4284.62 4644.62 4442.05 1605 1738 1.627 0 0 0 0 
93 4360 4430.26 4223.08 4281.03 4885.64 4025.64 4536.92 4724.1 4427.18 4366.67 4483.59 4283.08 4643.08 4444.62 1603 1738 1.643 0 0 0 0 
94 4361.03 4432.82 4218.97 4278.97 4880.51 4022.56 4539.49 4724.62 4420 4353.85 4477.95 4276.92 4628.72 4440 1604 1736 1.643 0 0 0 0 
95 4368.72 4435.9 4219.49 4280.51 4878.46 4017.44 4526.67 4715.38 4416.41 4343.59 4479.49 4276.92 4625.64 4445.13 1604 1735 1.658 0 0 0 0 
96 4383.08 4447.18 4228.21 4288.21 4880 4011.28 4507.69 4703.59 4418.46 4354.36 4487.69 4286.15 4643.08 4467.18 1604 1734 1.658 0 0 0 0 
97 4402.05 4460 4235.9 4298.97 4881.03 4015.38 4517.44 4703.59 4415.38 4361.03 4492.31 4291.28 4653.33 4487.18 1604 1733 1.674 0 0 0 0 
98 4420 4466.67 4242.56 4308.21 4884.62 4026.15 4540 4709.23 4411.28 4353.33 4493.33 4292.82 4651.28 4501.03 1605 1731 1.674 0 0 0 0 
99 4435.38 4469.23 4249.74 4310.26 4885.64 4024.62 4532.82 4702.05 4411.28 4348.72 4494.36 4296.41 4653.85 4517.95 1604 1729 1.689 0 0 0 0 
100 4445.64 4475.38 4252.82 4310.77 4881.03 4013.33 4514.87 4693.85 4408.21 4349.23 4494.36 4293.85 4659.49 4531.79 1605 1727 1.689 0 0 0 0 
101 4452.31 4480.51 4253.85 4318.46 4880 4013.33 4517.44 4695.38 4407.18 4348.21 4493.85 4292.31 4664.1 4542.05 1604 1726 1.705 0 0 0 0 
102 4454.36 4477.95 4255.38 4317.95 4882.05 4019.49 4525.13 4692.31 4411.79 4351.79 4496.92 4296.41 4670.26 4552.82 1604 1725 1.705 0 0 0 0 
103 4455.38 4474.87 4252.82 4309.74 4881.54 4024.1 4532.31 4687.18 4412.82 4358.97 4503.08 4298.46 4678.97 4557.95 1604 1724 1.721 0 0 0 0 
104 4458.46 4479.49 4250.26 4315.38 4888.72 4029.74 4536.41 4686.67 4414.36 4362.05 4505.13 4297.44 4683.59 4556.92 1605 1723 1.721 0 0 0 0 
105 4451.79 4482.56 4249.74 4328.21 4895.9 4028.72 4526.15 4690.77 4424.1 4364.1 4498.97 4294.87 4678.97 4548.72 1604 1723 1.736 0 0 0 0 
106 4433.85 4472.82 4243.59 4318.97 4884.62 4019.49 4515.9 4685.64 4425.13 4361.03 4491.28 4285.64 4663.08 4529.74 1605 1723 1.736 0 0 0 0 
107 4419.49 4462.05 4234.87 4299.49 4874.36 4016.92 4522.05 4670.77 4409.74 4347.69 4489.23 4276.41 4649.74 4508.21 1604 1722 1.752 0 0 0 0 
108 4413.85 4462.05 4234.36 4295.38 4881.03 4020.51 4527.69 4664.1 4406.15 4343.08 4488.72 4278.46 4651.79 4500 1605 1723 1.752 0 0 0 0 
109 4408.72 4464.1 4234.36 4300 4887.18 4023.59 4523.08 4668.21 4417.44 4349.23 4490.77 4284.1 4656.92 4500 1605 1724 1.767 0 0 0 0 
110 4401.54 4460 4233.33 4300 4886.67 4029.23 4527.69 4670.26 4424.1 4352.82 4496.92 4284.1 4655.9 4490.77 1604 1725 1.767 0 0 0 0 
111 4394.36 4453.85 4234.36 4296.41 4884.62 4027.18 4529.74 4664.1 4421.03 4349.74 4496.92 4281.03 4646.67 4476.92 1606 1726 1.783 0 0 0 0 
112 4382.05 4446.67 4231.79 4291.28 4881.03 4015.9 4521.03 4657.44 4415.38 4344.62 4485.64 4276.41 4633.33 4465.13 1604 1727 1.783 0 0 0 0 
113 4372.82 4442.56 4228.21 4289.23 4880 4014.87 4520 4656.92 4420 4345.13 4483.08 4276.41 4626.15 4456.41 1605 1728 1.799 0 0 0 0 
114 4368.21 4443.59 4227.18 4288.72 4885.13 4022.56 4524.62 4654.36 4427.18 4345.64 4485.13 4275.9 4624.62 4448.72 1605 1729 1.799 0 0 0 0 
115 4361.03 4437.95 4224.62 4285.64 4887.69 4025.64 4527.18 4653.33 4425.13 4348.72 4483.08 4275.9 4630.26 4445.13 1605 1731 1.814 0 0 0 0 
116 4351.28 4429.23 4220 4280.51 4883.08 4018.46 4525.64 4653.33 4418.46 4350.26 4481.03 4275.38 4632.31 4437.95 1605 1732 1.814 0 0 0 0 
117 4342.05 4422.05 4210.77 4267.69 4872.31 4004.1 4511.79 4642.05 4407.69 4338.97 4476.92 4268.21 4615.38 4423.08 1606 1734 1.83 0 0 0 0 
118 4336.41 4417.44 4207.18 4257.95 4868.72 3998.46 4501.54 4632.82 4402.56 4329.23 4474.87 4266.67 4605.13 4416.92 1604 1734 1.83 0 0 0 0 
119 4334.87 4418.46 4212.31 4264.62 4873.33 4005.64 4508.72 4636.92 4407.18 4335.38 4482.05 4274.87 4618.46 4423.59 1604 1737 1.845 0 0 0 0 
120 4336.92 4421.03 4214.87 4275.38 4872.31 4011.28 4512.82 4643.59 4410.26 4345.64 4488.72 4276.41 4630.26 4430.77 1605 1738 1.845 0 0 0 0 
121 4337.44 4422.05 4212.31 4273.33 4869.74 4010.26 4504.1 4638.97 4408.21 4343.59 4484.62 4270.77 4626.67 4426.67 1604 1742 1.861 0 0 0 0 
122 4334.87 4422.05 4211.79 4268.21 4873.33 4010.26 4500 4630.26 4406.15 4336.92 4481.03 4271.79 4622.05 4420 1604 1742 1.861 0 0 0 0 
123 4338.46 4423.08 4215.9 4275.38 4876.92 4013.33 4503.59 4628.21 4406.15 4339.49 4485.13 4277.95 4622.56 4424.1 1603 1744 1.877 0 0 0 0 
124 4344.1 4425.64 4218.46 4280 4874.87 4016.92 4508.72 4633.33 4408.21 4342.56 4485.64 4280.51 4623.59 4427.69 1605 1744 1.877 0 0 0 0 
125 4340 4421.54 4214.87 4268.21 4869.74 4013.33 4505.64 4626.15 4400 4330.77 4476.41 4274.87 4611.28 4417.95 1604 1742 1.892 0 0 0 0 
126 4332.31 4413.33 4205.64 4256.41 4864.1 4000 4490.77 4605.13 4380 4309.23 4468.21 4267.69 4591.79 4406.67 1604 1742 1.892 0 0 0 0 
127 4337.95 4416.41 4204.62 4257.44 4857.95 3997.95 4497.95 4603.08 4371.79 4300 4470.26 4269.74 4588.21 4412.31 1604 1741 1.908 0 0 0 0 
128 4354.36 4429.23 4215.38 4264.1 4854.36 4003.08 4510.26 4621.03 4385.13 4306.15 4476.41 4278.46 4604.1 4431.79 1604 1741 1.908 0 0 0 0 
0 4374.87 4437.44 4223.08 4271.79 4852.31 3989.23 4475.38 4616.92 4393.85 4313.85 4482.05 4285.64 4622.56 4454.36 1603 1739 1.923 0 0 0 0 
1 4397.44 4447.18 4226.67 4284.1 4853.85 3974.36 4444.1 4595.9 4386.15 4316.41 4486.67 4290.77 4633.33 4473.85 1604 1738 1.923 0 0 0 0 
2 4415.9 4458.97 4230.26 4290.77 4858.46 3982.56 4465.13 4582.05 4371.79 4309.74 4486.15 4292.31 4635.38 4490.77 1604 1735 1.939 0 0 0 0 
3 4428.72 4462.56 4232.31 4290.26 4856.41 3988.21 4477.95 4573.33 4356.41 4290.26 4482.56 4287.18 4631.79 4507.18 1603 1734 1.939 0 0 0 0 
4 4445.64 4471.28 4237.44 4297.44 4856.41 3983.08 4454.87 4573.85 4358.97 4287.69 4485.64 4291.28 4636.92 4524.62 1604 1733 1.955 0 0 0 0 
5 4454.87 4475.9 4240 4299.49 4859.49 3975.9 4437.44 4581.03 4372.31 4303.59 4488.72 4298.46 4643.08 4534.36 1603 1731 1.955 0 0 0 0 
6 4445.64 4465.64 4230.26 4283.08 4851.79 3966.15 4432.82 4576.92 4366.15 4290.77 4479.49 4287.18 4633.33 4526.15 1604 1731 1.97 0 0 0 0 
7 4439.49 4462.05 4225.64 4278.97 4848.21 3968.21 4431.79 4566.15 4354.36 4270.77 4477.95 4277.44 4629.74 4517.44 1603 1729 1.97 0 0 0 0 
8 4440 4466.15 4232.31 4289.74 4854.36 3981.54 4435.9 4558.46 4357.44 4284.62 4489.23 4285.13 4644.1 4520 1603 1728 1.986 0 0 0 0 
9 4431.28 4465.13 4232.82 4287.69 4854.36 3981.54 4433.85 4555.9 4359.49 4298.97 4490.26 4288.21 4649.23 4517.44 1603 1725 1.986 0 0 0 0 
10 4420.51 4458.97 4228.21 4277.95 4849.74 3974.87 4427.69 4568.21 4362.56 4294.36 4480.51 4281.03 4637.44 4507.18 1603 1723 2.001 0 0 0 0 
11 4415.9 4450.26 4225.64 4275.9 4851.28 3977.44 4425.13 4580 4369.74 4293.33 4477.44 4281.03 4628.72 4495.38 1603 1722 2.001 0 0 0 0 
12 4403.08 4444.1 4220 4268.72 4854.87 3980.51 4425.13 4575.38 4366.15 4293.85 4478.46 4280.51 4623.08 4480 1603 1721 2.017 0 0 0 0 
13 4386.15 4446.67 4214.36 4259.49 4854.36 3978.46 4421.03 4573.33 4360 4286.67 4476.41 4271.79 4609.23 4461.03 1603 1720 2.017 0 0 0 0 
14 4375.38 4441.54 4210.26 4255.9 4848.72 3974.87 4411.79 4571.28 4361.54 4283.59 4472.31 4268.72 4597.95 4449.74 1602 1722 2.033 0 0 0 0 
15 4363.08 4425.13 4205.13 4247.69 4840.51 3966.15 4397.95 4557.44 4356.41 4280.51 4471.28 4270.26 4595.9 4441.54 1604 1722 2.033 0 0 0 0 
16 4348.72 4418.97 4199.49 4234.87 4838.46 3958.46 4383.08 4548.72 4347.18 4270.77 4474.87 4265.64 4592.31 4425.13 1603 1722 2.048 0 0 0 0 
17 4344.62 4421.03 4199.49 4231.28 4840.51 3959.49 4378.97 4553.33 4350.77 4273.85 4475.38 4262.56 4586.15 4411.79 1604 1723 2.048 0 0 0 0 
18 4340 4417.95 4195.9 4230.26 4833.85 3958.46 4381.03 4552.31 4347.69 4279.49 4467.18 4262.56 4578.46 4407.69 1604 1722 2.064 0 0 0 0 
19 4326.15 4408.72 4188.21 4219.49 4827.69 3951.28 4376.41 4545.13 4335.38 4269.74 4461.54 4257.44 4567.69 4396.92 1604 1725 2.064 0 0 0 0 
20 4317.44 4406.67 4189.23 4212.82 4830.26 3954.36 4374.87 4549.74 4337.95 4265.13 4466.15 4256.41 4566.67 4386.67 1605 1726 2.079 0 0 0 0 
21 4316.41 4408.72 4193.33 4217.95 4831.79 3960.51 4378.46 4553.85 4346.67 4272.82 4471.28 4262.56 4571.79 4383.08 1605 1727 2.079 0 0 0 0 
22 4313.33 4406.15 4192.31 4218.97 4828.21 3958.97 4378.46 4548.72 4345.13 4274.87 4471.28 4263.08 4572.82 4381.03 1606 1728 2.095 0 0 0 0 
23 4309.74 4401.54 4190.77 4212.31 4826.67 3955.9 4376.41 4546.15 4341.54 4274.36 4468.21 4259.49 4571.79 4376.41 1605 1729 2.095 0 0 0 0 
24 4306.67 4396.41 4191.28 4208.72 4826.67 3952.82 4371.28 4546.15 4340 4274.87 4468.21 4259.49 4568.72 4370.26 1606 1730 2.111 0 0 0 0 
25 4306.67 4393.33 4190.77 4208.72 4821.03 3946.15 4366.67 4538.97 4332.31 4268.21 4468.72 4257.44 4558.46 4364.62 1606 1732 2.111 0 0 0 0 
26 4312.82 4392.82 4190.77 4206.67 4815.9 3942.05 4366.15 4530.77 4322.56 4259.49 4464.1 4254.87 4554.87 4368.21 1606 1734 2.126 0 0 0 0 
27 4325.64 4394.36 4193.33 4210.26 4817.44 3942.05 4367.18 4530.26 4319.49 4258.46 4463.08 4259.49 4562.56 4382.05 1606 1737 2.126 0 0 0 0 
28 4339.49 4398.97 4196.92 4217.95 4816.41 3940 4364.62 4527.69 4316.92 4256.41 4465.64 4265.13 4564.62 4392.31 1606 1738 2.142 0 0 0 0 
29 4354.87 4410.26 4203.08 4223.59 4814.36 3935.9 4362.05 4521.03 4310.77 4248.72 4464.62 4266.15 4562.05 4405.13 1605 1739 2.142 0 0 0 0 
30 4374.36 4420.51 4210.77 4229.74 4817.95 3935.9 4365.64 4520.51 4308.21 4244.1 4464.62 4269.74 4567.69 4428.72 1605 1738 2.157 0 0 0 0 
31 4390.77 4424.1 4214.87 4231.79 4814.36 3937.44 4369.74 4516.92 4305.64 4242.05 4464.1 4275.9 4570.26 4442.56 1605 1739 2.157 0 0 0 0 
32 4397.44 4423.59 4217.95 4227.69 4802.05 3935.9 4373.33 4509.23 4295.9 4231.28 4458.46 4275.9 4558.46 4443.08 1604 1739 2.173 0 0 0 0 
33 4396.41 4420 4216.41 4222.56 4799.49 3928.21 4372.31 4508.72 4287.69 4217.44 4455.38 4268.72 4550.26 4446.15 1603 1740 2.173 0 0 0 0 
34 4398.46 4422.56 4213.33 4222.05 4804.1 3920 4356.41 4506.67 4291.79 4216.92 4462.05 4267.69 4558.97 4452.31 1604 1739 2.189 0 0 0 0 
35 4406.67 4435.9 4217.44 4234.87 4805.64 3924.1 4349.23 4502.56 4308.21 4235.9 4472.31 4278.46 4574.36 4456.41 1603 1739 2.189 0 0 0 0 
36 4406.15 4438.46 4214.36 4238.97 4802.56 3930.26 4360.51 4499.49 4309.74 4244.1 4467.18 4275.9 4573.33 4452.82 1604 1739 2.204 0 0 0 0 
37 4386.67 4424.1 4203.59 4223.08 4796.41 3925.13 4367.69 4497.44 4293.85 4229.74 4455.38 4262.56 4558.97 4436.92 1603 1736 2.204 0 0 0 0 
38 4373.85 4416.41 4204.1 4213.85 4796.92 3922.56 4367.18 4501.03 4293.85 4223.59 4460 4263.59 4553.33 4420.51 1602 1736 2.22 0 0 0 0 
39 4369.74 4415.9 4201.03 4211.28 4798.97 3920.51 4366.67 4502.05 4301.54 4227.69 4462.56 4264.1 4541.54 4405.64 1603 1734 2.22 0 0 0 0 
40 4355.9 4408.21 4189.23 4203.08 4798.46 3922.56 4370.77 4500 4301.03 4229.74 4457.44 4255.9 4532.31 4394.87 1603 1733 2.235 0 0 0 0 
41 4344.1 4396.92 4189.23 4202.56 4801.54 3932.82 4377.95 4510.77 4311.28 4239.49 4460.51 4256.92 4546.15 4394.36 1603 1732 2.235 0 0 0 0 
42 4341.03 4393.33 4192.31 4206.15 4804.62 3935.9 4372.82 4515.9 4324.1 4250.26 4463.08 4262.56 4550.77 4386.67 1603 1730 2.251 0 0 0 0 
43 4330.26 4391.79 4184.1 4196.41 4803.08 3930.77 4367.69 4504.1 4316.92 4244.62 4458.97 4258.46 4537.44 4371.28 1604 1728 2.251 0 0 0 0 
44 4313.33 4382.56 4175.9 4179.49 4794.36 3925.13 4374.36 4503.59 4309.23 4233.85 4458.46 4250.77 4529.23 4358.46 1604 1727 2.267 0 0 0 0 
45 4303.08 4372.31 4172.82 4172.82 4788.21 3918.97 4366.15 4506.67 4309.23 4230.77 4456.41 4247.18 4525.64 4345.64 1605 1725 2.267 0 0 0 0 
46 4302.56 4369.74 4172.82 4177.95 4790.26 3917.44 4351.28 4495.38 4306.67 4233.33 4452.82 4252.82 4523.08 4339.49 1604 1724 2.282 0 0 0 0 
47 4301.54 4371.79 4172.31 4179.49 4793.85 3922.56 4362.05 4493.33 4307.69 4240 4457.44 4259.49 4528.72 4344.1 1605 1724 2.282 0 0 0 0 
48 4296.92 4372.82 4173.33 4175.38 4794.87 3923.59 4368.72 4502.56 4315.9 4246.67 4462.05 4262.05 4534.87 4347.18 1605 1722 2.298 0 0 0 0 
49 4291.79 4369.23 4175.38 4170.77 4794.87 3920 4354.87 4496.92 4313.85 4242.56 4456.41 4257.95 4527.69 4341.03 1605 1723 2.298 0 0 0 0 
50 4287.69 4363.08 4171.79 4165.64 4791.79 3922.05 4353.85 4490.26 4305.64 4235.9 4447.69 4252.31 4516.41 4329.23 1606 1722 2.313 0 0 0 0 
51 4289.74 4369.23 4170.77 4170.26 4787.18 3924.62 4363.08 4491.79 4306.67 4237.44 4450.77 4254.87 4516.92 4327.18 1604 1723 2.313 0 0 0 0 
52 4295.9 4380 4178.97 4178.97 4790.26 3926.15 4364.62 4492.82 4312.31 4244.1 4457.95 4266.15 4527.69 4337.44 1605 1723 2.329 0 0 0 0 
53 4298.97 4379.49 4183.59 4178.97 4796.41 3928.72 4367.69 4502.56 4316.92 4250.77 4459.49 4272.82 4532.82 4342.05 1605 1724 2.329 0 0 0 0 
54 4301.03 4377.95 4181.03 4176.92 4795.38 3926.67 4372.31 4503.59 4313.85 4251.28 4461.03 4269.74 4529.23 4338.97 1605 1725 2.345 0 0 0 0 
55 4305.64 4381.54 4181.03 4177.95 4788.72 3917.95 4366.67 4483.59 4304.1 4238.46 4458.46 4262.05 4525.64 4341.54 1605 1726 2.345 0 0 0 0 
56 4309.74 4383.08 4180 4172.31 4782.05 3907.18 4355.9 4467.69 4291.79 4222.05 4451.79 4257.44 4519.49 4345.64 1605 1728 2.36 0 0 0 0 
57 4321.54 4387.18 4177.95 4168.21 4775.9 3898.97 4344.1 4461.03 4278.97 4210.77 4450.77 4259.49 4517.44 4351.28 1604 1729 2.36 0 0 0 0 
58 4345.64 4397.44 4187.18 4179.49 4771.28 3895.38 4338.97 4454.36 4273.33 4207.18 4454.36 4266.15 4526.15 4372.31 1605 1732 2.376 0 0 0 0 
59 4365.13 4403.08 4199.49 4190.77 4770.77 3895.9 4344.1 4453.85 4274.36 4208.72 4452.82 4273.85 4533.85 4395.9 1604 1733 2.376 0 0 0 0 
60 4376.92 4405.64 4201.03 4195.38 4774.36 3899.49 4345.64 4455.9 4274.36 4211.28 4451.28 4276.92 4537.44 4408.21 1604 1735 2.391 0 0 0 0 
61 4388.21 4413.85 4197.95 4197.95 4772.82 3900 4341.54 4451.79 4272.31 4211.79 4454.87 4273.33 4547.69 4421.54 1605 1736 2.391 0 0 0 0 
62 4390.26 4413.85 4195.9 4193.33 4765.64 3893.33 4341.03 4449.74 4270.77 4209.23 4454.36 4270.77 4552.31 4430.77 1604 1738 2.407 0 0 0 0 
63 4383.08 4405.64 4194.36 4189.74 4763.08 3889.74 4342.56 4451.28 4270.77 4207.18 4451.79 4271.79 4546.67 4425.64 1605 1740 2.407 0 0 0 0 
64 4381.03 4409.74 4192.31 4191.28 4767.18 3891.79 4341.54 4448.21 4271.28 4207.18 4453.33 4269.23 4545.64 4417.95 1604 1742 2.423 0 0 0 0 
65 4382.05 4412.31 4192.82 4189.74 4771.79 3895.38 4343.59 4446.15 4270.77 4205.13 4455.38 4267.18 4549.23 4414.87 1604 1744 2.423 0 0 0 0 
66 4375.9 4401.54 4192.82 4186.15 4772.31 3897.95 4350.77 4452.31 4275.9 4208.21 4451.79 4268.21 4544.1 4409.23 1604 1744 2.438 0 0 0 0 
67 4361.03 4395.9 4181.54 4183.59 4767.18 3895.9 4350.77 4452.31 4280.51 4208.21 4445.13 4262.56 4530.77 4394.87 1604 1744 2.438 0 0 0 0 
68 4349.23 4396.41 4175.9 4180 4767.18 3894.36 4350.26 4447.18 4277.44 4203.59 4449.23 4255.38 4527.18 4379.49 1604 1744 2.454 0 0 0 0 
69 4343.08 4388.72 4185.13 4177.44 4773.33 3902.05 4358.46 4458.46 4283.08 4209.74 4456.92 4259.49 4533.33 4371.28 1604 1744 2.454 0 0 0 0 
70 4332.31 4380 4188.72 4172.82 4771.79 3909.23 4372.82 4471.28 4289.23 4216.41 4453.33 4266.67 4530.26 4367.69 1605 1744 2.469 0 0 0 0 
71 4319.49 4377.44 4182.05 4168.21 4767.18 3909.23 4379.49 4462.56 4280 4211.28 4447.69 4265.13 4516.41 4355.9 1604 1747 2.469 0 0 0 0 
72 4309.74 4373.33 4181.54 4167.69 4767.18 3901.03 4360 4453.33 4277.95 4208.21 4450.77 4262.05 4510.77 4342.05 1605 1746 2.485 0 0 0 0 
73 4309.74 4371.28 4189.74 4171.79 4768.72 3898.46 4342.05 4460.51 4293.85 4219.49 4452.31 4266.15 4516.92 4344.1 1604 1746 2.485 0 0 0 0 
74 4312.31 4373.85 4193.85 4173.33 4773.33 3910.26 4361.54 4473.33 4304.1 4230.26 4451.79 4270.26 4521.03 4349.23 1605 1745 2.501 0 0 0 0 
75 4309.74 4376.41 4193.85 4171.28 4776.41 3918.97 4383.08 4482.56 4307.69 4232.82 4453.85 4273.33 4523.59 4343.08 1604 1745 2.501 0 0 0 0 
76 4307.18 4377.44 4194.87 4170.26 4775.38 3917.44 4380 4485.13 4314.87 4237.95 4456.92 4278.46 4530.26 4337.44 1604 1745 2.516 0 0 0 0 
77 4303.08 4368.21 4193.33 4164.1 4772.31 3913.85 4373.85 4475.9 4307.69 4235.9 4456.41 4274.87 4527.18 4331.28 1604 1745 2.516 0 0 0 0 
78 4291.79 4360.51 4190.26 4157.95 4770.26 3910.77 4372.31 4467.69 4296.92 4227.18 4451.79 4267.18 4516.92 4322.56 1603 1744 2.532 0 0 0 0 
79 4288.72 4365.64 4195.38 4163.59 4771.28 3913.85 4373.85 4469.23 4301.54 4233.33 4452.31 4271.79 4517.44 4322.56 1603 1741 2.532 0 0 0 0 
80 4296.41 4369.23 4203.08 4171.28 4775.9 3923.08 4384.1 4472.31 4306.15 4242.56 4458.97 4280 4524.1 4330.26 1603 1739 2.547 0 0 0 0 
81 4300.51 4371.28 4206.67 4174.87 4782.05 3923.59 4384.62 4476.92 4309.74 4242.56 4464.62 4282.05 4529.23 4336.92 1603 1736 2.547 0 0 0 0 
82 4299.49 4376.41 4206.67 4176.41 4783.08 3918.97 4378.97 4475.38 4313.85 4244.62 4463.59 4280.51 4532.82 4341.03 1603 1732 2.563 0 0 0 0 
83 4296.92 4374.36 4206.15 4171.79 4783.08 3924.62 4389.23 4470.77 4313.85 4250.77 4462.56 4279.49 4530.77 4337.44 1603 1729 2.563 0 0 0 0 
84 4295.9 4370.77 4207.69 4167.69 4787.18 3933.33 4398.97 4482.05 4321.54 4255.38 4469.23 4280.51 4529.74 4334.87 1603 1728 2.579 0 0 0 0 
85 4301.03 4377.95 4210.26 4172.82 4788.72 3932.31 4397.95 4496.41 4332.82 4257.95 4472.82 4282.05 4536.92 4338.46 1603 1726 2.579 0 0 0 0 
86 4307.18 4383.59 4211.28 4178.97 4786.67 3928.72 4401.03 4494.36 4330.77 4257.95 4469.74 4280 4544.1 4345.13 1603 1726 2.594 0 0 0 0 
87 4312.82 4383.08 4213.33 4180.51 4786.15 3929.74 4397.44 4477.44 4317.95 4253.85 4466.67 4277.95 4543.08 4349.23 1603 1724 2.594 0 0 0 0 
88 4327.18 4388.21 4217.95 4185.64 4789.23 3929.23 4384.62 4465.64 4312.82 4252.31 4467.69 4280.51 4543.59 4359.49 1604 1724 2.61 0 0 0 0 
89 4348.72 4397.44 4226.15 4195.9 4794.36 3926.15 4385.13 4469.74 4320.51 4254.87 4470.77 4286.67 4553.33 4378.46 1604 1722 2.61 0 0 0 0 
90 4368.21 4408.21 4234.87 4205.13 4795.38 3924.62 4393.85 4474.87 4324.62 4254.36 4472.82 4291.28 4560.51 4397.44 1604 1723 2.625 0 0 0 0 
91 4389.74 4422.05 4245.13 4215.38 4797.95 3930.26 4398.97 4477.95 4322.05 4253.85 4474.87 4295.38 4564.1 4416.92 1605 1722 2.625 0 0 0 0 
92 4409.23 4432.31 4254.87 4226.15 4806.15 3939.49 4407.18 4485.13 4326.67 4258.46 4477.95 4298.97 4571.79 4439.49 1604 1723 2.641 0 0 0 0 
93 4418.97 4433.33 4263.08 4233.33 4808.72 3942.05 4414.36 4490.26 4335.38 4262.56 4477.95 4300.51 4578.97 4456.41 1606 1723 2.641 0 0 0 0 
94 4424.1 4439.49 4267.18 4235.9 4806.67 3941.03 4413.33 4489.23 4337.95 4263.59 4477.95 4300 4582.05 4464.62 1605 1723 2.657 0 0 0 0 
95 4426.67 4447.18 4264.1 4236.92 4806.67 3940 4407.69 4487.18 4334.87 4262.05 4478.97 4300 4584.1 4468.72 1604 1726 2.657 0 0 0 0 
96 4419.49 4442.56 4256.41 4232.82 4803.59 3935.9 4404.62 4482.05 4329.74 4258.46 4472.82 4293.85 4581.54 4462.56 1605 1726 2.672 0 0 0 0 
97 4407.18 4430.77 4248.72 4226.67 4800.51 3931.79 4406.67 4477.44 4326.67 4254.87 4468.21 4288.21 4577.95 4448.21 1606 1727 2.672 0 0 0 0 
98 4396.92 4430.26 4247.18 4225.13 4802.56 3940 4412.82 4483.59 4331.79 4257.44 4474.87 4291.79 4580.51 4442.05 1605 1728 2.688 0 0 0 0 
99 4392.31 4432.31 4249.23 4226.15 4803.59 3949.23 4420 4494.36 4339.49 4264.62 4477.95 4296.41 4578.97 4440.51 1605 1731 2.688 0 0 0 0 
100 4389.23 4422.05 4244.62 4222.05 4800.51 3944.62 4416.92 4491.28 4336.92 4264.1 4472.31 4289.74 4567.18 4427.69 1605 1731 2.703 0 0 0 0 
101 4381.03 4412.82 4235.38 4213.33 4798.97 3940 4413.33 4486.15 4330.77 4257.44 4470.77 4280.51 4558.46 4406.67 1604 1734 2.703 0 0 0 0 
102 4365.64 4411.28 4231.28 4208.21 4796.92 3944.62 4416.92 4493.33 4333.85 4257.44 4467.69 4280.51 4556.41 4395.38 1605 1734 2.719 0 0 0 0 
103 4351.79 4403.08 4229.74 4203.08 4793.85 3942.56 4394.36 4495.9 4338.97 4262.05 4460.51 4280.51 4547.69 4387.18 1604 1737 2.719 0 0 0 0 
104 4342.05 4391.79 4226.67 4195.9 4794.36 3934.36 4343.59 4490.77 4336.92 4260 4462.56 4275.9 4537.44 4373.85 1605 1739 2.735 0 0 0 0 
105 4333.85 4392.31 4226.15 4194.36 4794.36 3934.87 4315.9 4492.82 4334.87 4256.41 4465.64 4275.38 4536.92 4366.15 1604 1741 2.735 0 0 0 0 
106 4327.69 4393.33 4224.1 4196.41 4793.33 3938.46 4320 4495.9 4334.87 4258.97 4461.03 4275.9 4536.92 4363.59 1604 1744 2.75 0 0 0 0 
107 4324.1 4388.21 4216.92 4193.85 4793.33 3936.41 4323.08 4494.87 4334.36 4264.1 4461.54 4272.82 4532.82 4356.41 1604 1744 2.75 0 0 0 0 
108 4318.97 4383.59 4214.36 4189.23 4791.28 3936.41 4330.77 4497.95 4333.85 4267.69 4466.15 4272.82 4531.79 4348.21 1604 1744 2.766 0 0 0 0 
109 4313.33 4378.97 4215.9 4186.15 4786.15 3936.92 4351.79 4505.64 4337.44 4268.21 4464.1 4276.41 4533.85 4345.13 1604 1743 2.766 0 0 0 0 
110 4307.18 4372.31 4210.77 4180 4781.54 3930.26 4363.59 4498.46 4332.82 4262.56 4458.97 4272.82 4532.31 4338.46 1604 1742 2.781 0 0 0 0 
111 4298.46 4369.23 4203.08 4170.26 4775.38 3923.08 4369.23 4486.67 4319.49 4251.28 4458.46 4265.13 4526.67 4328.21 1604 1741 2.781 0 0 0 0 
112 4290.26 4369.23 4202.05 4165.13 4767.18 3928.72 4389.74 4497.95 4323.08 4244.62 4457.95 4266.15 4520 4324.62 1603 1742 2.797 0 0 0 0 
113 4294.36 4368.21 4206.67 4172.31 4771.28 3932.82 4399.49 4505.64 4336.92 4255.38 4460 4275.38 4524.62 4332.82 1605 1741 2.797 0 0 0 0 
114 4303.59 4372.31 4214.36 4185.13 4785.13 3932.31 4398.46 4492.31 4341.54 4273.85 4470.26 4282.56 4542.05 4344.62 1603 1740 2.813 0 0 0 0 
115 4307.18 4376.92 4217.95 4188.72 4789.23 3936.41 4412.82 4494.36 4340.51 4276.41 4472.31 4279.49 4548.21 4346.67 1604 1738 2.813 0 0 0 0 
116 4312.31 4379.49 4215.38 4186.15 4785.13 3935.38 4418.46 4499.49 4340.51 4270.26 4466.15 4275.9 4546.15 4348.72 1604 1735 2.828 0 0 0 0 
117 4325.13 4386.15 4217.95 4190.77 4789.23 3931.79 4413.85 4488.72 4338.46 4272.31 4471.28 4280.51 4556.41 4364.62 1604 1734 2.828 0 0 0 0 
118 4342.56 4397.95 4227.69 4202.05 4792.82 3933.33 4422.56 4491.28 4340 4275.38 4478.97 4285.64 4566.67 4382.05 1604 1731 2.844 0 0 0 0 
119 4361.03 4411.79 4235.9 4212.31 4788.72 3932.31 4428.21 4493.33 4336.92 4269.23 4473.85 4284.62 4567.69 4393.33 1604 1731 2.844 0 0 0 0 
120 4375.9 4422.56 4236.41 4214.87 4788.72 3928.21 4422.05 4469.23 4317.95 4256.92 4470.26 4282.05 4568.72 4400.51 1605 1728 2.859 0 0 0 0 
121 4383.59 4427.69 4232.82 4210.26 4787.18 3930.26 4424.1 4455.9 4302.05 4242.05 4470.26 4279.49 4563.59 4407.18 1604 1727 2.859 0 0 0 0 
122 4395.9 4431.79 4236.92 4213.85 4784.62 3935.9 4434.36 4477.44 4310.77 4237.95 4467.18 4282.56 4557.95 4420.51 1604 1724 2.875 0 0 0 0 
123 4409.74 4433.33 4245.64 4221.03 4785.13 3934.87 4439.49 4492.82 4323.08 4247.18 4469.23 4288.72 4561.54 4436.92 1604 1724 2.875 0 0 0 0 
124 4418.46 4430.77 4252.31 4217.44 4788.21 3931.79 4443.59 4484.1 4323.08 4256.92 4477.44 4294.87 4573.85 4449.74 1605 1723 2.891 0 0 0 0 
125 4424.62 4430.77 4254.36 4216.41 4787.69 3932.31 4440.51 4469.23 4322.05 4261.03 4479.49 4299.49 4588.72 4457.44 1604 1723 2.891 0 0 0 0 
126 4419.49 4430.77 4246.15 4218.46 4778.46 3923.08 4429.74 4457.44 4312.82 4247.18 4472.31 4291.28 4583.08 4451.28 1604 1724 2.906 0 0 0 0 
127 4409.23 4431.79 4239.49 4218.46 4773.85 3915.38 4427.69 4460 4305.13 4239.49 4473.33 4283.08 4574.87 4443.59 1604 1723 2.906 0 0 0 0 
128 4407.18 4433.33 4241.03 4217.44 4782.05 3924.1 4436.92 4467.69 4313.33 4250.77 4482.05 4287.18 4582.56 4442.05 1604 1724 2.922 0 0 0 0 
0 4404.1 4432.31 4240.51 4214.36 4788.21 3929.74 4444.62 4469.23 4318.97 4253.85 4480 4289.23 4582.56 4438.46 1605 1724 2.922 0 0 0 0 
1 4398.46 4425.64 4237.44 4212.82 4783.59 3925.64 4445.13 4470.26 4317.44 4253.33 4474.87 4285.64 4568.21 4428.72 1604 1726 2.937 0 0 0 0 
2 4388.21 4418.46 4232.82 4209.23 4777.44 3922.05 4442.05 4469.23 4317.44 4255.38 4473.33 4282.05 4560.51 4412.82 1605 1726 2.937 0 0 0 0 
3 4371.28 4413.85 4225.13 4202.05 4780 3920.51 4442.05 4466.15 4315.9 4248.21 4466.15 4277.44 4558.97 4398.46 1604 1728 2.953 0 0 0 0 
4 4360.51 4411.79 4222.05 4201.54 4785.13 3923.59 4449.74 4470.26 4318.46 4248.21 4463.59 4278.46 4556.92 4391.28 1605 1730 2.953 0 0 0 0 
5 4361.03 4411.79 4227.69 4209.23 4792.31 3938.46 4467.18 4484.1 4331.79 4266.67 4475.9 4283.59 4563.59 4389.74 1604 1731 2.969 0 0 0 0 
6 4364.62 4414.36 4234.87 4217.44 4801.03 3952.31 4481.54 4494.36 4344.1 4280 4483.08 4288.21 4570.77 4392.31 1604 1733 2.969 0 0 0 0 
7 4361.03 4417.44 4239.49 4221.03 4805.64 3956.41 4487.18 4500.51 4350.77 4284.62 4480 4293.85 4572.82 4393.85 1604 1733 2.984 0 0 0 0 
8 4351.79 4415.38 4238.97 4221.54 4805.64 3957.44 4492.31 4506.15 4355.38 4292.31 4481.03 4295.9 4577.44 4388.72 1604 1738 2.984 0 0 0 0 
9 4346.15 4411.79 4236.41 4221.03 4807.18 3957.95 4496.92 4507.69 4356.92 4297.95 4481.54 4288.21 4576.41 4383.08 1604 1740 3 0 0 0 0 
10 4345.13 4409.74 4237.95 4220.51 4810.77 3961.03 4498.97 4509.23 4361.03 4299.49 4478.46 4287.18 4572.82 4381.03 1604 1742 3 0 0 0 0 
11 4342.56 4408.72 4242.05 4222.56 4813.33 3965.64 4503.08 4512.82 4368.72 4303.08 4478.97 4293.85 4575.9 4380.51 1603 1744 3.015 0 0 0 0 
12 4342.05 4411.28 4247.69 4229.23 4816.92 3966.15 4507.69 4514.36 4371.28 4305.64 4480 4296.41 4579.49 4382.05 1603 1745 3.015 0 0 0 0 
13 4343.59 4413.33 4252.82 4234.87 4820.51 3967.69 4513.33 4520.51 4374.87 4313.33 4483.08 4297.95 4582.56 4382.56 1602 1747 3.031 0 0 0 0 
14 4341.03 4412.31 4250.77 4232.82 4821.54 3969.23 4516.92 4526.15 4378.97 4321.54 4484.62 4296.92 4584.1 4381.54 1602 1747 3.031 0 0 0 0 
15 4342.56 4412.31 4246.15 4231.79 4819.49 3969.23 4516.92 4520.51 4375.38 4321.54 4482.56 4291.28 4580.51 4382.05 1602 1746 3.047 0 0 0 0 
16 4349.74 4416.41 4249.74 4238.46 4820 3974.36 4525.13 4525.13 4374.36 4322.05 4484.62 4293.33 4587.69 4387.18 1603 1745 3.047 0 0 0 0 
17 4353.33 4418.97 4253.85 4240 4819.49 3974.87 4530.77 4543.08 4376.41 4322.56 4487.18 4299.49 4599.49 4396.92 1602 1743 3.062 0 0 0 0 
18 4362.56 4419.49 4255.38 4240.51 4815.9 3965.13 4521.54 4537.95 4369.74 4315.38 4485.13 4301.03 4595.38 4406.15 1602 1743 3.062 0 0 0 0 
19 4381.03 4424.62 4257.95 4246.67 4812.82 3956.41 4508.72 4511.28 4355.9 4304.62 4483.08 4299.49 4587.69 4414.36 1604 1740 3.078 0 0 0 0 
20 4396.92 4430.26 4255.9 4247.18 4811.79 3952.31 4504.62 4502.56 4348.21 4297.95 4483.08 4298.97 4591.28 4426.67 1603 1739 3.078 0 0 0 0 
21 4415.9 4438.46 4258.97 4251.79 4817.44 3958.46 4517.44 4518.97 4354.36 4305.13 4488.72 4303.59 4603.59 4446.67 1603 1737 3.093 0 0 0 0 
22 4436.92 4448.72 4270.26 4267.18 4823.08 3969.74 4535.9 4526.15 4362.05 4312.82 4493.85 4307.69 4612.82 4464.1 1603 1735 3.093 0 0 0 0 
23 4447.18 4452.82 4277.44 4270.77 4822.56 3962.05 4526.67 4515.38 4357.95 4307.69 4488.21 4308.21 4611.28 4475.9 1603 1732 3.109 0 0 0 0 
24 4458.46 4457.95 4284.62 4272.31 4825.64 3952.82 4497.95 4511.79 4357.44 4309.74 4491.28 4314.36 4620 4497.44 1603 1731 3.109 0 0 0 0 
25 4471.79 4465.13 4292.82 4286.67 4833.85 3963.59 4502.05 4515.38 4363.59 4321.54 4502.05 4322.05 4638.46 4515.38 1604 1729 3.125 0 0 0 0 
26 4468.21 4462.05 4289.74 4288.72 4837.44 3974.87 4531.28 4508.21 4355.38 4315.9 4493.33 4314.87 4632.82 4507.69 1603 1727 3.125 0 0 0 0 
27 4455.38 4457.95 4275.9 4275.9 4831.28 3970.77 4528.72 4496.92 4342.56 4300 4483.59 4300.51 4616.92 4489.23 1604 1727 3.145 0 0 0 0 
28 4444.1 4462.56 4263.59 4271.28 4828.72 3967.18 4506.67 4497.44 4348.21 4298.97 4486.15 4290.77 4613.85 4476.92 1604 1724 3.145 0 0 0 0 
29 4430.77 4463.08 4258.46 4269.23 4831.28 3966.67 4507.18 4505.64 4357.95 4303.59 4482.05 4286.67 4609.74 4467.18 1603 1724 3.145 0 0 0 0 
30 4426.15 4457.95 4261.54 4264.62 4832.82 3967.69 4518.46 4510.26 4358.97 4305.64 4480.51 4291.28 4604.62 4461.03 1604 1721 3.161 0 0 0 0 
31 4429.23 4462.05 4267.18 4270.77 4838.97 3977.95 4528.21 4518.46 4368.21 4319.49 4492.31 4303.08 4616.92 4460 1602 1722 3.161 0 0 0 0 
32 4417.44 4464.1 4262.05 4269.23 4844.62 3981.03 4535.38 4526.15 4374.87 4325.64 4492.31 4301.03 4621.03 4449.74 1604 1722 3.176 0 0 0 0 
33 4395.38 4452.31 4249.23 4253.85 4839.49 3972.31 4532.82 4524.1 4368.21 4314.87 4481.03 4287.18 4596.92 4430.77 1604 1721 3.192 0 0 0 0 
34 4390.26 4446.67 4252.82 4254.36 4837.95 3976.41 4531.28 4528.21 4377.95 4322.56 4487.18 4290.77 4591.79 4425.64 1604 1723 3.192 0 0 0 0 
35 4391.28 4447.18 4260.51 4257.95 4842.05 3983.59 4533.85 4530.77 4389.74 4340.51 4493.85 4299.49 4609.23 4425.64 1604 1722 3.192 0 0 0 0 
36 4385.13 4442.05 4255.38 4250.26 4839.49 3981.54 4532.31 4518.46 4379.49 4336.92 4487.18 4292.82 4610.26 4416.41 1604 1723 3.208 0 0 0 0 
37 4382.56 4435.9 4253.85 4250.77 4837.95 3978.97 4529.74 4514.87 4374.87 4336.92 4484.62 4288.72 4603.59 4410.77 1605 1724 3.208 0 0 0 0 
38 4376.92 4434.36 4255.38 4252.31 4837.44 3972.82 4526.67 4523.08 4380 4344.1 4487.18 4295.38 4600.51 4405.13 1604 1725 3.223 0 0 0 0 
39 4366.67 4433.85 4250.77 4244.62 4835.38 3968.21 4524.1 4524.62 4377.44 4334.36 4486.67 4296.41 4595.38 4393.33 1605 1726 3.239 0 0 0 0 
40 4364.1 4431.28 4250.26 4245.13 4840.51 3977.44 4530.77 4526.67 4378.46 4331.79 4484.62 4292.31 4596.92 4389.23 1604 1728 3.239 0 0 0 0 
41 4364.62 4433.33 4255.38 4250.26 4845.64 3986.15 4537.95 4533.85 4389.23 4347.18 4485.13 4294.36 4606.15 4391.28 1606 1728 3.239 0 0 0 0 
42 4357.95 4435.38 4253.33 4247.69 4842.05 3981.03 4536.92 4534.87 4390.77 4347.18 4484.62 4296.41 4600.51 4383.59 1604 1729 3.254 0 0 0 0 
43 4351.28 4433.85 4250.77 4247.69 4838.97 3978.46 4536.41 4532.31 4386.15 4336.41 4484.1 4294.36 4591.79 4374.87 1606 1732 3.27 0 0 0 0 
44 4351.79 4432.31 4255.9 4250.26 4840 3983.08 4539.49 4531.79 4388.21 4341.03 4482.56 4294.87 4591.79 4378.46 1605 1732 3.27 0 0 0 0 
45 4350.26 4428.21 4255.38 4242.56 4835.9 3977.44 4535.9 4525.64 4385.13 4343.08 4478.46 4295.9 4589.74 4381.03 1606 1734 3.27 0 0 0 0 
46 4347.69 4427.18 4250.26 4239.49 4830.77 3972.31 4531.79 4522.56 4374.87 4332.82 4482.56 4296.92 4591.79 4376.41 1606 1735 3.286 0 0 0 0 
47 4352.82 4435.38 4254.36 4250.77 4837.44 3981.03 4538.46 4530.77 4374.87 4333.33 4486.67 4297.44 4596.92 4375.38 1606 1738 3.301 0 0 0 0 
48 4360 4436.41 4256.92 4254.87 4842.56 3986.67 4541.54 4532.82 4380 4336.92 4480.51 4296.41 4592.82 4381.03 1605 1740 3.301 0 0 0 0 
49 4358.97 4429.74 4252.31 4249.23 4836.41 3980 4533.85 4523.08 4373.85 4331.79 4476.92 4295.9 4591.28 4386.67 1605 1743 3.317 0 0 0 0 
50 4362.56 4433.85 4255.9 4251.28 4832.82 3978.46 4533.33 4518.97 4369.23 4329.74 4477.44 4299.49 4598.46 4392.82 1605 1744 3.317 0 0 0 0 
51 4381.03 4446.15 4265.13 4259.49 4836.41 3980.51 4537.95 4521.03 4371.28 4330.26 4467.18 4302.05 4601.54 4402.05 1604 1747 3.317 0 0 0 0 
52 4394.87 4454.36 4265.64 4262.56 4834.36 3975.9 4534.36 4515.9 4365.13 4324.62 4448.72 4299.49 4598.97 4412.31 1604 1745 3.332 0 0 0 0 
53 4401.54 4458.97 4264.1 4263.08 4827.69 3970.26 4527.18 4509.74 4358.46 4317.44 4440.51 4298.97 4600 4425.13 1603 1746 3.348 0 0 0 0 
54 4416.92 4463.08 4268.21 4267.18 4826.67 3969.23 4532.82 4519.49 4360 4314.36 4450.26 4301.54 4606.67 4441.03 1605 1746 3.348 0 0 0 0 
55 4437.95 4465.64 4272.31 4271.79 4826.67 3965.64 4535.38 4525.64 4362.56 4309.23 4469.23 4298.97 4612.31 4454.87 1604 1743 3.364 0 0 0 0 
56 4449.23 4464.62 4273.33 4271.79 4822.05 3959.49 4522.56 4515.9 4358.97 4303.08 4480 4298.46 4611.28 4465.64 1604 1743 3.364 0 0 0 0 
57 4452.31 4468.21 4274.36 4275.38 4819.49 3960 4522.56 4515.38 4357.95 4303.08 4475.9 4305.64 4612.82 4474.36 1604 1739 3.379 0 0 0 0 
58 4451.79 4473.85 4272.31 4278.97 4820.51 3963.59 4535.9 4515.38 4352.82 4304.1 4472.82 4306.67 4621.03 4475.38 1603 1737 3.379 0 0 0 0 
59 4452.31 4472.82 4269.23 4278.46 4823.08 3962.05 4527.69 4504.1 4350.26 4307.69 4474.87 4299.49 4627.18 4472.82 1604 1735 3.395 0 0 0 0 
60 4455.38 4474.36 4273.33 4280 4829.23 3961.03 4509.74 4503.59 4362.56 4316.41 4473.85 4301.03 4627.18 4475.38 1603 1734 3.395 0 0 0 0 
61 4448.72 4478.97 4273.85 4286.15 4833.85 3967.18 4519.49 4506.67 4371.79 4318.46 4472.82 4304.1 4624.62 4468.72 1604 1731 3.41 0 0 0 0 
62 4429.74 4471.28 4263.59 4281.03 4830.26 3968.72 4530.77 4487.69 4361.54 4311.79 4471.79 4296.92 4620 4453.33 1604 1730 3.41 0 0 0 0 
63 4412.31 4456.92 4254.36 4257.95 4822.56 3962.05 4523.59 4469.23 4347.69 4309.23 4461.54 4288.21 4602.56 4440 1604 1727 3.426 0 0 0 0 
64 4406.67 4452.82 4254.87 4246.67 4822.56 3961.54 4525.13 4479.49 4351.28 4310.26 4453.85 4290.77 4589.23 4427.69 1604 1726 3.426 0 0 0 0 
65 4405.64 4455.38 4258.97 4260 4830.77 3971.28 4535.9 4503.08 4369.23 4312.82 4466.67 4300.51 4602.56 4422.05 1604 1725 3.442 0 0 0 0 
66 4397.95 4450.77 4258.46 4263.59 4832.31 3976.41 4534.87 4512.31 4381.03 4321.54 4478.46 4302.56 4616.41 4421.54 1604 1724 3.442 0 0 0 0 
67 4384.62 4440 4253.33 4248.21 4826.67 3969.74 4530.77 4502.56 4372.82 4323.59 4471.28 4295.38 4603.59 4411.79 1604 1722 3.457 0 0 0 0 
68 4376.92 4437.44 4253.33 4243.59 4824.1 3971.79 4538.46 4501.54 4369.74 4316.41 4467.18 4294.36 4593.33 4400 1603 1722 3.457 0 0 0 0 
69 4373.85 4441.03 4255.9 4249.74 4826.67 3979.49 4543.59 4511.28 4380.51 4320 4472.82 4299.49 4598.46 4397.95 1604 1721 3.473 0 0 0 0 
70 4365.64 4434.87 4251.79 4245.64 4828.72 3976.41 4538.97 4504.1 4380.51 4329.23 4471.79 4297.95 4594.87 4395.38 1603 1722 3.473 0 0 0 0 
71 4354.87 4423.59 4242.56 4234.87 4826.67 3968.21 4534.36 4489.74 4367.69 4322.56 4467.69 4290.26 4584.1 4383.08 1604 1722 3.488 0 0 0 0 
72 4352.31 4423.59 4243.08 4234.87 4826.15 3972.82 4538.97 4491.79 4366.15 4315.38 4469.74 4289.23 4586.67 4375.9 1603 1723 3.488 0 0 0 0 
73 4353.33 4429.23 4253.33 4245.64 4833.33 3983.08 4549.23 4502.56 4378.97 4325.64 4472.31 4296.92 4597.44 4381.03 1604 1724 3.504 0 0 0 0 
74 4351.28 4429.23 4255.9 4249.74 4839.49 3982.56 4550.26 4499.49 4382.56 4330.77 4471.79 4297.44 4595.9 4383.08 1603 1724 3.504 0 0 0 0 
75 4353.33 4427.69 4252.31 4243.59 4836.41 3977.44 4544.62 4492.31 4375.38 4324.62 4470.77 4295.9 4589.74 4379.49 1603 1726 3.52 0 0 0 0 
76 4352.31 4426.67 4251.28 4235.9 4831.28 3973.33 4541.03 4494.87 4369.23 4319.49 4467.18 4297.44 4589.23 4378.97 1604 1727 3.52 0 0 0 0 
77 4339.49 4426.67 4252.82 4240 4830.26 3974.87 4544.1 4503.08 4370.77 4319.49 4468.21 4296.41 4592.82 4380.51 1604 1728 3.535 0 0 0 0 
78 4329.23 4430.77 4249.74 4249.74 4829.74 3977.44 4551.28 4504.62 4374.36 4323.08 4474.36 4296.92 4594.36 4376.41 1604 1728 3.535 0 0 0 0 
79 4331.28 4436.41 4247.69 4247.18 4828.72 3975.38 4552.31 4500 4369.23 4317.95 4475.38 4300 4590.26 4371.28 1603 1731 3.551 0 0 0 0 
80 4334.87 4438.46 4252.82 4246.67 4832.82 3977.44 4554.87 4504.62 4369.23 4314.36 4475.38 4302.56 4593.85 4380 1604 1732 3.551 0 0 0 0 
81 4330.77 4433.85 4256.41 4254.36 4838.97 3982.56 4561.54 4511.28 4373.85 4320.51 4477.44 4303.59 4601.03 4386.67 1603 1734 3.566 0 0 0 0 
82 4326.67 4434.36 4255.38 4253.33 4841.03 3984.1 4564.62 4512.31 4375.9 4322.56 4475.9 4302.05 4598.46 4381.03 1605 1735 3.566 0 0 0 0 
83 4328.21 4435.9 4251.28 4244.62 4837.44 3982.56 4566.15 4513.85 4373.85 4319.49 4472.82 4296.41 4591.28 4378.97 1603 1737 3.582 0 0 0 0 
84 4332.31 4430.77 4243.59 4242.56 4829.23 3974.87 4560 4508.72 4366.15 4311.28 4469.23 4289.23 4588.72 4383.59 1605 1740 3.582 0 0 0 0 
85 4345.64 4437.44 4248.21 4251.28 4829.23 3970.26 4555.9 4503.08 4362.56 4306.15 4469.74 4292.31 4592.82 4394.36 1604 1740 3.598 0 0 0 0 
86 4366.15 4454.87 4261.03 4262.05 4834.87 3975.9 4560.51 4507.18 4365.13 4308.21 4475.9 4301.54 4599.49 4416.41 1605 1743 3.598 0 0 0 0 
87 4381.03 4460.51 4263.08 4267.18 4831.28 3975.9 4557.44 4508.21 4362.05 4306.15 4478.97 4305.64 4603.08 4435.38 1605 1741 3.613 0 0 0 0 
88 4387.18 4457.44 4257.95 4263.59 4820.51 3968.21 4556.41 4502.05 4352.31 4294.87 4471.79 4303.08 4599.49 4437.95 1604 1742 3.613 0 0 0 0 
89 4392.31 4457.95 4255.38 4255.9 4813.85 3966.67 4568.21 4504.1 4345.13 4283.08 4466.67 4297.95 4593.33 4441.03 1606 1741 3.629 0 0 0 0 
90 4401.54 4460 4254.87 4252.82 4811.79 3966.15 4569.74 4515.38 4345.13 4282.05 4470.77 4296.92 4597.44 4456.41 1605 1740 3.629 0 0 0 0 
91 4407.69 4460.51 4255.38 4253.33 4809.74 3954.36 4544.62 4507.18 4343.59 4283.59 4471.79 4298.46 4600.51 4467.69 1605 1739 3.644 0 0 0 0 
92 4408.21 4457.95 4257.44 4255.9 4808.72 3945.13 4528.72 4482.05 4334.36 4280 4469.23 4298.46 4595.9 4468.21 1605 1738 3.644 0 0 0 0 
93 4413.85 4458.46 4262.05 4265.13 4809.74 3955.38 4549.23 4481.54 4330.77 4277.95 4471.28 4298.97 4596.92 4471.28 1606 1736 3.66 0 0 0 0 
94 4418.46 4461.54 4264.62 4268.21 4810.77 3966.15 4568.72 4499.49 4340.51 4283.59 4473.33 4300 4602.05 4475.38 1605 1734 3.66 0 0 0 0 
95 4411.79 4461.54 4262.56 4257.95 4809.74 3964.1 4558.97 4506.67 4348.72 4289.74 4472.31 4298.97 4598.97 4467.69 1606 1734 3.676 0 0 0 0 
96 4406.67 4461.03 4261.03 4252.82 4810.77 3958.46 4542.56 4506.15 4347.69 4286.15 4472.31 4294.87 4595.9 4460.51 1605 1731 3.676 0 0 0 0 
97 4408.72 4465.64 4265.64 4261.03 4816.92 3961.54 4545.64 4500.51 4344.1 4287.18 4471.79 4296.92 4597.95 4462.56 1604 1731 3.691 0 0 0 0 
98 4400.51 4461.03 4267.69 4261.54 4820.51 3966.15 4551.79 4489.74 4343.59 4293.33 4470.77 4298.97 4594.87 4455.9 1605 1729 3.691 0 0 0 0 
99 4381.54 4442.05 4256.92 4246.67 4815.38 3962.05 4547.18 4489.23 4344.1 4286.15 4468.21 4290.26 4585.13 4431.79 1604 1728 3.707 0 0 0 0 
100 4365.13 4427.18 4245.13 4235.38 4807.69 3960.51 4549.74 4501.54 4348.72 4279.49 4465.13 4281.54 4570.77 4410.26 1604 1727 3.707 0 0 0 0 
101 4350.77 4426.67 4240.51 4231.79 4805.64 3966.15 4558.46 4506.15 4350.26 4283.08 4461.54 4282.05 4556.92 4397.44 1603 1727 3.722 0 0 0 0 
102 4340 4427.69 4238.46 4222.05 4805.64 3967.18 4560 4505.13 4350.77 4284.1 4462.56 4282.56 4555.38 4389.23 1605 1726 3.722 0 0 0 0 
103 4333.85 4421.03 4232.82 4210.26 4803.59 3959.49 4550.77 4501.03 4350.77 4278.46 4464.62 4277.95 4549.74 4381.54 1604 1725 3.738 0 0 0 0 
104 4319.49 4409.74 4225.64 4203.08 4798.46 3950.26 4538.97 4493.33 4343.08 4272.31 4461.54 4273.33 4531.28 4365.13 1604 1725 3.738 0 0 0 0 
105 4305.13 4402.05 4222.56 4204.1 4795.38 3949.23 4539.49 4496.41 4343.08 4273.33 4459.49 4273.85 4529.23 4348.72 1603 1724 3.754 0 0 0 0 
106 4304.62 4405.64 4223.08 4209.23 4800 3957.95 4548.72 4503.59 4354.87 4283.59 4463.08 4277.44 4546.15 4349.74 1605 1725 3.754 0 0 0 0 
107 4306.15 4410.77 4223.08 4210.26 4804.1 3964.1 4553.85 4502.05 4357.44 4289.23 4462.05 4279.49 4548.72 4353.33 1604 1724 3.769 0 0 0 0 
108 4301.03 4408.72 4222.56 4209.74 4805.64 3967.18 4557.44 4502.05 4357.44 4292.31 4461.54 4282.05 4541.54 4348.21 1603 1727 3.769 0 0 0 0 
109 4297.95 4405.64 4223.59 4211.79 4806.15 3968.72 4561.03 4508.21 4365.64 4299.49 4464.1 4283.59 4543.08 4345.64 1605 1726 3.785 0 0 0 0 
110 4291.79 4402.56 4218.97 4206.15 4798.97 3961.54 4556.92 4504.1 4364.62 4294.36 4459.49 4278.46 4537.95 4340.51 1604 1728 3.785 0 0 0 0 
111 4285.13 4400.51 4211.79 4200 4794.87 3957.95 4555.38 4497.44 4353.85 4287.18 4455.38 4277.44 4528.21 4334.87 1605 1729 3.8 0 0 0 0 
112 4288.72 4398.97 4212.31 4203.59 4799.49 3962.05 4561.03 4501.54 4353.33 4290.26 4458.46 4282.56 4530.26 4335.9 1605 1729 3.8 0 0 0 0 
113 4293.85 4399.49 4217.44 4208.21 4801.03 3963.08 4560 4505.64 4354.36 4289.74 4461.03 4283.08 4537.95 4335.9 1605 1732 3.816 0 0 0 0 
114 4292.31 4401.54 4218.46 4206.67 4795.38 3958.46 4554.36 4500.51 4350.26 4285.64 4461.03 4280.51 4534.87 4335.38 1604 1733 3.816 0 0 0 0 
115 4289.74 4401.03 4218.97 4206.15 4794.36 3956.41 4555.9 4500.51 4347.18 4286.67 4462.56 4280.51 4528.21 4338.46 1604 1734 3.832 0 0 0 0 
116 4293.33 4399.49 4223.08 4212.31 4797.44 3956.41 4560 4508.72 4347.69 4288.21 4466.15 4283.59 4532.31 4342.05 1605 1736 3.832 0 0 0 0 
117 4295.38 4398.97 4221.54 4213.33 4794.36 3954.87 4556.41 4504.62 4340.51 4281.54 4467.18 4282.05 4529.74 4339.49 1604 1737 3.847 0 0 0 0 
118 4300 4402.05 4219.49 4212.31 4794.36 3958.97 4558.97 4496.41 4331.79 4270.77 4463.08 4279.49 4519.49 4342.56 1604 1741 3.847 0 0 0 0 
119 4311.79 4408.72 4224.1 4218.97 4797.95 3964.1 4568.21 4498.97 4327.69 4260 4459.49 4280 4518.97 4356.92 1604 1742 3.863 0 0 0 0 
120 4322.05 4413.85 4223.59 4222.05 4792.31 3957.44 4565.64 4498.46 4317.95 4245.64 4457.44 4277.95 4514.36 4364.1 1604 1743 3.863 0 0 0 0 
121 4336.92 4420 4226.67 4223.08 4785.13 3948.72 4561.03 4493.33 4314.87 4243.59 4458.97 4280 4512.31 4372.31 1604 1745 3.878 0 0 0 0 
122 4361.03 4433.33 4240 4236.92 4787.69 3948.21 4563.59 4496.92 4328.21 4258.46 4468.72 4293.33 4537.95 4398.97 1604 1747 3.878 0 0 0 0 
123 4376.92 4447.18 4248.21 4251.79 4793.33 3949.23 4567.18 4502.56 4334.87 4269.74 4475.9 4303.59 4563.59 4429.74 1604 1745 3.894 0 0 0 0 
124 4378.97 4447.69 4242.56 4249.74 4789.23 3943.08 4562.56 4497.95 4327.69 4263.59 4470.77 4301.03 4557.44 4435.9 1603 1744 3.894 0 0 0 0 
125 4378.46 4440 4238.46 4242.56 4780 3937.95 4563.59 4494.87 4322.05 4252.31 4468.72 4297.95 4548.72 4431.28 1604 1743 3.91 0 0 0 0 
126 4379.49 4438.97 4238.97 4242.56 4778.46 3940 4572.31 4505.13 4324.1 4246.67 4471.79 4297.44 4551.79 4434.36 1604 1740 3.91 0 0 0 0 
127 4379.49 4441.54 4234.36 4243.08 4777.95 3935.9 4561.03 4506.15 4321.03 4242.05 4464.62 4291.79 4548.21 4430.77 1603 1740 3.925 0 0 0 0 
128 4377.44 4441.03 4233.33 4244.62 4773.85 3933.33 4551.28 4483.08 4308.21 4237.95 4461.54 4286.67 4542.05 4423.08 1604 1736 3.925 0 0 0 0 
0 4372.31 4442.05 4238.46 4250.26 4782.05 3943.08 4558.46 4468.72 4301.54 4236.92 4473.85 4292.31 4545.64 4422.05 1603 1736 3.941 0 0 0 0 
1 4367.18 4445.64 4241.03 4257.95 4792.82 3944.1 4548.21 4483.59 4311.79 4246.67 4478.46 4300 4552.31 4424.62 1604 1733 3.941 0 0 0 0 
2 4365.64 4443.59 4241.54 4263.59 4788.21 3936.92 4533.85 4504.1 4329.23 4262.05 4473.85 4301.03 4559.49 4423.59 1604 1731 3.956 0 0 0 0 
3 4361.54 4435.38 4239.49 4262.05 4785.13 3942.05 4544.1 4507.18 4334.36 4265.64 4475.38 4298.46 4566.67 4416.41 1604 1730 3.956 0 0 0 0 
4 4353.33 4430.26 4234.36 4255.38 4793.85 3946.67 4549.74 4493.33 4327.18 4260.51 4474.36 4297.95 4560 4405.64 1603 1728 3.972 0 0 0 0 
5 4344.1 4431.79 4237.44 4256.92 4798.46 3947.69 4546.15 4483.08 4328.21 4264.62 4471.79 4299.49 4550.26 4397.44 1604 1727 3.972 0 0 0 0 
6 4335.9 4430.26 4238.97 4255.9 4796.92 3953.33 4555.38 4490.26 4333.85 4268.72 4476.41 4296.92 4552.31 4391.79 1603 1727 3.988 0 0 0 0 
7 4328.21 4423.59 4231.79 4246.67 4800 3957.44 4562.05 4506.67 4338.97 4270.26 4481.03 4294.36 4558.46 4386.67 1603 1726 3.988 0 0 0 0 
8 4323.59 4423.08 4231.28 4244.1 4801.03 3957.95 4560.51 4514.87 4345.64 4276.41 4476.41 4296.92 4555.38 4382.05 1604 1724 4.003 0 0 0 0 
9 4315.9 4420.51 4228.21 4242.05 4792.82 3955.38 4557.95 4506.15 4342.56 4269.23 4468.72 4289.23 4540 4367.18 1603 1724 4.003 0 0 0 0 
10 4304.1 4410.26 4221.03 4234.36 4788.21 3953.85 4556.92 4504.62 4334.87 4257.95 4468.72 4277.95 4534.36 4354.36 1604 1722 4.019 0 0 0 0 
11 4299.49 4405.64 4222.56 4235.38 4791.79 3960 4563.08 4513.85 4334.36 4263.08 4472.31 4279.49 4539.49 4354.87 1603 1723 4.019 0 0 0 0 
12 4295.38 4407.69 4225.13 4237.95 4792.82 3960 4561.03 4508.21 4333.85 4266.67 4469.74 4286.15 4537.44 4352.31 1604 1723 4.034 0 0 0 0 
13 4285.64 4400.51 4216.92 4227.69 4787.69 3948.72 4551.28 4490.26 4326.67 4255.9 4463.59 4283.59 4526.67 4340 1603 1723 4.034 0 0 0 0 
14 4281.54 4391.79 4215.38 4222.56 4784.62 3948.72 4551.79 4485.64 4326.15 4255.38 4465.64 4280.51 4526.67 4333.85 1603 1724 4.05 0 0 0 0 
15 4284.62 4393.33 4223.08 4229.23 4784.1 3952.82 4554.36 4493.85 4331.28 4265.64 4471.79 4284.1 4537.44 4338.46 1604 1723 4.05 0 0 0 0 
16 4285.13 4396.41 4225.13 4230.77 4784.62 3945.64 4551.79 4499.49 4332.82 4269.74 4470.77 4289.23 4543.59 4342.56 1604 1725 4.066 0 0 0 0 
17 4287.69 4400 4228.72 4235.9 4789.23 3946.15 4558.46 4505.64 4337.95 4278.97 4470.77 4296.41 4548.21 4347.18 1605 1726 4.066 0 0 0 0 
18 4292.31 4403.08 4232.31 4242.56 4794.36 3955.38 4566.67 4507.18 4341.03 4285.64 4471.79 4298.46 4548.21 4348.72 1605 1727 4.081 0 0 0 0 
19 4287.18 4398.97 4227.18 4237.44 4793.85 3954.36 4563.08 4497.95 4329.23 4272.31 4468.21 4290.26 4538.97 4341.03 1605 1728 4.081 0 0 0 0 
20 4285.64 4397.95 4221.03 4233.85 4793.33 3947.69 4557.44 4489.74 4314.87 4260.51 4465.64 4284.1 4534.36 4337.44 1605 1731 4.097 0 0 0 0 
21 4293.33 4401.03 4221.54 4235.9 4793.33 3945.13 4555.38 4485.64 4309.74 4257.95 4464.62 4283.08 4536.41 4343.59 1606 1731 4.097 0 0 0 0 
22 4302.05 4399.49 4220 4232.31 4786.67 3942.56 4554.87 4483.59 4308.21 4250.77 4459.49 4281.03 4533.85 4349.74 1605 1733 4.112 0 0 0 0 
23 4307.18 4396.41 4214.36 4227.18 4777.44 3935.9 4550.77 4479.49 4302.56 4241.03 4455.9 4277.95 4523.59 4349.74 1606 1734 4.112 0 0 0 0 
24 4316.41 4402.56 4213.85 4230.77 4774.36 3930.77 4543.59 4476.41 4297.44 4234.87 4457.44 4277.95 4517.95 4353.85 1605 1734 4.128 0 0 0 0 
25 4334.87 4413.33 4220 4241.03 4774.36 3928.21 4540 4475.9 4296.92 4232.31 4458.46 4279.49 4522.56 4373.33 1605 1737 4.128 0 0 0 0 
26 4347.69 4416.92 4222.56 4246.15 4768.72 3922.05 4536.92 4471.28 4291.28 4227.18 4455.9 4282.05 4524.62 4392.31 1605 1739 4.144 0 0 0 0 
27 4356.92 4415.9 4225.13 4241.54 4765.13 3916.92 4533.85 4464.1 4284.1 4222.56 4458.46 4287.18 4526.15 4402.05 1604 1741 4.144 0 0 0 0 
28 4367.69 4415.38 4232.31 4234.36 4767.18 3922.05 4538.46 4465.13 4285.13 4225.13 4465.13 4294.36 4536.92 4415.38 1604 1742 4.159 0 0 0 0 
29 4372.31 4418.46 4232.82 4231.79 4765.64 3923.59 4537.95 4464.62 4281.54 4226.15 4464.62 4296.41 4543.59 4425.13 1604 1743 4.159 0 0 0 0 
30 4370.26 4421.03 4227.18 4233.33 4762.56 3920.51 4540.51 4461.03 4272.82 4218.97 4460.51 4292.31 4541.54 4423.08 1604 1742 4.175 0 0 0 0 
31 4368.72 4419.49 4226.15 4229.74 4762.05 3923.59 4554.36 4469.74 4276.92 4217.95 4459.49 4287.69 4540.51 4417.44 1603 1741 4.175 0 0 0 0 
32 4361.03 4413.85 4223.08 4220 4757.44 3920 4546.15 4482.05 4287.18 4222.56 4461.03 4285.64 4537.95 4413.33 1603 1741 4.19 0 0 0 0 
33 4345.64 4407.69 4212.82 4208.21 4750.77 3908.72 4530.26 4474.36 4282.56 4216.41 4458.46 4282.56 4525.64 4402.05 1602 1741 4.19 0 0 0 0 
34 4336.41 4402.56 4208.72 4204.1 4747.18 3905.13 4533.85 4458.46 4269.74 4204.62 4453.33 4275.9 4514.87 4390.26 1603 1741 4.206 0 0 0 0 
35 4334.87 4400.51 4215.9 4209.23 4752.31 3907.18 4531.28 4460 4272.82 4211.28 4455.38 4274.87 4521.54 4386.67 1602 1739 4.206 0 0 0 0 
36 4331.28 4401.03 4216.41 4210.77 4761.03 3910.26 4524.1 4467.69 4284.1 4224.62 4458.46 4281.54 4534.87 4383.59 1602 1739 4.222 0 0 0 0 
37 4320 4396.92 4207.18 4203.59 4760 3913.85 4535.9 4464.1 4281.03 4221.54 4456.41 4282.05 4530.26 4371.79 1603 1736 4.222 0 0 0 0 
38 4310.26 4390.77 4205.13 4197.95 4752.82 3912.31 4538.97 4475.38 4284.62 4222.56 4457.44 4277.44 4517.44 4364.1 1603 1735 4.237 0 0 0 0 
39 4304.62 4386.15 4206.67 4192.82 4749.74 3906.15 4524.62 4493.85 4301.03 4237.44 4461.03 4278.97 4518.97 4364.1 1604 1733 4.237 0 0 0 0 
40 4290.77 4378.97 4196.92 4183.59 4745.64 3903.59 4524.62 4478.46 4296.41 4237.44 4456.41 4276.41 4520.51 4347.69 1604 1731 4.253 0 0 0 0 
41 4276.41 4373.33 4183.59 4175.38 4738.97 3903.08 4527.18 4451.79 4276.41 4219.49 4446.67 4264.62 4503.08 4323.59 1604 1730 4.253 0 0 0 0 
42 4273.33 4372.31 4182.56 4169.23 4734.36 3903.08 4520 4456.41 4273.33 4212.82 4447.18 4265.13 4495.38 4318.97 1604 1728 4.268 0 0 0 0 
43 4273.85 4373.33 4188.72 4170.26 4735.38 3907.18 4527.18 4467.18 4277.44 4220 4454.87 4274.87 4506.67 4325.13 1605 1728 4.268 0 0 0 0 
44 4264.62 4368.21 4184.1 4168.21 4735.38 3904.1 4529.74 4457.44 4268.72 4215.9 4450.77 4270.26 4501.54 4319.49 1604 1727 4.284 0 0 0 0 
45 4256.92 4364.62 4178.97 4158.46 4731.79 3896.92 4517.95 4454.36 4267.69 4209.74 4446.67 4264.1 4490.26 4312.31 1605 1727 4.284 0 0 0 0 
46 4265.64 4369.74 4191.79 4165.13 4736.92 3906.15 4523.59 4464.62 4282.56 4223.59 4455.38 4275.9 4506.15 4318.97 1604 1727 4.3 0 0 0 0 
47 4269.74 4371.79 4198.97 4177.44 4743.08 3920 4540.51 4465.64 4288.72 4232.31 4458.97 4282.05 4514.87 4324.1 1604 1727 4.3 0 0 0 0 
48 4260 4365.13 4190.26 4171.28 4738.46 3912.82 4537.95 4463.08 4282.56 4225.13 4453.85 4274.87 4501.03 4318.97 1604 1727 4.315 0 0 0 0 
49 4255.9 4361.03 4185.13 4157.44 4729.74 3897.44 4525.64 4461.54 4277.44 4218.97 4451.79 4271.79 4496.41 4314.87 1604 1727 4.315 0 0 0 0 
50 4262.56 4363.59 4189.74 4157.95 4729.74 3899.49 4527.69 4456.41 4276.41 4217.95 4451.28 4273.85 4502.56 4318.97 1604 1728 4.331 0 0 0 0 
51 4274.36 4371.79 4195.38 4169.23 4732.82 3903.08 4530.77 4453.85 4275.9 4217.44 4452.82 4277.44 4504.62 4329.23 1605 1727 4.331 0 0 0 0 
52 4290.26 4377.44 4198.46 4171.79 4727.69 3893.33 4520.51 4448.72 4266.67 4207.18 4453.33 4278.97 4502.56 4337.95 1603 1728 4.346 0 0 0 0 
53 4306.67 4380.51 4202.56 4169.74 4718.97 3885.13 4512.31 4438.97 4256.92 4194.87 4450.77 4280.51 4505.13 4351.79 1604 1729 4.346 0 0 0 0 
54 4323.59 4389.74 4211.28 4180.51 4717.95 3882.05 4511.79 4432.31 4254.87 4194.87 4452.31 4285.13 4514.36 4372.82 1604 1727 4.362 0 0 0 0 
55 4341.54 4401.54 4213.85 4194.87 4722.05 3878.46 4509.74 4429.74 4252.82 4198.97 4455.38 4289.74 4522.05 4390.26 1604 1730 4.362 0 0 0 0 
56 4357.95 4405.64 4214.87 4197.95 4723.59 3883.08 4509.74 4435.9 4252.82 4198.97 4458.46 4295.38 4528.21 4406.67 1604 1729 4.378 0 0 0 0 
57 4367.69 4407.69 4219.49 4197.95 4722.05 3888.21 4512.82 4446.67 4258.46 4197.44 4460 4297.95 4531.79 4420.51 1603 1730 4.378 0 0 0 0 
58 4370.77 4409.23 4220.51 4202.56 4723.08 3886.67 4517.44 4449.23 4259.49 4195.9 4457.95 4293.85 4532.31 4422.05 1604 1731 4.393 0 0 0 0 
59 4374.36 4410.26 4217.44 4207.69 4727.69 3888.72 4522.56 4447.69 4260.51 4196.92 4458.97 4289.74 4535.9 4419.49 1604 1732 4.393 0 0 0 0 
60 4376.92 4409.23 4218.46 4207.18 4727.69 3890.26 4521.03 4445.13 4264.1 4198.97 4460 4289.23 4537.44 4419.49 1604 1734 4.409 0 0 0 0 
61 4370.77 4409.23 4220 4202.56 4727.18 3889.74 4520 4445.64 4267.18 4201.03 4456.92 4288.72 4535.38 4418.46 1604 1735 4.409 0 0 0 0 
62 4361.54 4409.74 4217.44 4200.51 4734.36 3895.38 4525.13 4451.28 4270.26 4203.08 4455.9 4288.21 4534.36 4411.79 1605 1735 4.424 0 0 0 0 
63 4354.36 4404.62 4213.85 4197.95 4737.95 3899.49 4524.62 4450.77 4268.72 4201.54 4454.36 4284.1 4528.21 4395.38 1603 1736 4.424 0 0 0 0 
64 4344.62 4399.49 4211.79 4195.38 4732.82 3896.92 4519.49 4447.18 4269.23 4203.59 4453.33 4276.92 4518.46 4382.56 1604 1737 4.44 0 0 0 0 
65 4334.36 4394.87 4210.26 4192.31 4729.23 3895.9 4518.97 4451.79 4274.87 4213.85 4458.46 4280 4522.56 4381.54 1604 1737 4.44 0 0 0 0 
66 4325.64 4381.03 4207.18 4181.54 4728.21 3892.82 4521.54 4453.85 4272.31 4213.85 4459.49 4284.62 4526.67 4376.41 1604 1739 4.456 0 0 0 0 
67 4319.49 4371.79 4204.62 4175.38 4727.18 3890.26 4523.08 4449.74 4265.13 4206.15 4453.33 4277.95 4513.33 4361.54 1605 1737 4.456 0 0 0 0 
68 4316.92 4377.95 4207.18 4184.62 4730.26 3899.49 4528.21 4450.77 4271.28 4210.26 4451.79 4275.9 4504.62 4354.36 1603 1738 4.471 0 0 0 0 
69 4312.31 4374.87 4206.15 4186.15 4728.21 3900 4524.62 4452.31 4276.41 4216.92 4453.85 4278.97 4505.64 4350.26 1605 1737 4.471 0 0 0 0 
70 4299.49 4358.97 4198.46 4169.74 4720 3890.26 4517.44 4453.85 4268.21 4208.72 4449.23 4274.87 4501.03 4339.49 1604 1737 4.487 0 0 0 0 
71 4292.31 4358.97 4198.46 4166.15 4722.05 3895.9 4527.69 4466.15 4272.31 4204.62 4452.31 4273.85 4497.44 4335.9 1604 1738 4.487 0 0 0 0 
72 4300 4368.21 4206.67 4178.97 4732.31 3906.15 4528.21 4473.85 4288.21 4220 4462.05 4278.46 4508.72 4342.56 1603 1738 4.502 0 0 0 0 
73 4301.54 4365.13 4207.69 4178.97 4733.33 3903.59 4512.82 4463.08 4287.18 4229.23 4460.51 4278.46 4514.87 4342.05 1603 1737 4.502 0 0 0 0 
74 4293.85 4358.46 4204.62 4172.31 4729.74 3901.54 4517.95 4456.92 4278.46 4222.05 4454.87 4277.44 4507.18 4335.9 1603 1737 4.518 0 0 0 0 
75 4294.87 4360.51 4207.69 4176.41 4731.79 3904.62 4522.05 4471.28 4285.64 4222.56 4461.03 4282.56 4507.69 4338.97 1604 1736 4.518 0 0 0 0 
76 4302.56 4366.67 4212.31 4188.72 4740.51 3905.13 4509.23 4482.56 4303.59 4239.49 4470.77 4289.74 4522.56 4350.77 1603 1735 4.534 0 0 0 0 
77 4301.03 4365.64 4210.77 4189.74 4746.15 3911.28 4514.36 4470.77 4305.13 4246.15 4466.67 4287.69 4526.15 4351.28 1603 1736 4.534 0 0 0 0 
78 4290.77 4361.54 4203.59 4183.08 4741.03 3916.41 4528.72 4461.54 4293.33 4236.41 4459.49 4277.95 4515.38 4337.95 1604 1733 4.549 0 0 0 0 
79 4291.28 4361.54 4204.1 4184.62 4739.49 3912.31 4526.67 4479.49 4292.82 4229.74 4460 4277.44 4510.77 4333.85 1603 1733 4.549 0 0 0 0 
80 4303.59 4365.64 4211.79 4189.23 4744.1 3912.82 4528.72 4489.23 4295.38 4226.67 4458.97 4285.13 4512.31 4347.18 1604 1730 4.565 0 0 0 0 
81 4322.05 4380.51 4220 4198.97 4748.72 3916.92 4536.41 4470.77 4289.74 4230.26 4463.08 4293.33 4523.59 4367.69 1603 1728 4.565 0 0 0 0 
82 4340 4398.46 4228.21 4216.41 4754.87 3915.38 4528.21 4457.95 4288.21 4237.95 4473.33 4298.46 4542.05 4387.69 1604 1728 4.58 0 0 0 0 
83 4352.31 4402.05 4232.82 4221.54 4754.36 3908.21 4513.33 4462.05 4288.72 4233.85 4472.82 4297.95 4547.69 4402.05 1603 1725 4.58 0 0 0 0 
84 4365.64 4405.13 4237.44 4218.46 4751.28 3906.67 4512.82 4464.1 4284.1 4225.64 4469.74 4296.41 4545.13 4415.38 1604 1725 4.596 0 0 0 0 
85 4379.49 4413.33 4242.05 4224.62 4751.79 3911.28 4522.56 4463.08 4280 4222.56 4473.33 4297.95 4544.1 4426.15 1604 1723 4.596 0 0 0 0 
86 4388.21 4416.41 4242.05 4231.79 4755.38 3913.85 4524.62 4473.85 4283.59 4224.1 4472.82 4299.49 4549.74 4434.87 1604 1724 4.612 0 0 0 0 
87 4394.87 4418.97 4241.54 4229.23 4756.92 3914.87 4516.41 4481.54 4287.69 4226.15 4471.79 4300 4560.51 4446.15 1604 1723 4.612 0 0 0 0 
88 4401.54 4422.56 4246.67 4227.69 4756.92 3911.79 4509.74 4467.18 4283.59 4225.13 4475.38 4301.03 4563.59 4453.85 1604 1723 4.627 0 0 0 0 
89 4403.08 4420.51 4250.26 4228.72 4757.44 3909.74 4510.26 4456.41 4278.97 4225.13 4475.9 4303.08 4565.13 4451.28 1605 1722 4.627 0 0 0 0 
90 4394.36 4414.87 4242.05 4223.59 4758.46 3908.21 4506.15 4463.08 4280 4225.13 4473.33 4300.51 4572.31 4445.64 1603 1723 4.643 0 0 0 0 
91 4380.51 4406.15 4232.31 4216.92 4755.38 3905.13 4500 4466.15 4280.51 4217.95 4471.28 4289.74 4563.59 4436.92 1605 1723 4.643 0 0 0 0 
92 4366.15 4390.77 4224.62 4206.67 4748.72 3900.51 4497.44 4460.51 4272.31 4206.67 4466.67 4276.92 4536.92 4417.95 1604 1724 4.658 0 0 0 0 
93 4352.82 4380 4214.87 4193.85 4743.08 3897.44 4491.79 4456.92 4265.64 4197.95 4460.51 4273.85 4524.1 4398.46 1605 1726 4.658 0 0 0 0 
94 4341.54 4381.54 4209.23 4190.77 4741.54 3897.95 4487.69 4458.46 4271.28 4200 4461.54 4277.44 4529.23 4389.74 1605 1726 4.674 0 0 0 0 
95 4333.33 4384.62 4209.23 4191.28 4741.03 3897.95 4490.26 4462.56 4275.9 4206.67 4462.56 4276.92 4528.72 4383.08 1605 1727 4.674 0 0 0 0 
96 4320 4375.9 4203.08 4178.46 4740 3895.9 4489.23 4461.03 4269.74 4202.05 4457.95 4268.72 4513.85 4366.15 1606 1728 4.69 0 0 0 0 
97 4302.56 4357.44 4191.79 4165.13 4734.36 3890.77 4481.03 4452.31 4261.03 4189.74 4452.31 4265.13 4500.51 4344.62 1605 1730 4.69 0 0 0 0 
98 4292.31 4350.77 4189.74 4165.64 4730.26 3888.21 4479.49 4452.31 4260.51 4189.74 4450.77 4267.69 4501.54 4334.36 1606 1732 4.705 0 0 0 0 
99 4289.74 4355.9 4193.33 4166.15 4735.38 3894.36 4485.64 4462.56 4268.21 4201.03 4455.9 4269.23 4507.69 4336.92 1605 1733 4.705 0 0 0 0 
100 4286.15 4354.36 4194.87 4163.59 4737.95 3897.95 4485.64 4466.67 4276.92 4209.74 4461.54 4272.82 4509.74 4338.97 1605 1736 4.721 0 0 0 0 
101 4278.97 4347.18 4191.28 4162.05 4732.31 3893.85 4481.03 4463.59 4276.92 4208.21 4455.9 4273.85 4505.64 4328.72 1605 1738 4.721 0 0 0 0 
102 4268.72 4343.08 4184.62 4152.82 4726.67 3886.67 4475.38 4461.03 4266.15 4199.49 4446.67 4268.21 4492.31 4314.36 1605 1740 4.736 0 0 0 0 
103 4262.56 4342.56 4184.62 4144.62 4727.18 3882.56 4474.36 4463.08 4265.64 4196.41 4449.74 4267.69 4485.13 4312.82 1605 1742 4.736 0 0 0 0 
104 4265.13 4343.59 4194.36 4151.79 4732.31 3890.26 4486.15 4472.31 4278.97 4207.69 4458.46 4276.41 4499.49 4324.1 1604 1743 4.752 0 0 0 0 
105 4266.15 4341.03 4193.85 4155.38 4733.33 3895.38 4497.95 4477.44 4281.03 4211.28 4455.38 4276.41 4507.69 4322.56 1604 1744 4.752 0 0 0 0 
106 4255.9 4333.85 4180 4142.56 4724.62 3883.59 4486.67 4463.08 4265.64 4194.36 4445.13 4262.56 4490.77 4303.08 1604 1744 4.768 0 0 0 0 
107 4246.15 4329.23 4175.38 4133.85 4715.38 3871.79 4473.85 4449.74 4257.95 4183.08 4443.08 4255.9 4478.97 4292.82 1603 1745 4.768 0 0 0 0 
108 4244.62 4320.51 4175.38 4127.69 4707.18 3871.28 4485.13 4448.21 4251.28 4178.97 4443.59 4256.92 4472.82 4290.77 1604 1742 4.783 0 0 0 0 
109 4242.05 4313.85 4174.87 4122.56 4700.51 3874.36 4502.56 4443.59 4244.1 4174.87 4444.62 4258.97 4464.1 4285.64 1603 1742 4.783 0 0 0 0 
110 4239.49 4319.49 4179.49 4129.74 4705.64 3875.38 4495.38 4428.72 4255.9 4179.49 4448.72 4263.59 4470.26 4287.69 1604 1741 4.799 0 0 0 0 
111 4238.97 4322.05 4178.97 4132.31 4711.28 3870.26 4484.1 4409.23 4260.51 4181.54 4446.15 4264.62 4474.36 4291.28 1603 1737 4.799 0 0 0 0 
112 4241.03 4320.51 4176.41 4128.21 4707.18 3871.28 4494.87 4390.77 4247.69 4177.44 4442.56 4262.56 4466.15 4288.21 1604 1735 4.814 0 0 0 0 
113 4244.62 4326.15 4182.56 4134.87 4708.21 3880 4503.59 4388.72 4249.23 4184.1 4448.72 4266.15 4475.38 4294.87 1604 1732 4.814 0 0 0 0 
114 4251.79 4335.38 4190.26 4146.67 4718.97 3884.1 4496.92 4414.87 4268.21 4196.41 4456.41 4272.82 4495.38 4309.74 1604 1731 4.83 0 0 0 0 
115 4257.95 4339.49 4191.28 4149.74 4727.18 3885.64 4493.85 4443.08 4271.28 4193.33 4454.87 4271.79 4494.36 4311.79 1604 1729 4.83 0 0 0 0 
116 4260 4339.49 4190.26 4146.67 4729.23 3890.77 4500.51 4453.33 4262.05 4184.62 4452.31 4267.18 4485.64 4310.26 1604 1727 4.846 0 0 0 0 
117 4265.64 4340.51 4192.31 4146.67 4729.74 3898.46 4516.41 4461.03 4264.1 4185.13 4457.44 4268.72 4493.33 4318.97 1604 1726 4.846 0 0 0 0 
118 4279.49 4350.26 4194.87 4148.72 4726.15 3897.44 4523.59 4469.23 4265.64 4187.69 4460.51 4271.79 4503.59 4333.33 1603 1726 4.861 0 0 0 0 
119 4303.08 4363.59 4198.97 4155.38 4722.56 3886.67 4508.72 4472.82 4262.05 4185.13 4459.49 4273.85 4507.69 4350.77 1604 1725 4.861 0 0 0 0 
120 4331.79 4372.82 4213.85 4168.72 4728.21 3885.64 4504.62 4482.56 4268.72 4191.79 4463.59 4284.1 4524.62 4380.51 1603 1724 4.877 0 0 0 0 
121 4354.87 4382.05 4226.67 4178.97 4734.87 3890.26 4512.31 4492.31 4274.87 4199.49 4466.67 4292.82 4544.62 4410.26 1604 1723 4.877 0 0 0 0 
122 4360 4385.13 4220.51 4173.33 4727.69 3877.95 4499.49 4487.18 4260.51 4184.62 4457.95 4285.64 4538.97 4418.97 1603 1721 4.892 0 0 0 0 
123 4357.95 4377.95 4214.87 4164.62 4717.44 3864.1 4489.74 4475.9 4244.62 4166.67 4452.82 4276.41 4526.15 4417.95 1604 1721 4.892 0 0 0 0 
124 4362.56 4381.03 4222.56 4169.74 4720.51 3874.36 4504.62 4472.31 4244.1 4167.69 4455.9 4278.46 4528.21 4423.08 1604 1720 4.908 0 0 0 0 
125 4368.21 4391.28 4229.23 4174.87 4727.18 3886.67 4516.41 4478.46 4248.72 4174.87 4455.9 4284.1 4527.69 4429.74 1603 1721 4.908 0 0 0 0 
126 4367.69 4388.72 4227.18 4171.28 4726.15 3880.51 4509.23 4481.54 4247.69 4172.82 4452.31 4284.1 4518.97 4424.62 1604 1722 4.924 0 0 0 0 
127 4358.46 4381.54 4224.1 4167.69 4724.1 3871.28 4505.64 4478.97 4245.64 4169.74 4454.36 4283.59 4517.44 4413.85 1604 1724 4.924 0 0 0 0 
128 4352.82 4381.54 4224.62 4167.69 4728.21 3873.33 4513.33 4487.69 4252.82 4174.87 4461.03 4286.67 4525.64 4410.77 1604 1724 4.939 0 0 0 0 
0 4351.28 4382.05 4227.69 4171.28 4733.33 3882.05 4521.54 4500.51 4263.59 4184.62 4462.05 4289.74 4529.74 4413.85 1604 1726 4.939 0 0 0 0 
1 4342.56 4378.97 4223.59 4171.28 4733.85 3886.15 4526.15 4504.62 4266.67 4186.67 4455.9 4287.69 4520 4407.69 1605 1727 4.955 0 0 0 0 
2 4320.51 4363.08 4209.74 4158.97 4727.69 3876.92 4521.54 4497.95 4257.95 4173.33 4448.21 4276.41 4496.92 4382.05 1605 1729 4.955 0 0 0 0 
3 4304.62 4345.13 4202.05 4146.15 4718.97 3870.77 4516.92 4493.33 4251.79 4165.64 4448.72 4267.18 4489.74 4360.51 1606 1732 4.97 0 0 0 0 
4 4305.13 4346.67 4202.05 4147.69 4720 3875.9 4520.51 4497.44 4255.9 4171.28 4450.77 4266.67 4500.51 4357.95 1605 1733 4.97 0 0 0 0 
5 4305.13 4351.28 4199.49 4149.23 4727.18 3876.41 4524.1 4497.95 4253.85 4172.82 4445.64 4268.21 4493.85 4353.33 1605 1736 4.986 0 0 0 0 
6 4296.92 4345.13 4198.97 4145.13 4728.72 3874.87 4519.49 4494.36 4249.23 4171.79 4444.62 4270.77 4482.05 4342.56 1606 1737 4.986 0 0 0 0 
7 4287.18 4339.49 4196.92 4138.46 4719.49 3872.31 4512.82 4491.28 4247.69 4172.82 4448.72 4272.31 4486.15 4333.85 1604 1741 5.002 0 0 0 0 
8 4280 4335.9 4187.69 4130.77 4714.36 3866.67 4509.74 4491.79 4247.69 4171.79 4446.67 4268.72 4489.23 4327.18 1606 1742 5.002 0 0 0 0 
9 4272.82 4336.41 4181.03 4127.69 4717.44 3865.64 4511.79 4494.36 4245.13 4167.69 4440.51 4264.1 4475.9 4317.44 1605 1744 5.017 0 0 0 0 
10 4263.08 4336.41 4179.49 4122.56 4715.38 3868.72 4514.87 4499.49 4246.67 4166.15 4440 4261.54 4466.15 4308.21 1605 1744 5.017 0 0 0 0 
11 4254.87 4330.26 4175.9 4118.46 4711.79 3871.79 4522.56 4498.97 4248.72 4168.21 4441.03 4258.46 4470.77 4303.59 1605 1744 5.033 0 0 0 0 
12 4248.21 4320 4167.69 4112.82 4713.33 3873.33 4537.44 4498.46 4243.08 4164.62 4436.92 4251.79 4466.15 4291.79 1606 1743 5.033 0 0 0 0 
13 4242.56 4309.23 4167.69 4109.23 4714.87 3872.31 4538.46 4514.87 4247.18 4164.1 4440 4250.26 4462.56 4281.54 1605 1742 5.048 0 0 0 0 
14 4248.72 4296.92 4177.44 4119.49 4720 3870.26 4514.87 4527.18 4269.23 4187.18 4452.31 4265.13 4481.54 4294.87 1605 1743 5.048 0 0 0 0 
15 4261.03 4284.1 4182.05 4129.74 4725.13 3870.77 4501.03 4511.28 4274.87 4203.59 4456.92 4277.44 4496.92 4310.77 1605 1740 5.064 0 0 0 0 
16 4261.03 4269.74 4180.51 4126.67 4721.54 3875.9 4520.51 4489.74 4253.85 4188.21 4448.72 4271.79 4485.64 4304.1 1604 1742 5.064 0 0 0 0 
17 4262.56 4259.49 4184.1 4126.15 4719.49 3878.46 4532.82 4497.95 4247.18 4179.49 4446.15 4268.21 4480 4302.56 1605 1738 5.08 0 0 0 0 
18 4276.41 4255.38 4190.26 4134.36 4726.15 3872.82 4514.87 4516.41 4262.56 4197.44 4455.38 4277.44 4496.92 4323.08 1604 1737 5.08 0 0 0 0 
19 4283.08 4248.72 4192.82 4131.79 4727.18 3866.15 4505.64 4518.97 4265.64 4198.97 4455.9 4278.97 4491.79 4328.72 1605 1735 5.095 0 0 0 0 
