73 4385.64 4448.21 4154.87 4233.85 4782.56 3949.23 4510.26 4496.41 4304.1 4296.92 4411.28 4243.59 4570.77 4410.26 1600 1733 93.557 0 0 0 0 
74 4384.62 4445.64 4154.87 4230.77 4783.08 3941.54 4510.26 4490.77 4297.95 4294.36 4410.77 4240.51 4572.31 4405.64 1600 1734 93.557 0 0 0 0 
75 4378.46 4445.64 4150.26 4223.08 4778.97 3942.05 4507.69 4489.74 4296.92 4292.31 4410.77 4233.33 4567.69 4398.97 1601 1734 93.573 0 0 0 0 
76 4375.9 4444.1 4148.21 4215.9 4774.36 3940.51 4505.13 4488.21 4293.85 4289.74 4410.77 4231.28 4566.15 4398.46 1600 1735 93.573 0 0 0 0 
77 4380.51 4441.03 4151.28 4224.1 4777.44 3941.03 4508.72 4487.18 4292.82 4291.79 4410.26 4237.44 4568.21 4403.59 1600 1735 93.588 0 0 0 0 
78 4385.13 4443.08 4154.87 4233.85 4780.51 3943.08 4504.1 4483.59 4295.9 4296.92 4410.77 4242.56 4571.28 4404.1 1600 1736 93.588 0 0 0 0 
79 4382.05 4450.26 4153.85 4231.79 4778.46 3938.97 4489.74 4478.46 4295.38 4295.38 4411.28 4236.92 4572.31 4400.51 1601 1734 93.604 0 0 0 0 
80 4381.03 4456.92 4153.85 4232.31 4780 3939.49 4488.21 4480.51 4293.33 4292.82 4411.28 4234.87 4571.79 4402.05 1600 1735 93.604 0 0 0 0 
81 4389.23 4455.38 4155.9 4235.38 4783.08 3943.59 4494.87 4488.21 4298.97 4298.46 4410.77 4244.1 4577.44 4405.64 1601 1737 93.619 0 0 0 0 
82 4390.77 4449.23 4155.9 4230.77 4780 3940 4490.26 4488.72 4307.69 4303.08 4410.77 4241.54 4581.54 4402.05 1601 1734 93.619 0 0 0 0 
83 4382.05 4455.9 4153.33 4230.77 4779.49 3942.05 4491.79 4492.82 4312.82 4301.03 4412.31 4232.31 4576.92 4396.92 1600 1736 93.635 0 0 0 0 
84 4380 4459.49 4152.31 4233.33 4785.64 3954.87 4506.15 4497.44 4312.31 4295.9 4409.23 4234.87 4566.15 4392.31 1601 1736 93.635 0 0 0 0 
85 4381.03 4448.72 4153.85 4228.72 4784.62 3959.49 4509.74 4495.38 4309.23 4290.77 4406.15 4235.9 4554.36 4386.67 1602 1737 93.651 0 0 0 0 
86 4376.92 4444.1 4152.31 4224.62 4782.56 3958.46 4510.26 4496.41 4311.28 4289.23 4410.26 4233.85 4550.77 4380.51 1602 1736 93.651 0 0 0 0 
87 4381.03 4449.23 4153.33 4228.21 4791.79 3968.21 4522.05 4507.18 4321.54 4297.95 4413.33 4242.56 4560.51 4384.62 1602 1737 93.666 0 0 0 0 
88 4402.56 4461.54 4165.64 4239.49 4800.51 3978.97 4530.77 4523.59 4337.95 4317.44 4413.33 4250.77 4581.03 4406.67 1603 1737 93.666 0 0 0 0 
89 4416.41 4474.87 4169.74 4249.23 4799.49 3973.33 4527.69 4529.74 4347.18 4331.28 4414.87 4251.28 4594.87 4422.56 1603 1739 93.682 0 0 0 0 
90 4410.26 4474.87 4160 4247.69 4796.41 3960.51 4517.44 4516.92 4335.9 4320.51 4412.82 4248.72 4588.72 4412.31 1605 1738 93.682 0 0 0 0 
91 4408.72 4472.31 4160 4245.13 4797.44 3961.03 4514.87 4506.67 4326.15 4308.21 4408.72 4247.18 4580.51 4403.08 1603 1738 93.697 0 0 0 0 
92 4416.92 4476.92 4165.64 4249.23 4797.44 3967.18 4517.44 4508.72 4332.31 4315.38 4411.79 4248.72 4587.18 4411.79 1605 1738 93.697 0 0 0 0 
93 4416.92 4476.41 4165.13 4247.69 4796.92 3963.08 4511.79 4506.15 4333.85 4322.05 4414.36 4249.23 4592.82 4415.9 1605 1737 93.713 0 0 0 0 
94 4410.77 4470.77 4163.08 4243.59 4796.92 3959.49 4504.1 4500 4331.28 4316.41 4411.28 4245.64 4587.18 4408.72 1605 1737 93.713 0 0 0 0 
95 4411.79 4474.87 4161.54 4244.62 4797.44 3963.08 4505.13 4502.56 4333.33 4313.33 4411.28 4245.13 4582.05 4408.72 1604 1736 93.729 0 0 0 0 
96 4409.23 4473.85 4155.38 4239.49 4796.92 3963.08 4509.23 4500 4332.31 4314.87 4414.87 4244.62 4579.49 4408.72 1603 1736 93.729 0 0 0 0 
97 4400 4464.62 4151.79 4231.28 4792.82 3966.15 4515.38 4491.28 4327.69 4308.21 4411.79 4235.38 4574.36 4398.46 1605 1736 93.744 0 0 0 0 
98 4402.05 4469.74 4158.46 4232.31 4793.85 3971.79 4518.46 4492.82 4332.82 4304.62 4410.26 4237.95 4574.87 4394.87 1604 1735 93.744 0 0 0 0 
99 4407.69 4477.95 4162.56 4234.87 4797.95 3963.59 4505.64 4495.9 4336.92 4309.23 4411.28 4247.18 4576.41 4400 1603 1735 93.76 0 0 0 0 
100 4401.03 4464.62 4156.92 4230.77 4788.21 3951.79 4489.74 4489.74 4326.15 4304.62 4406.15 4241.54 4568.72 4396.41 1603 1736 93.76 0 0 0 0 
101 4394.36 4454.87 4150.77 4229.74 4778.46 3952.82 4493.33 4485.64 4319.49 4295.38 4404.1 4238.97 4565.64 4391.28 1604 1735 93.775 0 0 0 0 
102 4403.59 4464.1 4154.87 4233.33 4788.72 3957.44 4501.54 4494.87 4332.31 4304.1 4409.74 4249.74 4576.41 4395.9 1603 1735 93.775 0 0 0 0 
103 4412.82 4470.26 4162.56 4231.28 4794.87 3957.44 4496.41 4504.62 4345.13 4315.9 4407.69 4249.74 4579.49 4398.46 1604 1736 93.791 0 0 0 0 
104 4412.31 4475.9 4164.1 4235.38 4790.26 3958.97 4490.26 4497.44 4341.54 4313.33 4401.54 4245.13 4575.9 4402.56 1603 1735 93.791 0 0 0 0 
105 4415.9 4486.67 4167.69 4243.59 4794.36 3963.08 4501.54 4488.21 4338.46 4310.26 4405.13 4249.23 4584.62 4412.31 1603 1737 93.807 0 0 0 0 
106 4418.46 4480.51 4167.69 4238.97 4793.85 3963.08 4508.21 4491.79 4341.54 4311.28 4413.33 4249.74 4589.74 4411.79 1603 1736 93.807 0 0 0 0 
107 4410.77 4460 4158.46 4227.18 4780.51 3957.44 4497.44 4493.85 4338.46 4307.18 4413.85 4243.08 4575.38 4399.49 1602 1737 93.822 0 0 0 0 
108 4401.03 4451.79 4153.33 4226.15 4777.95 3951.28 4488.21 4484.1 4332.31 4299.49 4408.72 4241.03 4561.03 4391.79 1604 1737 93.822 0 0 0 0 
109 4400.51 4456.41 4162.05 4229.23 4784.1 3953.33 4491.28 4477.44 4331.79 4295.9 4405.64 4243.08 4562.05 4390.26 1603 1737 93.838 0 0 0 0 
110 4406.15 4457.95 4169.74 4229.74 4785.13 3961.03 4503.08 4480.51 4336.41 4296.92 4408.72 4246.15 4565.64 4391.79 1604 1737 93.838 0 0 0 0 
111 4410.26 4451.79 4168.21 4229.23 4784.62 3962.56 4506.15 4480.51 4337.44 4298.46 4412.31 4247.69 4564.62 4394.87 1603 1737 93.853 0 0 0 0 
112 4411.28 4441.54 4169.23 4227.18 4783.08 3955.9 4493.85 4476.92 4336.92 4296.41 4409.23 4247.69 4565.13 4396.92 1604 1736 93.853 0 0 0 0 
113 4409.74 4438.46 4170.77 4227.18 4782.56 3954.87 4489.74 4473.33 4340 4295.38 4406.67 4249.23 4565.13 4393.85 1604 1736 93.869 0 0 0 0 
114 4405.64 4441.03 4168.21 4229.23 4784.62 3960.51 4496.41 4475.38 4342.56 4296.41 4409.23 4248.72 4561.54 4392.31 1604 1737 93.869 0 0 0 0 
115 4408.21 4442.56 4169.74 4230.77 4783.59 3961.03 4495.38 4483.59 4341.03 4295.38 4411.28 4247.69 4562.56 4396.92 1604 1736 93.885 0 0 0 0 
116 4411.28 4437.95 4174.36 4230.77 4782.05 3954.36 4489.23 4485.13 4339.49 4294.36 4412.31 4249.23 4565.64 4396.92 1603 1737 93.885 0 0 0 0 
117 4402.05 4428.21 4168.21 4222.56 4782.05 3951.28 4490.26 4478.97 4341.54 4293.85 4409.23 4247.69 4560 4385.13 1604 1735 93.9 0 0 0 0 
118 4391.79 4425.64 4156.41 4214.87 4782.56 3956.92 4491.79 4478.46 4335.9 4287.69 4403.59 4244.62 4550.26 4377.95 1603 1736 93.9 0 0 0 0 
119 4393.85 4430.77 4159.49 4218.46 4783.59 3960.51 4491.28 4481.54 4328.21 4281.54 4404.62 4246.15 4549.74 4381.54 1604 1736 93.916 0 0 0 0 
120 4397.44 4432.31 4165.13 4221.03 4782.56 3956.41 4490.26 4478.46 4332.31 4281.03 4410.26 4247.69 4551.28 4383.59 1604 1735 93.916 0 0 0 0 
121 4394.87 4430.77 4157.95 4215.38 4780.51 3954.87 4490.26 4473.33 4334.36 4282.56 4407.18 4239.49 4546.15 4378.46 1605 1735 93.931 0 0 0 0 
122 4391.28 4427.18 4151.28 4213.85 4780 3955.38 4488.72 4469.23 4326.15 4277.95 4400 4232.31 4541.54 4373.85 1604 1734 93.931 0 0 0 0 
123 4393.33 4428.72 4154.87 4216.92 4782.05 3955.9 4489.23 4468.21 4325.64 4275.9 4402.05 4237.44 4548.21 4376.92 1605 1735 93.947 0 0 0 0 
124 4399.49 4440.51 4161.54 4218.97 4783.59 3959.49 4490.77 4473.85 4335.9 4285.64 4410.77 4247.18 4557.44 4382.56 1605 1734 93.947 0 0 0 0 
125 4402.56 4448.21 4167.18 4221.54 4782.56 3960 4488.72 4477.44 4340.51 4293.85 4410.26 4249.23 4557.95 4385.13 1605 1735 93.963 0 0 0 0 
126 4402.56 4442.05 4170.77 4224.1 4782.56 3957.44 4487.69 4478.46 4341.54 4294.36 4406.67 4247.18 4559.49 4387.18 1605 1734 93.963 0 0 0 0 
127 4402.56 4435.38 4167.18 4221.03 4783.08 3956.92 4490.26 4480.51 4340 4291.79 4408.72 4246.67 4561.03 4385.64 1606 1734 93.978 0 0 0 0 
128 4396.92 4431.28 4166.15 4215.9 4781.54 3957.95 4490.26 4480.51 4333.85 4285.64 4409.74 4246.67 4552.31 4376.92 1605 1734 93.978 0 0 0 0 
0 4395.9 4426.67 4167.18 4215.38 4781.54 3958.46 4491.28 4485.64 4338.97 4289.23 4407.69 4247.18 4550.26 4373.85 1606 1734 93.994 0 0 0 0 
1 4407.69 4433.85 4169.74 4218.46 4785.64 3959.49 4494.36 4497.44 4357.44 4302.56 4411.79 4248.21 4563.59 4384.62 1606 1733 93.994 0 0 0 0 
2 4410.26 4440.51 4172.31 4219.49 4787.18 3958.97 4491.79 4501.54 4360.51 4304.62 4413.85 4247.18 4567.69 4388.21 1605 1734 94.009 0 0 0 0 
3 4398.97 4431.79 4168.72 4215.9 4782.05 3956.41 4488.72 4491.28 4348.72 4292.82 4410.26 4243.08 4555.38 4378.97 1605 1734 94.009 0 0 0 0 
4 4396.92 4426.15 4168.21 4214.87 4780 3955.9 4491.79 4487.18 4345.13 4290.26 4409.23 4243.59 4552.82 4375.9 1606 1735 94.025 0 0 0 0 
5 4404.1 4430.77 4171.79 4217.95 4782.56 3955.9 4491.79 4488.21 4347.18 4293.85 4406.67 4247.18 4560.51 4383.08 1604 1734 94.025 0 0 0 0 
6 4408.21 4435.9 4170.77 4217.44 4784.1 3956.41 4488.72 4484.1 4344.1 4295.38 4406.15 4249.23 4562.56 4387.18 1603 1736 94.041 0 0 0 0 
7 4410.77 4442.05 4168.21 4214.36 4781.03 3955.9 4488.72 4485.13 4345.13 4297.95 4411.79 4248.21 4564.1 4385.13 1605 1734 94.041 0 0 0 0 
8 4413.33 4445.13 4170.26 4218.46 4782.05 3955.9 4491.28 4490.26 4350.26 4299.49 4413.33 4247.69 4568.21 4385.13 1603 1736 94.056 0 0 0 0 
9 4414.87 4443.59 4171.28 4227.69 4789.23 3959.49 4493.85 4488.72 4350.26 4297.44 4411.28 4249.23 4567.69 4389.74 1605 1735 94.056 0 0 0 0 
10 4416.41 4444.62 4169.23 4227.69 4788.72 3956.41 4491.79 4489.23 4346.15 4296.92 4411.28 4249.23 4568.72 4392.82 1605 1734 94.072 0 0 0 0 
11 4414.87 4444.1 4168.72 4217.95 4786.67 3948.72 4488.72 4489.74 4344.1 4297.95 4411.28 4247.18 4569.74 4390.26 1605 1735 94.072 0 0 0 0 
12 4412.31 4440.51 4168.21 4213.85 4788.21 3951.79 4488.72 4485.13 4344.1 4294.36 4410.77 4246.67 4568.21 4388.72 1605 1735 94.087 0 0 0 0 
13 4415.9 4442.56 4169.23 4224.62 4791.28 3960 4490.26 4488.21 4348.72 4296.92 4411.79 4248.21 4568.72 4392.82 1606 1735 94.087 0 0 0 0 
14 4418.97 4446.67 4172.31 4234.87 4794.36 3958.97 4493.33 4495.38 4354.36 4306.15 4412.31 4249.23 4572.82 4396.41 1605 1735 94.103 0 0 0 0 
15 4416.92 4443.08 4173.33 4228.21 4793.33 3950.77 4487.69 4493.85 4354.87 4305.13 4413.33 4248.72 4570.77 4396.41 1605 1736 94.103 0 0 0 0 
16 4414.87 4435.38 4171.79 4218.97 4786.15 3944.1 4479.49 4489.74 4347.69 4293.85 4412.31 4248.21 4560.51 4391.28 1605 1735 94.119 0 0 0 0 
17 4408.72 4428.21 4168.72 4214.36 4778.46 3940 4482.05 4488.72 4337.95 4287.18 4410.77 4248.72 4552.31 4381.03 1605 1736 94.119 0 0 0 0 
18 4404.1 4427.69 4172.31 4212.31 4780.51 3941.03 4489.74 4490.26 4341.03 4292.82 4411.79 4249.74 4554.87 4381.03 1606 1735 94.134 0 0 0 0 
19 4411.79 4437.44 4181.54 4222.05 4786.67 3944.62 4489.74 4491.28 4350.77 4298.97 4412.31 4250.77 4565.13 4392.82 1604 1736 94.134 0 0 0 0 
20 4415.38 4442.05 4185.64 4229.23 4788.21 3944.62 4487.18 4491.28 4348.72 4293.85 4410.26 4249.74 4569.23 4394.36 1606 1735 94.15 0 0 0 0 
21 4406.15 4434.87 4181.54 4221.54 4782.05 3942.56 4489.23 4491.28 4343.08 4289.74 4410.77 4248.72 4559.49 4384.1 1605 1735 94.15 0 0 0 0 
22 4404.1 4433.33 4180.51 4218.46 4778.97 3944.1 4491.28 4490.26 4346.67 4295.38 4411.28 4250.26 4553.85 4380.51 1604 1736 94.165 0 0 0 0 
23 4414.36 4437.95 4187.18 4224.1 4782.56 3943.08 4489.74 4491.28 4345.64 4293.33 4409.74 4250.77 4558.46 4386.67 1605 1735 94.165 0 0 0 0 
24 4411.79 4434.36 4182.56 4221.54 4777.95 3933.85 4481.54 4490.26 4334.87 4282.05 4410.77 4246.67 4558.46 4386.67 1604 1736 94.181 0 0 0 0 
25 4394.87 4418.97 4170.26 4211.79 4765.64 3923.59 4470.26 4478.46 4328.72 4280 4409.74 4245.13 4551.28 4373.33 1604 1735 94.181 0 0 0 0 
26 4389.23 4410.77 4174.87 4209.74 4762.05 3923.08 4472.82 4473.33 4327.69 4282.05 4406.15 4246.67 4550.77 4366.15 1604 1735 94.197 0 0 0 0 
27 4395.38 4418.97 4183.59 4212.31 4771.79 3932.31 4485.13 4481.54 4327.69 4278.46 4409.23 4247.69 4553.33 4374.36 1604 1734 94.197 0 0 0 0 
28 4398.46 4427.69 4178.97 4214.87 4775.9 3933.85 4486.15 4482.56 4327.18 4279.49 4413.85 4247.69 4555.38 4378.46 1603 1735 94.212 0 0 0 0 
29 4394.87 4423.59 4173.33 4213.85 4767.18 3925.64 4476.92 4480 4326.67 4288.21 4412.31 4247.18 4560 4375.38 1605 1734 94.212 0 0 0 0 
30 4393.33 4421.03 4177.95 4213.85 4763.08 3923.59 4473.33 4488.21 4327.69 4291.79 4410.77 4246.15 4566.15 4377.44 1604 1734 94.228 0 0 0 0 
31 4396.92 4429.23 4184.62 4220 4773.33 3930.26 4479.49 4492.82 4329.74 4293.33 4412.82 4247.18 4570.77 4384.1 1605 1735 94.228 0 0 0 0 
32 4403.59 4430.77 4186.67 4223.08 4780.51 3929.23 4485.13 4489.74 4330.77 4295.9 4413.33 4250.26 4569.23 4389.23 1604 1734 94.243 0 0 0 0 
33 4408.21 4430.26 4183.59 4223.59 4770.26 3924.62 4489.74 4490.77 4329.23 4290.26 4412.31 4250.26 4567.18 4395.9 1604 1735 94.243 0 0 0 0 
34 4418.46 4444.1 4187.69 4231.28 4766.15 3926.67 4491.28 4492.82 4324.62 4285.64 4413.33 4248.21 4577.44 4408.72 1604 1734 94.259 0 0 0 0 
35 4437.95 4457.95 4199.49 4243.59 4774.87 3921.03 4482.05 4489.74 4322.05 4290.26 4413.85 4254.36 4590.77 4426.15 1603 1735 94.259 0 0 0 0 
36 4457.95 4464.1 4201.03 4250.77 4774.36 3912.82 4476.41 4489.74 4322.05 4289.74 4413.33 4263.59 4595.38 4440.51 1604 1734 94.275 0 0 0 0 
37 4477.44 4477.95 4200 4257.44 4765.64 3912.31 4479.49 4491.79 4317.44 4283.08 4413.33 4265.13 4604.62 4455.38 1603 1735 94.275 0 0 0 0 
38 4493.85 4493.33 4203.08 4262.56 4763.59 3906.15 4473.33 4484.1 4304.62 4276.92 4413.33 4261.03 4616.41 4472.31 1603 1735 94.29 0 0 0 0 
39 4502.05 4497.44 4203.59 4263.08 4763.08 3893.33 4466.15 4472.82 4293.33 4270.26 4413.33 4260.51 4616.92 4478.46 1603 1735 94.29 0 0 0 0 
40 4509.23 4505.13 4204.1 4268.72 4762.56 3890.77 4469.23 4471.79 4292.82 4269.23 4414.36 4262.56 4619.49 4484.62 1604 1735 94.306 0 0 0 0 
41 4511.28 4511.28 4205.64 4273.33 4766.15 3894.36 4470.26 4477.44 4295.38 4272.82 4414.87 4263.59 4625.64 4492.82 1603 1736 94.306 0 0 0 0 
42 4497.44 4497.95 4199.49 4266.15 4764.62 3892.31 4468.72 4475.9 4290.77 4269.74 4413.33 4258.46 4622.56 4486.15 1604 1737 94.321 0 0 0 0 
43 4482.05 4484.1 4194.36 4262.05 4762.05 3891.28 4474.36 4473.33 4290.26 4270.77 4412.31 4250.26 4616.41 4473.33 1603 1736 94.321 0 0 0 0 
44 4473.85 4479.49 4196.92 4266.15 4765.64 3893.33 4477.95 4482.05 4296.92 4277.95 4413.33 4249.74 4612.82 4468.72 1603 1738 94.337 0 0 0 0 
45 4461.03 4464.62 4192.31 4261.54 4766.67 3896.41 4475.9 4491.79 4297.44 4280 4412.82 4252.31 4602.56 4464.1 1603 1736 94.337 0 0 0 0 
46 4442.56 4444.62 4186.15 4253.33 4763.08 3894.36 4476.92 4491.79 4294.87 4276.92 4408.21 4250.26 4591.28 4452.31 1603 1737 94.353 0 0 0 0 
47 4424.1 4433.33 4183.59 4250.26 4754.87 3883.08 4474.87 4487.69 4291.79 4268.72 4403.08 4248.21 4583.59 4436.92 1603 1736 94.353 0 0 0 0 
48 4406.15 4420 4180 4243.08 4749.23 3877.44 4472.82 4489.74 4285.64 4265.13 4403.08 4249.74 4572.82 4423.59 1603 1737 94.368 0 0 0 0 
49 4387.69 4400 4173.33 4229.74 4750.26 3878.97 4474.87 4489.23 4281.54 4263.59 4401.54 4248.72 4557.44 4415.9 1603 1736 94.368 0 0 0 0 
50 4369.74 4382.56 4168.21 4220 4750.26 3878.46 4476.41 4481.54 4274.87 4250.26 4396.92 4246.15 4541.54 4404.1 1602 1736 94.384 0 0 0 0 
51 4362.56 4377.44 4172.31 4220.51 4745.13 3880 4476.41 4481.54 4270.77 4244.62 4397.44 4246.67 4534.87 4394.36 1603 1735 94.384 0 0 0 0 
52 4368.72 4381.03 4182.05 4225.64 4744.1 3880 4477.95 4493.85 4275.38 4256.92 4398.97 4249.23 4540 4401.03 1601 1736 94.399 0 0 0 0 
53 4371.28 4381.03 4186.67 4229.23 4748.72 3877.44 4483.08 4504.1 4281.03 4268.21 4400 4249.74 4547.69 4409.23 1602 1736 94.399 0 0 0 0 
54 4369.74 4378.97 4187.18 4233.85 4749.74 3878.46 4483.59 4501.03 4283.59 4276.41 4404.1 4249.74 4557.95 4414.36 1601 1736 94.415 0 0 0 0 
55 4367.69 4373.85 4186.67 4233.85 4742.05 3872.31 4477.44 4491.79 4277.95 4275.9 4403.08 4251.28 4558.46 4413.33 1602 1734 94.415 0 0 0 0 
56 4355.38 4363.08 4177.44 4222.05 4733.33 3855.9 4469.74 4487.18 4260.51 4259.49 4398.46 4249.74 4545.13 4401.54 1601 1735 94.431 0 0 0 0 
57 4342.05 4358.97 4168.21 4220 4733.85 3852.82 4473.33 4490.77 4251.79 4253.33 4400 4248.21 4538.97 4398.46 1602 1734 94.431 0 0 0 0 
58 4339.49 4362.05 4169.74 4229.74 4739.49 3864.62 4484.1 4493.33 4254.87 4262.05 4402.56 4248.72 4547.69 4408.21 1602 1734 94.446 0 0 0 0 
59 4337.44 4358.97 4170.77 4226.15 4740.51 3865.13 4484.1 4493.33 4253.33 4264.62 4399.49 4249.74 4555.38 4407.18 1602 1734 94.446 0 0 0 0 
60 4332.31 4353.85 4166.15 4215.9 4732.82 3851.79 4475.38 4497.44 4248.21 4261.03 4397.44 4247.69 4553.33 4397.95 1600 1735 94.462 0 0 0 0 
61 4326.15 4351.28 4162.05 4214.36 4721.54 3843.59 4472.31 4496.41 4241.54 4253.85 4397.44 4246.15 4542.05 4396.41 1602 1735 94.462 0 0 0 0 
62 4315.38 4344.1 4156.41 4212.82 4717.44 3846.67 4480 4493.85 4230.26 4247.69 4398.46 4246.67 4529.23 4396.41 1601 1733 94.477 0 0 0 0 
63 4309.74 4339.49 4156.92 4212.31 4720.51 3849.23 4484.1 4501.54 4229.74 4255.38 4399.49 4247.18 4532.31 4398.46 1599 1735 94.477 0 0 0 0 
64 4315.38 4342.56 4166.15 4218.97 4721.03 3847.69 4486.67 4511.28 4236.41 4266.15 4399.49 4248.72 4544.62 4403.59 1600 1733 94.493 0 0 0 0 
65 4316.41 4341.03 4165.64 4217.95 4718.97 3846.67 4489.23 4508.21 4226.67 4262.05 4398.97 4246.67 4541.54 4399.49 1600 1734 94.493 0 0 0 0 
66 4307.69 4334.87 4155.38 4206.15 4716.92 3842.56 4488.21 4505.64 4214.36 4254.87 4400 4245.64 4532.82 4394.36 1600 1734 94.509 0 0 0 0 
67 4300 4332.82 4153.33 4206.67 4713.85 3837.44 4487.18 4510.26 4218.46 4260.51 4398.97 4248.21 4537.95 4398.97 1599 1734 94.509 0 0 0 0 
68 4295.38 4329.74 4155.38 4212.31 4708.21 3833.33 4487.69 4510.26 4214.87 4261.03 4396.92 4244.1 4539.49 4398.46 1600 1734 94.524 0 0 0 0 
69 4292.31 4323.08 4154.36 4205.13 4704.62 3830.26 4489.74 4506.67 4197.44 4251.28 4397.95 4240.51 4527.18 4391.79 1600 1735 94.524 0 0 0 0 
70 4291.28 4320.51 4155.38 4204.62 4707.18 3831.28 4490.26 4505.64 4191.28 4250.26 4398.97 4246.15 4524.62 4401.54 1600 1736 94.54 0 0 0 0 
71 4289.23 4320.51 4163.08 4216.41 4710.26 3833.33 4485.13 4508.72 4191.79 4255.9 4399.49 4250.77 4532.31 4412.82 1600 1735 94.54 0 0 0 0 
