4 4344.1 4317.44 4171.28 4182.05 4716.92 3916.41 4468.72 4464.1 4308.72 4259.49 4414.36 4265.13 4499.49 4352.82 1601 1735 579.212 0 0 0 0 
5 4345.64 4321.54 4169.74 4183.59 4716.92 3921.03 4466.15 4460 4307.18 4262.05 4414.36 4265.64 4496.92 4352.82 1601 1736 579.228 0 0 0 0 
6 4342.56 4310.77 4166.67 4172.82 4709.23 3911.79 4460.51 4450.77 4296.41 4255.9 4414.36 4265.64 4488.72 4344.62 1602 1735 579.228 0 0 0 0 
7 4342.56 4311.28 4168.21 4169.74 4711.79 3908.72 4462.05 4453.33 4296.92 4258.46 4413.33 4266.67 4488.72 4345.13 1600 1736 579.243 0 0 0 0 
8 4345.13 4322.05 4169.74 4176.41 4715.38 3913.33 4464.62 4454.87 4300 4257.95 4412.31 4265.13 4490.26 4344.62 1603 1736 579.243 0 0 0 0 
9 4343.59 4316.41 4167.18 4176.41 4709.23 3912.31 4461.03 4452.31 4296.92 4254.36 4412.82 4265.13 4489.23 4341.03 1601 1735 579.259 0 0 0 0 
10 4340.51 4306.15 4167.18 4171.28 4704.62 3909.74 4459.49 4453.33 4300 4260.51 4412.82 4266.67 4488.21 4345.64 1602 1735 579.259 0 0 0 0 
11 4338.46 4311.28 4165.64 4171.79 4703.59 3907.18 4459.49 4446.15 4296.92 4254.36 4411.79 4263.08 4483.08 4343.59 1603 1735 579.275 0 0 0 0 
12 4340 4316.92 4164.1 4176.92 4706.67 3905.64 4458.46 4442.56 4290.26 4247.69 4413.33 4261.03 4483.59 4340 1603 1735 579.275 0 0 0 0 
13 4343.59 4314.87 4168.21 4176.41 4711.28 3911.79 4462.56 4452.31 4302.05 4263.59 4416.41 4264.1 4496.41 4348.72 1602 1734 579.29 0 0 0 0 
14 4340.51 4314.87 4163.08 4172.31 4708.21 3912.82 4461.54 4449.74 4302.56 4261.03 4414.36 4264.62 4490.26 4344.62 1602 1735 579.29 0 0 0 0 
15 4335.9 4315.9 4155.9 4172.31 4705.13 3903.59 4454.87 4435.9 4282.05 4239.49 4411.28 4262.05 4471.79 4334.36 1603 1733 579.306 0 0 0 0 
16 4336.92 4311.28 4163.59 4172.82 4707.69 3902.05 4457.95 4441.03 4284.1 4249.74 4412.82 4264.62 4480.51 4342.05 1602 1735 579.306 0 0 0 0 
17 4340.51 4307.69 4166.67 4171.79 4708.21 3910.26 4462.05 4446.67 4296.41 4262.05 4413.85 4265.64 4493.85 4346.67 1603 1734 579.321 0 0 0 0 
18 4339.49 4309.74 4162.05 4172.82 4703.59 3910.77 4457.95 4439.49 4286.15 4246.67 4413.33 4264.1 4483.08 4339.49 1601 1734 579.321 0 0 0 0 
19 4338.46 4313.85 4162.56 4175.38 4706.15 3907.69 4462.05 4444.62 4285.13 4248.72 4413.85 4264.62 4482.56 4341.54 1602 1734 579.337 0 0 0 0 
20 4339.49 4318.46 4162.56 4177.95 4712.31 3910.77 4470.26 4453.33 4299.49 4263.59 4414.36 4265.13 4492.82 4344.62 1601 1734 579.337 0 0 0 0 
21 4338.97 4316.92 4162.56 4174.36 4708.21 3911.28 4463.59 4447.69 4299.49 4256.92 4414.36 4264.1 4483.08 4338.46 1602 1734 579.353 0 0 0 0 
22 4337.95 4308.72 4163.08 4166.67 4701.54 3906.67 4456.92 4449.23 4293.33 4251.79 4414.36 4263.59 4479.49 4337.44 1601 1734 579.353 0 0 0 0 
23 4339.49 4311.28 4163.59 4168.21 4705.64 3907.69 4460 4454.87 4295.9 4259.49 4414.36 4262.56 4493.85 4343.08 1601 1735 579.368 0 0 0 0 
24 4337.95 4315.9 4160.51 4172.31 4708.21 3910.77 4461.54 4450.26 4294.36 4253.33 4414.36 4262.56 4491.28 4341.03 1601 1735 579.368 0 0 0 0 
25 4331.79 4310.26 4158.97 4167.69 4705.13 3910.26 4462.05 4451.28 4292.82 4244.1 4414.36 4264.62 4481.54 4333.85 1602 1735 579.384 0 0 0 0 
26 4334.87 4310.77 4158.97 4168.21 4705.13 3908.21 4463.59 4454.87 4293.85 4250.77 4414.36 4265.64 4481.54 4333.33 1602 1734 579.384 0 0 0 0 
27 4335.9 4311.28 4157.44 4169.23 4701.54 3906.67 4461.54 4448.21 4288.21 4252.31 4413.85 4264.1 4482.56 4336.41 1600 1736 579.399 0 0 0 0 
28 4326.15 4300 4157.44 4165.64 4697.95 3907.69 4459.49 4446.15 4284.1 4244.1 4412.82 4263.08 4482.56 4335.38 1602 1734 579.399 0 0 0 0 
29 4326.15 4304.62 4163.59 4169.74 4704.62 3909.74 4463.59 4453.33 4289.23 4243.59 4412.31 4263.59 4481.03 4334.87 1601 1735 579.415 0 0 0 0 
30 4335.9 4323.08 4169.23 4172.82 4707.69 3908.21 4463.59 4456.41 4292.31 4252.31 4412.82 4263.59 4482.05 4339.49 1602 1736 579.415 0 0 0 0 
31 4340 4322.05 4166.15 4168.72 4705.64 3907.18 4461.54 4460 4295.38 4263.59 4414.87 4264.1 4498.46 4348.72 1603 1735 579.431 0 0 0 0 
32 4342.56 4319.49 4168.21 4176.41 4712.31 3912.31 4468.72 4462.56 4304.1 4267.18 4416.41 4265.13 4511.79 4356.41 1603 1736 579.431 0 0 0 0 
33 4347.69 4329.74 4171.28 4185.13 4718.46 3913.85 4473.33 4461.03 4305.13 4262.05 4414.36 4265.64 4504.1 4352.82 1602 1736 579.446 0 0 0 0 
34 4345.13 4324.1 4165.13 4175.38 4712.31 3908.72 4467.69 4458.97 4297.44 4259.49 4413.33 4263.59 4496.92 4343.08 1603 1736 579.446 0 0 0 0 
35 4338.97 4314.36 4164.1 4167.69 4707.69 3908.21 4465.64 4458.46 4293.85 4263.08 4414.36 4263.59 4500 4346.15 1603 1735 579.462 0 0 0 0 
36 4339.49 4321.03 4166.67 4171.28 4710.26 3909.23 4465.13 4455.9 4291.79 4263.59 4414.87 4265.13 4505.13 4352.82 1603 1737 579.462 0 0 0 0 
37 4347.18 4328.72 4166.15 4174.87 4708.72 3901.03 4460.51 4450.77 4289.74 4257.44 4413.33 4265.13 4503.59 4351.79 1604 1737 579.477 0 0 0 0 
38 4356.92 4334.36 4167.18 4179.49 4704.1 3891.79 4458.46 4447.18 4288.72 4251.28 4413.85 4265.13 4501.03 4353.33 1604 1736 579.477 0 0 0 0 
39 4367.69 4344.1 4168.72 4185.64 4708.21 3897.95 4466.15 4447.18 4285.13 4249.74 4415.38 4265.64 4504.1 4362.56 1604 1736 579.493 0 0 0 0 
40 4377.44 4351.28 4170.26 4188.72 4716.41 3910.77 4471.79 4452.82 4286.15 4252.82 4414.36 4264.62 4505.13 4370.77 1604 1737 579.493 0 0 0 0 
41 4391.28 4361.54 4176.92 4197.95 4717.95 3910.77 4466.67 4455.38 4290.26 4253.33 4414.36 4269.23 4510.26 4380.51 1604 1735 579.509 0 0 0 0 
42 4414.36 4385.64 4184.1 4210.26 4715.9 3907.18 4464.62 4448.21 4283.08 4247.18 4414.36 4271.28 4522.05 4398.46 1604 1736 579.509 0 0 0 0 
43 4432.82 4397.44 4183.08 4214.36 4714.36 3910.26 4468.21 4449.23 4274.87 4241.03 4413.33 4267.69 4525.64 4412.82 1604 1736 579.524 0 0 0 0 
44 4431.79 4389.74 4182.05 4213.85 4710.26 3908.72 4465.13 4458.46 4280.51 4244.1 4413.85 4270.77 4525.64 4415.38 1604 1737 579.524 0 0 0 0 
45 4435.38 4397.44 4187.69 4214.87 4708.21 3903.59 4466.67 4462.05 4290.26 4255.9 4415.38 4278.46 4542.56 4418.97 1604 1736 579.54 0 0 0 0 
46 4449.74 4414.36 4190.77 4215.9 4710.26 3901.03 4472.31 4460 4289.23 4258.46 4415.38 4278.46 4555.9 4430.77 1603 1738 579.54 0 0 0 0 
47 4444.1 4402.56 4187.18 4216.41 4705.64 3896.41 4465.13 4457.95 4281.03 4254.36 4414.36 4273.85 4545.64 4433.85 1604 1736 579.555 0 0 0 0 
48 4427.69 4378.97 4184.1 4213.85 4702.05 3892.31 4457.95 4454.36 4277.95 4257.44 4414.36 4276.41 4540 4423.59 1604 1737 579.555 0 0 0 0 
49 4426.15 4384.62 4185.13 4209.74 4709.74 3894.36 4464.1 4456.41 4283.08 4260 4414.87 4278.97 4538.46 4415.38 1605 1737 579.571 0 0 0 0 
50 4421.54 4386.67 4183.59 4205.64 4713.85 3896.92 4465.13 4458.46 4281.54 4250.26 4413.85 4270.77 4527.18 4407.18 1604 1735 579.571 0 0 0 0 
51 4402.05 4362.56 4173.85 4198.46 4705.64 3891.28 4460.51 4452.31 4275.9 4243.08 4412.31 4263.08 4514.36 4391.79 1603 1736 579.587 0 0 0 0 
52 4386.67 4350.26 4166.67 4189.23 4702.05 3886.67 4457.95 4446.67 4275.9 4245.64 4411.79 4264.1 4509.74 4382.05 1604 1735 579.587 0 0 0 0 
53 4378.97 4348.72 4167.69 4185.13 4707.69 3888.72 4456.92 4445.13 4275.9 4246.15 4412.82 4265.64 4505.64 4376.92 1604 1735 579.602 0 0 0 0 
54 4370.26 4336.92 4170.26 4184.62 4709.23 3895.38 4461.03 4446.15 4276.41 4247.18 4414.36 4263.08 4503.59 4368.21 1603 1734 579.602 0 0 0 0 
55 4361.03 4327.18 4165.13 4183.59 4704.1 3896.41 4461.54 4446.15 4277.44 4249.23 4413.33 4263.59 4503.59 4359.49 1602 1734 579.618 0 0 0 0 
56 4350.77 4324.62 4160 4179.49 4701.03 3884.1 4457.44 4440.51 4275.38 4244.62 4411.79 4263.08 4494.36 4354.36 1603 1733 579.618 0 0 0 0 
57 4348.72 4315.38 4164.1 4173.33 4705.13 3881.54 4459.49 4447.18 4276.92 4249.74 4414.36 4263.59 4496.41 4355.38 1602 1733 579.633 0 0 0 0 
58 4349.23 4309.23 4169.23 4169.23 4708.21 3893.33 4461.54 4457.95 4282.56 4260 4415.38 4265.64 4502.56 4356.92 1603 1733 579.633 0 0 0 0 
59 4343.59 4311.28 4167.69 4170.26 4706.15 3891.79 4458.46 4454.36 4281.03 4256.92 4410.77 4263.59 4493.85 4352.82 1601 1733 579.649 0 0 0 0 
60 4340.51 4302.05 4165.64 4169.23 4704.1 3886.67 4459.49 4452.82 4280 4252.82 4410.77 4263.08 4489.74 4351.79 1601 1734 579.649 0 0 0 0 
61 4336.41 4291.28 4167.18 4166.67 4704.1 3890.26 4463.59 4454.36 4279.49 4251.79 4414.87 4264.1 4489.74 4350.77 1601 1733 579.665 0 0 0 0 
62 4330.77 4296.41 4167.18 4169.23 4704.62 3891.28 4465.13 4444.1 4275.38 4245.64 4412.31 4263.59 4481.54 4344.1 1601 1735 579.665 0 0 0 0 
63 4333.33 4297.95 4166.67 4169.74 4705.64 3889.74 4468.21 4443.59 4281.03 4251.28 4410.77 4264.1 4483.08 4348.21 1601 1733 579.68 0 0 0 0 
64 4335.38 4284.62 4167.18 4166.67 4702.56 3888.72 4467.69 4458.46 4289.23 4262.05 4416.41 4266.15 4495.9 4356.92 1601 1734 579.68 0 0 0 0 
65 4329.74 4284.1 4165.13 4167.18 4696.92 3880.51 4461.03 4458.46 4285.64 4251.28 4418.46 4264.62 4490.77 4349.74 1601 1734 579.696 0 0 0 0 
66 4330.77 4291.28 4167.18 4167.69 4697.95 3876.92 4456.92 4451.79 4288.72 4249.74 4417.95 4264.62 4485.64 4347.18 1600 1733 579.696 0 0 0 0 
67 4332.31 4283.59 4167.69 4167.18 4704.1 3882.05 4462.05 4462.56 4297.95 4267.69 4418.46 4266.15 4494.36 4356.92 1602 1734 579.711 0 0 0 0 
68 4326.67 4275.38 4157.95 4166.15 4704.1 3885.13 4470.77 4463.08 4291.28 4257.44 4413.85 4264.1 4489.74 4352.31 1601 1734 579.711 0 0 0 0 
69 4324.62 4274.87 4155.38 4160.51 4702.56 3887.69 4474.87 4456.41 4286.15 4240 4409.74 4262.56 4485.64 4345.13 1602 1735 579.727 0 0 0 0 
70 4325.64 4268.21 4162.05 4158.97 4704.1 3894.36 4477.44 4467.69 4298.97 4253.33 4411.79 4261.54 4492.31 4352.82 1601 1734 579.727 0 0 0 0 
71 4323.08 4260 4165.13 4165.64 4704.1 3894.36 4478.46 4476.92 4304.1 4261.54 4413.33 4262.56 4493.33 4356.41 1601 1735 579.743 0 0 0 0 
72 4322.05 4264.62 4163.59 4168.21 4703.08 3884.1 4471.79 4463.08 4294.87 4248.21 4412.31 4263.59 4485.13 4347.18 1602 1733 579.743 0 0 0 0 
73 4322.56 4266.15 4158.46 4167.18 4703.08 3879.49 4465.64 4453.85 4290.77 4242.56 4411.79 4256.92 4476.92 4340 1601 1734 579.758 0 0 0 0 
74 4318.97 4254.36 4158.97 4166.67 4702.05 3884.62 4472.31 4461.03 4293.85 4248.21 4410.77 4253.85 4475.38 4340.51 1603 1733 579.758 0 0 0 0 
75 4316.92 4250.77 4163.08 4164.62 4700.51 3887.69 4476.41 4467.69 4295.38 4249.74 4411.28 4263.08 4482.56 4343.59 1602 1734 579.774 0 0 0 0 
76 4317.44 4261.03 4160.51 4164.1 4708.21 3887.69 4470.77 4468.72 4294.36 4249.23 4412.82 4262.56 4489.23 4347.18 1603 1733 579.774 0 0 0 0 
77 4314.87 4262.05 4157.95 4168.21 4716.92 3893.85 4473.33 4466.15 4290.26 4247.18 4412.82 4255.38 4481.54 4345.13 1603 1734 579.789 0 0 0 0 
78 4311.28 4249.23 4163.08 4167.69 4710.77 3894.87 4480 4465.64 4286.15 4244.1 4411.79 4256.41 4471.28 4338.46 1604 1734 579.789 0 0 0 0 
79 4308.21 4247.69 4162.05 4163.08 4702.56 3886.67 4473.85 4466.67 4283.08 4244.62 4411.79 4259.49 4471.79 4334.36 1603 1734 579.805 0 0 0 0 
80 4300.51 4250.26 4152.82 4156.41 4702.56 3879.49 4466.15 4462.56 4283.59 4246.67 4412.31 4258.46 4477.44 4333.85 1603 1734 579.805 0 0 0 0 
81 4298.97 4244.62 4152.31 4151.28 4702.56 3878.97 4469.23 4458.97 4287.69 4248.72 4412.82 4262.56 4477.44 4336.41 1603 1734 579.821 0 0 0 0 
82 4309.23 4248.21 4160.51 4155.9 4703.08 3882.56 4473.33 4461.03 4286.67 4248.21 4412.82 4265.64 4474.87 4337.95 1604 1735 579.821 0 0 0 0 
83 4308.72 4253.33 4164.62 4158.46 4703.59 3877.44 4469.74 4462.56 4285.64 4248.72 4412.82 4257.44 4476.92 4336.92 1603 1733 579.836 0 0 0 0 
84 4303.59 4249.23 4161.03 4152.31 4700.51 3874.87 4468.72 4464.1 4291.79 4254.87 4412.31 4249.23 4485.64 4340.51 1602 1735 579.836 0 0 0 0 
85 4312.31 4249.74 4163.59 4158.97 4704.62 3882.05 4475.38 4471.28 4300 4267.18 4413.33 4246.67 4497.95 4353.33 1604 1734 579.852 0 0 0 0 
86 4312.31 4252.82 4169.23 4169.23 4710.77 3883.59 4477.95 4475.38 4297.44 4265.13 4413.33 4241.03 4491.79 4351.79 1603 1734 579.852 0 0 0 0 
87 4296.41 4248.72 4164.1 4158.97 4705.64 3877.95 4474.87 4472.82 4291.28 4250.77 4412.31 4231.79 4472.31 4334.87 1604 1734 579.867 0 0 0 0 
88 4300 4253.33 4160 4151.79 4702.56 3878.97 4474.87 4469.74 4290.77 4251.28 4413.33 4230.77 4480.51 4337.44 1603 1734 579.867 0 0 0 0 
89 4313.33 4266.15 4160 4162.05 4703.08 3880.51 4469.23 4464.62 4287.18 4255.38 4412.82 4234.87 4496.92 4350.77 1602 1736 579.883 0 0 0 0 
90 4305.64 4262.56 4154.36 4162.56 4698.97 3870.77 4461.54 4458.46 4280 4248.21 4410.77 4233.33 4483.59 4344.1 1602 1736 579.883 0 0 0 0 
91 4296.92 4254.36 4153.33 4151.79 4696.92 3867.69 4463.59 4456.41 4277.95 4244.1 4412.31 4228.72 4475.9 4336.92 1602 1736 579.899 0 0 0 0 
92 4307.18 4255.38 4157.95 4151.79 4694.87 3871.28 4464.1 4460 4281.54 4249.74 4412.82 4230.26 4489.23 4345.13 1602 1735 579.899 0 0 0 0 
93 4310.77 4258.97 4155.9 4156.92 4691.28 3866.15 4459.49 4462.05 4278.46 4248.72 4409.74 4231.28 4485.64 4347.18 1603 1735 579.914 0 0 0 0 
94 4297.44 4252.31 4153.33 4152.31 4690.77 3860.51 4463.08 4459.49 4274.87 4242.05 4409.74 4222.05 4471.28 4337.44 1602 1736 579.914 0 0 0 0 
95 4291.79 4245.64 4155.38 4144.62 4695.38 3864.1 4471.79 4460.51 4278.97 4246.15 4413.85 4211.79 4476.41 4335.9 1602 1736 579.93 0 0 0 0 
96 4295.9 4251.28 4154.36 4146.67 4697.44 3867.69 4472.82 4465.64 4279.49 4249.23 4413.85 4213.33 4482.05 4337.44 1602 1737 579.93 0 0 0 0 
97 4295.38 4256.41 4155.38 4155.9 4696.92 3866.15 4472.82 4468.21 4275.38 4246.15 4410.26 4219.49 4474.87 4334.87 1603 1736 579.945 0 0 0 0 
98 4295.38 4250.77 4161.54 4155.9 4694.87 3865.64 4473.85 4470.77 4277.95 4248.21 4410.77 4222.05 4475.38 4336.41 1602 1737 579.945 0 0 0 0 
99 4300.51 4248.72 4162.56 4151.28 4693.33 3864.1 4474.36 4473.33 4281.03 4249.23 4414.87 4221.54 4480.51 4340.51 1603 1737 579.961 0 0 0 0 
100 4303.08 4257.95 4161.54 4153.85 4695.38 3863.59 4476.41 4474.36 4277.95 4246.15 4414.87 4219.49 4478.97 4342.05 1602 1736 579.961 0 0 0 0 
101 4298.46 4255.9 4160.51 4153.85 4693.85 3867.18 4477.44 4481.03 4282.56 4251.28 4411.79 4218.46 4481.03 4343.59 1603 1738 579.977 0 0 0 0 
102 4293.85 4240.51 4161.54 4147.18 4688.72 3868.72 4479.49 4485.64 4289.23 4256.92 4411.79 4220.51 4485.64 4345.13 1603 1736 579.977 0 0 0 0 
103 4294.36 4235.38 4163.59 4144.1 4688.21 3865.13 4479.49 4480 4284.62 4250.77 4412.31 4224.62 4480.51 4340.51 1603 1737 579.992 0 0 0 0 
104 4296.41 4244.62 4161.03 4143.08 4690.77 3861.54 4474.36 4472.82 4278.97 4246.67 4410.77 4231.28 4472.82 4338.97 1604 1736 579.992 0 0 0 0 
105 4295.9 4245.64 4160 4141.54 4692.31 3863.08 4473.85 4475.9 4283.59 4250.77 4410.77 4233.85 4481.03 4346.15 1603 1736 580.008 0 0 0 0 
106 4299.49 4235.9 4165.64 4143.59 4696.41 3864.1 4475.9 4485.13 4291.79 4257.44 4413.33 4231.28 4491.79 4353.85 1604 1734 580.008 0 0 0 0 
107 4308.72 4240 4172.31 4151.28 4701.54 3864.1 4474.87 4490.26 4294.36 4264.1 4413.33 4232.31 4491.79 4358.46 1603 1734 580.023 0 0 0 0 
108 4311.28 4252.31 4169.23 4157.44 4699.49 3865.64 4474.36 4492.82 4292.82 4265.64 4413.33 4232.31 4491.79 4356.41 1603 1735 580.023 0 0 0 0 
109 4302.05 4247.18 4161.54 4153.33 4694.36 3865.64 4474.36 4488.72 4290.77 4260.51 4414.36 4223.59 4490.26 4350.26 1604 1735 580.039 0 0 0 0 
110 4293.85 4232.31 4154.87 4142.05 4691.79 3865.13 4473.85 4480.51 4284.1 4251.28 4411.28 4219.49 4479.49 4344.1 1604 1734 580.039 0 0 0 0 
111 4292.31 4226.15 4154.36 4137.95 4688.72 3864.62 4475.9 4476.41 4278.97 4246.15 4406.67 4226.67 4474.36 4342.56 1603 1734 580.055 0 0 0 0 
112 4295.38 4233.85 4155.9 4140.51 4685.13 3860.51 4474.36 4471.79 4272.82 4244.62 4407.18 4232.31 4483.59 4345.13 1603 1735 580.055 0 0 0 0 
113 4301.03 4248.21 4157.44 4145.13 4690.26 3859.49 4471.28 4463.08 4270.26 4244.1 4410.77 4230.77 4488.72 4346.15 1603 1733 580.07 0 0 0 0 
114 4307.69 4250.26 4165.64 4149.74 4697.95 3869.74 4481.03 4465.64 4281.03 4250.26 4412.31 4232.31 4494.87 4352.31 1602 1735 580.07 0 0 0 0 
115 4314.36 4245.13 4170.77 4151.79 4696.92 3874.36 4486.15 4476.41 4289.74 4255.9 4411.79 4234.87 4503.08 4360.51 1603 1734 580.086 0 0 0 0 
116 4321.54 4253.85 4168.72 4157.44 4697.44 3872.82 4481.03 4480.51 4287.69 4253.85 4411.79 4232.82 4499.49 4364.1 1601 1734 580.086 0 0 0 0 
117 4328.72 4267.69 4169.23 4166.67 4701.54 3874.36 4482.05 4486.15 4290.77 4257.44 4413.85 4233.85 4503.08 4369.23 1602 1735 580.101 0 0 0 0 
118 4335.9 4273.85 4172.82 4168.72 4702.56 3872.82 4482.05 4489.74 4292.82 4265.13 4414.36 4234.36 4520 4380.51 1601 1734 580.101 0 0 0 0 
119 4349.23 4281.54 4179.49 4169.23 4701.03 3870.77 4474.87 4486.15 4289.74 4266.67 4414.36 4232.31 4528.21 4390.77 1601 1735 580.117 0 0 0 0 
120 4363.59 4291.28 4185.13 4179.49 4702.56 3870.26 4472.82 4482.56 4289.74 4261.03 4414.36 4233.33 4522.56 4395.9 1601 1734 580.117 0 0 0 0 
121 4374.87 4299.49 4184.62 4188.21 4702.56 3866.67 4476.92 4477.95 4284.1 4258.97 4414.36 4233.85 4522.56 4402.56 1600 1734 580.133 0 0 0 0 
122 4387.69 4317.95 4184.1 4188.72 4704.62 3863.08 4473.85 4470.77 4275.9 4260.51 4414.36 4233.85 4535.9 4413.85 1601 1734 580.133 0 0 0 0 
123 4401.03 4335.9 4186.67 4189.74 4707.18 3868.72 4474.36 4473.85 4280 4256.92 4414.36 4238.46 4547.18 4424.62 1600 1735 580.148 0 0 0 0 
124 4408.21 4334.87 4185.64 4194.36 4704.1 3873.85 4483.59 4483.59 4281.54 4252.31 4414.36 4245.13 4543.08 4425.64 1601 1734 580.164 0 0 0 0 
125 4409.74 4325.64 4185.64 4195.9 4698.97 3866.15 4485.64 4484.1 4276.41 4251.79 4414.36 4248.21 4543.59 4423.08 1600 1736 580.164 0 0 0 0 
126 4414.87 4333.33 4186.67 4194.87 4698.97 3861.54 4482.05 4480 4278.97 4253.33 4414.36 4248.21 4556.41 4433.85 1602 1735 580.164 0 0 0 0 
127 4426.15 4353.85 4187.69 4198.46 4705.13 3866.15 4479.49 4477.44 4283.59 4255.38 4414.36 4246.67 4558.46 4445.13 1601 1736 580.179 0 0 0 0 
128 4428.72 4355.38 4189.74 4205.13 4706.67 3870.26 4481.03 4479.49 4283.08 4263.08 4414.36 4248.72 4554.36 4443.59 1603 1737 580.179 0 0 0 0 
0 4417.95 4334.87 4188.72 4204.1 4706.15 3870.26 4484.1 4484.1 4285.13 4265.64 4414.36 4246.15 4556.92 4436.92 1603 1737 580.195 0 0 0 0 
1 4407.18 4323.08 4185.13 4196.41 4712.31 3875.38 4485.64 4489.23 4289.23 4263.59 4414.36 4235.9 4553.33 4430.26 1603 1738 580.211 0 0 0 0 
2 4403.08 4324.1 4185.64 4190.26 4715.9 3878.97 4486.15 4490.77 4292.82 4264.62 4414.36 4230.77 4549.74 4424.62 1603 1737 580.211 0 0 0 0 
