25 4385.13 4413.33 4229.23 4222.56 4764.1 3936.92 4530.26 4474.36 4322.56 4290.26 4411.28 4263.08 4574.87 4408.21 1603 1736 107.434 0 0 0 0 
26 4373.85 4409.74 4220.51 4222.05 4763.59 3938.46 4533.85 4473.33 4308.21 4274.87 4410.77 4262.05 4556.92 4394.87 1603 1736 107.449 0 0 0 0 
27 4376.41 4404.62 4223.08 4223.08 4768.72 3944.62 4538.46 4477.44 4308.72 4275.9 4412.31 4263.59 4550.77 4394.36 1603 1735 107.449 0 0 0 0 
28 4373.85 4405.64 4227.18 4223.08 4768.21 3943.08 4540 4481.54 4311.28 4280.51 4412.31 4264.62 4557.44 4400.51 1603 1736 107.465 0 0 0 0 
29 4370.77 4409.74 4226.15 4224.62 4765.13 3936.92 4535.9 4480 4307.18 4278.97 4412.31 4264.1 4563.59 4401.03 1602 1735 107.465 0 0 0 0 
30 4379.49 4413.33 4229.23 4224.1 4765.64 3931.79 4531.28 4481.03 4308.72 4281.03 4414.36 4263.59 4566.67 4405.64 1602 1737 107.481 0 0 0 0 
31 4384.1 4422.56 4232.82 4223.08 4764.62 3926.67 4525.64 4488.21 4313.33 4287.69 4415.38 4264.62 4568.72 4413.33 1603 1735 107.481 0 0 0 0 
32 4380 4422.05 4230.77 4224.1 4762.56 3926.15 4522.56 4487.18 4313.85 4289.74 4415.38 4264.62 4570.26 4411.79 1603 1736 107.496 0 0 0 0 
33 4375.9 4408.72 4227.18 4220.51 4764.1 3927.18 4521.54 4477.95 4313.85 4287.69 4414.87 4262.56 4571.28 4405.64 1603 1736 107.496 0 0 0 0 
34 4373.85 4404.62 4222.56 4214.36 4762.05 3926.15 4520.51 4473.33 4310.77 4284.1 4411.28 4263.08 4566.67 4402.05 1603 1736 107.512 0 0 0 0 
35 4370.77 4409.74 4217.44 4214.36 4755.38 3927.18 4524.1 4476.41 4304.1 4283.59 4411.28 4265.13 4563.08 4398.97 1602 1737 107.512 0 0 0 0 
36 4364.1 4406.15 4215.38 4213.33 4750.26 3926.67 4519.49 4472.82 4296.92 4281.54 4414.36 4260 4565.64 4398.97 1603 1737 107.527 0 0 0 0 
37 4364.1 4402.56 4220 4212.31 4749.74 3919.49 4508.21 4466.67 4293.33 4278.97 4414.36 4257.95 4567.69 4403.08 1602 1737 107.527 0 0 0 0 
38 4373.85 4406.15 4230.26 4216.92 4754.87 3914.36 4510.77 4471.28 4297.95 4283.08 4413.33 4262.56 4569.23 4409.23 1602 1737 107.543 0 0 0 0 
39 4371.28 4400 4231.79 4215.9 4755.9 3912.31 4518.97 4475.9 4297.44 4281.54 4412.82 4265.13 4566.67 4406.15 1602 1736 107.543 0 0 0 0 
40 4357.95 4394.36 4222.56 4206.15 4751.79 3912.82 4519.49 4474.87 4292.31 4270.77 4412.31 4261.03 4555.38 4393.33 1602 1738 107.559 0 0 0 0 
41 4352.82 4396.92 4218.46 4201.03 4752.82 3920.51 4526.15 4480.51 4293.85 4269.74 4412.31 4252.82 4543.08 4384.62 1603 1736 107.559 0 0 0 0 
42 4348.72 4393.85 4216.92 4203.08 4752.82 3928.72 4535.38 4492.82 4296.41 4273.85 4413.33 4253.33 4541.03 4384.1 1601 1737 107.574 0 0 0 0 
43 4346.67 4390.26 4213.85 4201.54 4753.33 3927.69 4530.26 4491.28 4293.33 4269.74 4413.33 4262.56 4546.15 4386.15 1603 1736 107.574 0 0 0 0 
44 4353.33 4394.87 4222.05 4203.59 4756.41 3925.13 4521.03 4478.97 4290.26 4268.21 4413.33 4265.64 4551.28 4390.26 1602 1737 107.59 0 0 0 0 
45 4361.03 4399.49 4231.79 4215.38 4756.41 3926.15 4522.56 4474.36 4289.74 4275.38 4413.85 4261.54 4554.36 4394.87 1602 1737 107.59 0 0 0 0 
46 4364.1 4399.49 4233.85 4220 4756.41 3926.15 4520 4475.9 4288.21 4280.51 4414.87 4265.13 4553.33 4395.38 1602 1736 107.605 0 0 0 0 
47 4364.62 4400.51 4232.82 4213.33 4757.95 3923.08 4510.77 4476.41 4291.28 4285.64 4414.87 4268.21 4555.38 4396.41 1602 1736 107.605 0 0 0 0 
48 4360 4398.46 4230.77 4212.31 4755.38 3918.46 4507.18 4476.41 4294.87 4286.15 4414.36 4264.1 4558.97 4398.97 1601 1735 107.621 0 0 0 0 
49 4356.41 4394.36 4231.28 4213.85 4754.36 3911.79 4507.69 4475.38 4288.72 4279.49 4415.38 4265.13 4557.44 4397.44 1602 1735 107.621 0 0 0 0 
50 4359.49 4390.77 4232.82 4207.69 4755.9 3910.26 4504.62 4470.77 4282.05 4279.49 4415.38 4266.67 4555.9 4397.95 1602 1734 107.637 0 0 0 0 
51 4360 4392.31 4230.77 4206.15 4756.41 3916.92 4507.18 4469.23 4282.56 4282.05 4413.33 4263.59 4556.92 4401.54 1602 1736 107.637 0 0 0 0 
52 4362.05 4397.44 4230.26 4215.38 4759.49 3925.13 4520 4478.97 4285.64 4280.51 4414.87 4264.1 4557.95 4403.59 1603 1733 107.652 0 0 0 0 
53 4362.56 4393.33 4231.28 4216.41 4761.54 3928.72 4528.21 4491.79 4286.15 4281.54 4413.85 4265.13 4556.92 4402.05 1601 1735 107.652 0 0 0 0 
54 4352.31 4381.54 4223.08 4205.13 4756.41 3927.69 4526.67 4490.77 4281.03 4281.03 4405.64 4256.41 4549.74 4393.33 1602 1735 107.668 0 0 0 0 
55 4339.49 4376.41 4214.36 4192.82 4748.72 3920.51 4521.03 4481.03 4271.79 4271.79 4403.59 4252.31 4542.05 4384.1 1602 1734 107.668 0 0 0 0 
56 4337.95 4376.92 4213.85 4191.79 4741.54 3910.26 4513.33 4475.9 4262.56 4261.54 4409.23 4255.38 4537.95 4379.49 1602 1735 107.683 0 0 0 0 
57 4344.62 4376.92 4214.36 4197.44 4742.05 3902.05 4503.08 4469.23 4257.44 4260.51 4411.28 4255.38 4536.41 4381.54 1601 1734 107.683 0 0 0 0 
58 4351.28 4379.49 4220 4203.08 4748.72 3900 4493.33 4463.08 4260 4265.64 4412.31 4258.97 4541.03 4390.26 1600 1735 107.699 0 0 0 0 
59 4359.49 4388.72 4230.26 4210.26 4748.72 3905.64 4490.26 4467.69 4269.23 4275.38 4414.87 4266.67 4552.82 4402.05 1601 1734 107.699 0 0 0 0 
60 4363.59 4393.33 4229.74 4211.79 4747.18 3910.77 4490.26 4475.9 4274.36 4286.15 4414.36 4265.64 4558.97 4404.62 1601 1734 107.715 0 0 0 0 
61 4357.95 4385.64 4221.54 4204.62 4746.67 3908.21 4491.28 4475.38 4268.21 4287.18 4411.79 4261.54 4553.33 4396.92 1601 1735 107.715 0 0 0 0 
62 4351.79 4382.56 4218.97 4202.05 4742.05 3904.62 4495.9 4471.79 4263.08 4280.51 4411.79 4264.1 4550.26 4393.85 1601 1736 107.73 0 0 0 0 
63 4351.79 4387.69 4220 4206.67 4742.05 3910.26 4504.1 4471.79 4264.1 4276.41 4412.31 4264.1 4547.69 4393.33 1601 1735 107.73 0 0 0 0 
64 4344.1 4373.85 4218.46 4201.54 4747.69 3921.54 4514.36 4481.03 4263.08 4275.9 4412.31 4258.46 4529.23 4382.05 1600 1736 107.746 0 0 0 0 
65 4331.79 4351.79 4216.92 4193.33 4750.26 3927.18 4524.62 4487.18 4262.05 4274.36 4411.28 4256.41 4516.41 4371.79 1601 1736 107.746 0 0 0 0 
66 4333.85 4355.9 4215.9 4195.38 4749.74 3924.1 4524.62 4480 4261.54 4274.36 4412.82 4261.03 4533.33 4376.41 1601 1735 107.761 0 0 0 0 
67 4342.05 4366.15 4216.92 4198.46 4749.23 3924.1 4520.51 4478.46 4261.54 4283.08 4415.9 4264.1 4560.51 4385.13 1602 1737 107.761 0 0 0 0 
68 4342.05 4359.49 4223.08 4200 4749.74 3923.59 4522.56 4491.79 4270.26 4294.87 4415.38 4262.05 4569.74 4388.72 1602 1735 107.777 0 0 0 0 
69 4346.15 4356.41 4229.74 4201.03 4749.74 3922.56 4517.44 4501.03 4283.59 4304.1 4416.41 4262.56 4575.38 4397.95 1602 1737 107.777 0 0 0 0 
70 4356.92 4366.67 4232.31 4203.08 4750.26 3921.03 4507.18 4504.62 4288.21 4310.26 4420.51 4265.64 4587.69 4409.23 1603 1735 107.793 0 0 0 0 
71 4358.46 4366.67 4231.28 4205.64 4750.26 3917.95 4507.18 4508.21 4286.15 4314.87 4421.03 4264.62 4591.79 4410.77 1602 1737 107.793 0 0 0 0 
72 4348.72 4348.72 4224.1 4201.03 4749.23 3916.92 4508.21 4498.46 4282.05 4312.31 4416.92 4257.95 4584.1 4401.54 1603 1736 107.808 0 0 0 0 
73 4336.41 4333.85 4216.92 4189.23 4748.72 3913.85 4498.97 4480 4271.79 4299.49 4412.31 4257.44 4569.23 4387.18 1603 1736 107.808 0 0 0 0 
74 4334.36 4336.92 4215.9 4186.67 4750.77 3911.28 4492.31 4472.82 4265.13 4294.36 4410.77 4258.46 4562.56 4383.59 1603 1736 107.824 0 0 0 0 
75 4343.08 4347.69 4218.97 4196.92 4753.33 3914.36 4491.28 4472.82 4265.13 4300 4412.82 4256.92 4568.21 4391.28 1602 1736 107.824 0 0 0 0 
76 4348.21 4346.15 4224.62 4203.59 4753.85 3917.44 4494.36 4471.28 4267.18 4302.05 4415.38 4260 4572.31 4394.87 1603 1736 107.839 0 0 0 0 
77 4343.08 4338.97 4226.67 4197.95 4752.31 3915.9 4501.03 4475.9 4270.77 4296.41 4413.85 4261.03 4569.23 4392.31 1602 1734 107.839 0 0 0 0 
78 4337.44 4337.95 4219.49 4188.21 4747.69 3915.9 4506.67 4487.18 4272.31 4295.38 4412.31 4259.49 4565.64 4390.26 1602 1736 107.855 0 0 0 0 
79 4335.38 4338.46 4214.87 4184.1 4745.13 3915.38 4509.74 4494.36 4269.23 4297.44 4412.31 4258.46 4560.51 4386.15 1603 1734 107.855 0 0 0 0 
80 4327.69 4331.79 4217.44 4184.1 4744.1 3911.79 4509.23 4491.28 4264.1 4290.26 4411.79 4255.9 4550.77 4374.87 1602 1736 107.871 0 0 0 0 
81 4314.87 4323.59 4213.85 4183.59 4738.97 3910.77 4506.15 4482.56 4254.36 4278.46 4410.77 4254.36 4540.51 4364.62 1602 1735 107.871 0 0 0 0 
82 4315.9 4324.1 4209.74 4183.08 4738.46 3910.77 4505.13 4484.1 4249.23 4272.31 4410.77 4256.92 4533.85 4364.1 1602 1735 107.886 0 0 0 0 
83 4330.77 4332.31 4216.41 4184.1 4743.59 3912.31 4505.13 4487.18 4258.46 4274.87 4412.31 4258.97 4535.9 4374.87 1602 1735 107.886 0 0 0 0 
84 4343.08 4336.41 4224.62 4189.74 4746.67 3913.33 4500 4483.08 4267.18 4288.21 4415.38 4262.56 4553.85 4390.77 1601 1735 107.902 0 0 0 0 
85 4347.69 4332.82 4224.1 4196.41 4744.1 3909.74 4492.31 4479.49 4267.69 4304.1 4415.9 4267.18 4569.23 4398.46 1602 1736 107.902 0 0 0 0 
86 4350.77 4333.33 4223.08 4191.28 4742.56 3907.69 4490.77 4479.49 4268.21 4306.15 4413.85 4262.05 4563.59 4393.33 1602 1735 107.917 0 0 0 0 
87 4350.26 4338.97 4222.56 4188.21 4747.18 3910.77 4490.26 4476.92 4267.18 4300 4415.38 4262.05 4559.49 4389.23 1602 1734 107.917 0 0 0 0 
88 4350.77 4342.56 4222.56 4198.46 4748.72 3906.67 4489.23 4470.26 4260.51 4298.97 4416.41 4265.13 4566.67 4389.74 1602 1734 107.933 0 0 0 0 
89 4352.31 4343.59 4225.13 4204.62 4745.64 3898.97 4489.23 4468.72 4258.97 4297.44 4414.87 4261.54 4563.59 4388.72 1603 1734 107.933 0 0 0 0 
90 4349.74 4341.54 4225.64 4196.92 4744.1 3903.08 4490.77 4471.79 4261.03 4293.85 4413.85 4262.56 4552.82 4388.72 1602 1734 107.949 0 0 0 0 
91 4350.77 4333.33 4218.97 4189.74 4743.59 3911.79 4496.92 4474.36 4256.41 4293.33 4414.36 4264.1 4552.82 4389.74 1602 1734 107.949 0 0 0 0 
92 4352.31 4329.23 4214.87 4190.26 4743.59 3912.82 4506.67 4478.97 4252.82 4291.28 4414.36 4260.51 4554.87 4386.67 1602 1734 107.964 0 0 0 0 
93 4346.15 4331.28 4218.46 4188.21 4742.05 3911.79 4507.18 4483.59 4257.44 4290.26 4413.85 4258.97 4548.21 4382.05 1603 1733 107.964 0 0 0 0 
94 4340.51 4329.23 4214.87 4183.59 4737.95 3912.82 4498.46 4485.64 4262.56 4295.38 4414.87 4262.56 4548.21 4377.95 1602 1733 107.98 0 0 0 0 
95 4341.03 4323.08 4206.15 4183.08 4736.41 3910.77 4490.77 4486.67 4261.03 4296.41 4415.38 4258.97 4548.72 4375.38 1603 1733 107.98 0 0 0 0 
96 4341.54 4321.54 4208.72 4185.64 4736.92 3906.67 4490.26 4488.72 4256.41 4293.85 4413.85 4255.9 4543.08 4378.97 1602 1732 107.995 0 0 0 0 
97 4341.54 4322.05 4217.95 4184.1 4732.31 3903.08 4491.28 4488.72 4254.36 4293.85 4414.36 4262.05 4544.62 4386.15 1602 1734 107.995 0 0 0 0 
98 4347.18 4316.92 4219.49 4184.1 4731.28 3904.62 4489.23 4485.64 4255.9 4297.95 4415.9 4266.15 4554.87 4388.21 1603 1732 108.011 0 0 0 0 
99 4353.33 4312.31 4217.44 4185.64 4737.95 3911.28 4490.26 4478.97 4255.38 4296.92 4414.36 4263.59 4552.82 4385.64 1602 1734 108.011 0 0 0 0 
100 4350.77 4314.87 4216.92 4183.08 4736.41 3911.28 4486.15 4464.62 4243.08 4283.59 4411.28 4256.92 4538.97 4380 1602 1734 108.027 0 0 0 0 
101 4346.15 4318.46 4208.72 4180.51 4730.77 3906.67 4475.9 4453.85 4234.87 4274.36 4411.79 4256.92 4537.44 4371.79 1602 1735 108.027 0 0 0 0 
102 4343.59 4317.95 4200.51 4176.41 4732.31 3906.67 4480 4454.87 4233.33 4278.97 4413.33 4256.41 4542.56 4367.18 1602 1735 108.042 0 0 0 0 
103 4333.85 4310.77 4202.05 4171.28 4730.77 3902.56 4485.64 4462.56 4229.74 4279.49 4412.31 4253.33 4538.97 4365.13 1602 1736 108.042 0 0 0 0 
104 4325.13 4302.05 4204.1 4170.26 4725.13 3895.38 4479.49 4474.36 4236.92 4277.44 4411.79 4254.87 4534.87 4361.54 1602 1737 108.058 0 0 0 0 
105 4329.23 4302.56 4201.03 4169.23 4723.59 3892.31 4482.05 4486.67 4248.21 4289.23 4413.33 4256.41 4540 4361.54 1602 1737 108.058 0 0 0 0 
106 4331.79 4307.18 4201.54 4167.18 4720.51 3893.33 4487.69 4489.23 4250.26 4292.82 4414.36 4254.36 4538.97 4365.64 1603 1737 108.073 0 0 0 0 
107 4327.18 4301.54 4208.72 4172.82 4718.46 3896.41 4479.49 4483.59 4248.72 4283.08 4413.33 4252.82 4529.74 4366.67 1602 1737 108.073 0 0 0 0 
108 4325.64 4293.33 4207.69 4169.74 4722.56 3896.92 4475.9 4475.38 4245.13 4275.9 4412.82 4252.31 4525.13 4360 1603 1738 108.089 0 0 0 0 
109 4323.59 4294.87 4200 4157.95 4722.56 3895.38 4480 4466.67 4233.85 4269.74 4412.82 4249.23 4522.05 4354.36 1603 1736 108.089 0 0 0 0 
110 4322.05 4302.05 4200.51 4162.05 4724.1 3901.03 4474.87 4463.59 4231.28 4270.26 4413.33 4252.31 4528.21 4361.03 1601 1738 108.105 0 0 0 0 
111 4318.97 4300 4201.54 4170.77 4733.33 3908.72 4474.36 4470.77 4243.08 4278.46 4412.82 4257.95 4530.77 4365.13 1603 1738 108.105 0 0 0 0 
112 4314.36 4293.33 4202.05 4166.15 4733.85 3902.56 4480 4475.38 4248.72 4279.49 4412.31 4259.49 4525.64 4358.97 1602 1737 108.12 0 0 0 0 
113 4325.13 4299.49 4212.31 4171.79 4723.59 3893.85 4475.9 4472.31 4251.28 4285.64 4414.87 4264.62 4542.05 4368.72 1602 1738 108.12 0 0 0 0 
114 4345.64 4310.26 4221.03 4183.59 4721.03 3894.36 4471.79 4472.82 4254.87 4294.87 4416.92 4264.62 4567.69 4390.77 1602 1738 108.136 0 0 0 0 
115 4352.82 4308.21 4218.97 4176.92 4722.56 3895.9 4483.08 4477.95 4257.44 4278.97 4414.36 4264.1 4562.56 4396.41 1603 1737 108.136 0 0 0 0 
116 4349.74 4303.08 4215.9 4170.26 4721.03 3901.03 4491.79 4482.05 4256.92 4251.28 4412.31 4265.13 4550.77 4391.28 1602 1737 108.151 0 0 0 0 
117 4346.67 4300.51 4213.85 4172.82 4722.05 3905.64 4482.05 4478.97 4252.31 4238.97 4413.33 4262.05 4555.38 4386.67 1604 1737 108.151 0 0 0 0 
118 4342.05 4293.33 4212.82 4169.74 4728.21 3908.21 4477.95 4472.82 4246.15 4238.46 4414.36 4260.51 4554.87 4381.03 1603 1736 108.167 0 0 0 0 
119 4341.54 4290.26 4215.38 4168.72 4736.41 3912.82 4483.59 4473.33 4247.69 4242.05 4414.36 4263.08 4550.26 4380.51 1603 1737 108.167 0 0 0 0 
120 4343.59 4293.33 4216.41 4173.85 4738.46 3913.33 4481.03 4480 4252.31 4243.59 4414.87 4262.56 4549.74 4382.56 1604 1736 108.183 0 0 0 0 
121 4342.05 4292.31 4215.38 4172.82 4735.38 3909.23 4473.85 4484.1 4248.72 4242.05 4415.38 4258.97 4548.21 4378.97 1603 1738 108.183 0 0 0 0 
122 4343.08 4295.9 4216.41 4172.31 4734.87 3909.23 4478.46 4483.08 4246.67 4245.64 4415.38 4261.54 4552.82 4380 1603 1737 108.198 0 0 0 0 
123 4347.69 4302.56 4216.41 4174.87 4734.87 3909.23 4487.18 4483.59 4252.82 4249.74 4415.38 4263.08 4555.38 4386.67 1603 1737 108.198 0 0 0 0 
124 4353.33 4301.03 4217.95 4172.82 4734.36 3908.21 4487.18 4490.26 4262.05 4248.72 4415.9 4261.54 4555.38 4391.79 1604 1738 108.214 0 0 0 0 
125 4351.79 4293.85 4213.33 4168.72 4733.85 3911.28 4483.59 4492.31 4264.1 4253.85 4415.38 4260.51 4557.95 4391.28 1603 1736 108.214 0 0 0 0 
126 4344.62 4287.69 4206.15 4165.64 4731.79 3913.33 4486.67 4487.18 4262.05 4260 4414.87 4262.05 4556.92 4387.69 1604 1737 108.229 0 0 0 0 
127 4343.08 4289.74 4210.77 4166.15 4733.85 3913.85 4493.33 4491.28 4265.13 4258.46 4416.41 4265.13 4556.41 4386.67 1603 1736 108.229 0 0 0 0 
128 4343.59 4292.31 4211.79 4168.21 4736.92 3913.33 4487.69 4491.79 4265.64 4250.26 4414.36 4260 4554.87 4383.08 1603 1736 108.245 0 0 0 0 
0 4337.95 4286.67 4201.54 4167.18 4736.41 3910.26 4478.46 4476.41 4253.85 4245.13 4410.77 4255.38 4544.1 4375.38 1602 1735 108.245 0 0 0 0 
1 4336.92 4287.18 4202.56 4167.69 4734.87 3907.69 4476.92 4471.28 4244.62 4245.64 4411.79 4258.97 4538.97 4373.33 1602 1737 108.261 0 0 0 0 
2 4345.13 4295.38 4215.9 4172.31 4733.85 3907.18 4474.87 4480.51 4249.74 4244.1 4413.85 4260 4544.62 4376.92 1603 1734 108.261 0 0 0 0 
3 4355.38 4302.56 4218.97 4178.46 4735.38 3908.72 4476.92 4490.77 4261.54 4249.74 4412.82 4258.97 4550.26 4383.08 1601 1735 108.276 0 0 0 0 
4 4364.1 4304.62 4214.87 4182.05 4740.51 3910.77 4487.18 4501.54 4268.72 4263.08 4413.33 4262.56 4554.87 4392.31 1602 1735 108.276 0 0 0 0 
5 4363.59 4302.56 4217.95 4177.95 4738.46 3911.79 4490.77 4505.13 4268.21 4265.13 4414.87 4265.13 4553.33 4394.36 1601 1734 108.292 0 0 0 0 
6 4358.97 4295.9 4216.92 4175.9 4733.85 3911.28 4481.54 4495.9 4263.08 4259.49 4413.33 4262.05 4548.21 4390.26 1602 1735 108.292 0 0 0 0 
7 4359.49 4293.33 4207.69 4177.95 4734.87 3911.79 4477.44 4491.28 4261.54 4261.03 4412.82 4258.97 4548.21 4390.77 1602 1734 108.307 0 0 0 0 
8 4358.97 4293.85 4205.64 4174.36 4736.41 3910.26 4478.46 4490.26 4263.08 4258.46 4413.33 4258.46 4545.13 4392.82 1601 1735 108.307 0 0 0 0 
9 4357.95 4289.74 4208.72 4169.23 4734.36 3909.23 4476.41 4485.64 4262.05 4253.33 4413.85 4261.03 4538.97 4388.21 1603 1734 108.323 0 0 0 0 
10 4361.54 4290.77 4209.74 4168.21 4732.82 3908.72 4474.36 4487.69 4264.1 4261.54 4413.85 4261.54 4547.18 4385.64 1602 1735 108.323 0 0 0 0 
11 4369.23 4296.92 4211.79 4172.31 4736.92 3912.82 4481.03 4495.38 4274.36 4271.28 4415.38 4262.56 4558.97 4393.33 1602 1735 108.339 0 0 0 0 
12 4374.36 4300 4216.92 4179.49 4746.15 3921.54 4489.23 4494.87 4277.95 4266.15 4415.38 4265.13 4557.44 4400 1602 1737 108.339 0 0 0 0 
13 4374.36 4300 4217.95 4185.13 4747.69 3924.1 4488.21 4490.77 4270.26 4262.05 4414.36 4262.56 4552.31 4395.38 1602 1735 108.354 0 0 0 0 
14 4372.31 4297.44 4214.36 4185.13 4742.05 3923.08 4485.64 4492.31 4269.74 4265.64 4414.36 4261.03 4554.87 4391.79 1602 1737 108.354 0 0 0 0 
15 4371.28 4294.87 4208.72 4181.03 4737.44 3920 4484.62 4490.77 4271.79 4265.13 4414.36 4264.1 4552.82 4395.38 1603 1735 108.37 0 0 0 0 
16 4368.72 4294.87 4202.56 4172.82 4734.87 3913.85 4479.49 4483.08 4265.64 4260 4413.33 4262.56 4541.03 4390.77 1603 1736 108.37 0 0 0 0 
17 4367.69 4295.38 4201.54 4174.36 4735.9 3915.38 4474.87 4482.05 4266.67 4260.51 4411.79 4260 4538.46 4380 1602 1735 108.385 0 0 0 0 
18 4368.72 4294.36 4204.1 4180 4737.95 3921.03 4476.92 4489.74 4273.33 4264.62 4411.79 4260.51 4547.18 4381.03 1602 1736 108.385 0 0 0 0 
19 4372.82 4299.49 4207.18 4177.95 4739.49 3921.03 4481.54 4491.28 4271.79 4263.08 4413.33 4261.54 4549.74 4390.77 1603 1735 108.403 0 0 0 0 
20 4377.44 4302.56 4211.28 4176.92 4742.05 3917.95 4482.56 4487.18 4265.13 4258.97 4413.85 4262.05 4548.21 4393.33 1603 1736 108.403 0 0 0 0 
21 4382.56 4301.03 4214.87 4180.51 4741.54 3916.92 4480 4488.21 4264.62 4261.54 4412.82 4263.59 4552.31 4392.31 1603 1734 108.419 0 0 0 0 
22 4386.67 4301.54 4212.82 4178.46 4735.9 3911.79 4475.9 4490.77 4271.28 4265.64 4413.33 4263.08 4554.87 4394.87 1602 1735 108.419 0 0 0 0 
23 4384.62 4300.51 4209.74 4170.26 4737.44 3907.69 4474.87 4488.21 4276.92 4262.56 4415.9 4261.54 4550.26 4395.9 1604 1735 108.434 0 0 0 0 
