77 3903.08 4382.05 4221.54 4188.21 4650.26 3925.13 4477.95 4507.18 4310.77 4121.03 4482.56 4294.87 4544.62 4303.59 1601 1733 0.14 0 0 0 0 
78 3898.46 4381.03 4217.44 4188.21 4652.31 3930.77 4488.72 4501.54 4305.13 4116.92 4478.97 4295.38 4534.87 4302.56 1602 1731 0.14 0 0 0 0 
79 3894.36 4381.54 4217.95 4188.21 4658.97 3934.36 4503.59 4512.82 4305.64 4124.62 4481.54 4289.74 4542.05 4301.54 1602 1732 0.156 0 0 0 0 
80 3893.85 4383.59 4220.51 4185.13 4658.97 3930.77 4497.95 4518.46 4309.23 4126.67 4484.1 4291.79 4539.49 4302.05 1603 1731 0.156 0 0 0 0 
81 3893.85 4380.51 4216.92 4175.38 4653.33 3927.18 4486.67 4507.69 4306.15 4118.97 4481.03 4290.77 4523.59 4300.51 1603 1732 0.171 0 0 0 0 
82 3884.62 4370.77 4211.28 4171.28 4647.69 3925.64 4489.23 4495.9 4296.41 4110.26 4476.41 4282.05 4524.1 4295.38 1603 1731 0.171 0 0 0 0 
83 3871.79 4365.13 4202.56 4170.26 4640.51 3915.38 4480.51 4486.67 4284.1 4100 4465.64 4276.41 4517.95 4284.62 1603 1731 0.187 0 0 0 0 
84 3869.23 4366.67 4198.46 4163.08 4636.41 3902.05 4463.59 4484.1 4278.97 4094.87 4464.62 4276.92 4498.46 4278.46 1604 1731 0.187 0 0 0 0 
85 3873.33 4367.18 4205.64 4157.95 4639.49 3908.21 4471.79 4491.79 4285.64 4097.95 4477.44 4282.56 4502.05 4283.59 1603 1732 0.202 0 0 0 0 
86 3872.31 4368.21 4212.82 4164.62 4644.62 3920 4491.28 4498.97 4292.31 4104.62 4479.49 4287.69 4515.38 4288.72 1604 1732 0.202 0 0 0 0 
87 3873.33 4374.36 4212.31 4175.38 4648.72 3920.51 4492.82 4498.97 4291.28 4112.31 4472.31 4289.74 4513.85 4293.33 1604 1731 0.218 0 0 0 0 
88 3877.44 4373.33 4205.64 4172.82 4650.26 3918.97 4489.74 4498.46 4291.28 4115.38 4474.87 4287.69 4510.77 4296.41 1604 1732 0.218 0 0 0 0 
89 3880 4369.23 4204.1 4166.67 4650.77 3924.62 4496.41 4506.15 4298.97 4116.92 4482.56 4290.77 4517.44 4295.9 1604 1731 0.234 0 0 0 0 
90 3878.46 4367.69 4206.15 4166.67 4649.74 3923.08 4498.46 4512.31 4299.49 4121.03 4478.97 4291.28 4515.9 4292.82 1604 1733 0.234 0 0 0 0 
91 3870.26 4363.59 4200.51 4160 4639.49 3911.28 4490.26 4501.03 4286.67 4113.33 4466.15 4280 4495.9 4284.1 1605 1731 0.249 0 0 0 0 
92 3867.18 4361.03 4194.87 4157.44 4634.36 3909.23 4486.15 4491.28 4282.56 4106.67 4465.64 4276.92 4486.67 4280 1605 1732 0.249 0 0 0 0 
93 3875.9 4364.62 4200 4160 4644.1 3915.38 4489.23 4495.38 4287.18 4116.41 4475.9 4286.67 4501.54 4284.1 1605 1732 0.265 0 0 0 0 
94 3879.49 4367.18 4202.56 4158.97 4651.28 3915.38 4495.38 4496.41 4284.62 4120.51 4474.36 4292.82 4506.67 4285.64 1605 1732 0.265 0 0 0 0 
95 3874.36 4363.08 4200 4162.56 4646.15 3911.79 4498.97 4490.26 4278.46 4113.33 4467.18 4287.69 4494.36 4285.13 1606 1731 0.28 0 0 0 0 
96 3873.85 4358.46 4201.54 4172.31 4646.15 3912.82 4494.87 4491.79 4278.97 4114.36 4472.82 4286.15 4491.28 4288.21 1605 1732 0.28 0 0 0 0 
97 3881.03 4358.97 4205.64 4170.77 4651.28 3913.85 4493.33 4493.85 4280 4117.95 4476.92 4291.79 4498.46 4291.79 1606 1732 0.296 0 0 0 0 
98 3882.05 4358.46 4205.64 4163.08 4643.59 3907.69 4496.41 4489.74 4276.41 4110.26 4468.72 4291.79 4497.44 4289.23 1606 1731 0.296 0 0 0 0 
99 3875.9 4354.87 4203.08 4164.1 4640.51 3905.64 4496.92 4491.79 4275.9 4109.74 4466.15 4285.64 4494.87 4286.15 1606 1732 0.312 0 0 0 0 
100 3872.82 4356.41 4198.97 4165.64 4648.72 3909.23 4491.79 4490.26 4273.33 4119.49 4470.26 4281.54 4491.79 4285.64 1607 1732 0.312 0 0 0 0 
101 3871.79 4355.38 4192.82 4159.49 4643.59 3905.13 4485.13 4482.05 4264.62 4111.28 4467.18 4279.49 4483.08 4279.49 1605 1733 0.327 0 0 0 0 
102 3863.59 4345.64 4184.62 4146.15 4633.33 3895.9 4481.03 4481.54 4262.05 4095.9 4460 4275.9 4470.26 4270.26 1607 1732 0.327 0 0 0 0 
103 3853.85 4340.51 4178.46 4137.95 4634.36 3891.79 4478.97 4480 4261.03 4096.41 4459.49 4272.31 4458.46 4265.64 1606 1732 0.343 0 0 0 0 
104 3853.33 4343.08 4178.97 4143.08 4635.9 3894.36 4482.05 4469.74 4252.31 4096.41 4460 4271.79 4454.87 4264.62 1606 1733 0.343 0 0 0 0 
105 3857.95 4344.62 4183.59 4149.23 4635.9 3901.03 4490.26 4470.26 4252.31 4093.85 4459.49 4277.44 4460 4265.64 1606 1733 0.358 0 0 0 0 
106 3856.92 4345.64 4184.1 4146.67 4643.08 3902.56 4490.77 4478.46 4262.05 4101.03 4464.62 4280.51 4459.49 4268.72 1606 1732 0.358 0 0 0 0 
107 3852.82 4345.64 4181.54 4148.21 4647.18 3896.41 4481.03 4476.41 4261.54 4102.56 4467.69 4275.9 4450.26 4269.23 1605 1732 0.374 0 0 0 0 
108 3853.33 4344.62 4177.95 4152.31 4642.05 3894.87 4477.95 4468.72 4255.38 4093.85 4462.05 4275.38 4446.15 4264.62 1606 1733 0.374 0 0 0 0 
109 3853.33 4343.59 4174.36 4143.59 4640 3900.51 4488.72 4467.69 4255.38 4093.85 4460 4279.49 4447.18 4264.1 1606 1732 0.39 0 0 0 0 
110 3852.31 4343.08 4176.41 4138.97 4642.56 3904.1 4498.97 4474.87 4258.97 4101.54 4465.64 4279.49 4448.72 4268.21 1604 1734 0.39 0 0 0 0 
111 3852.82 4344.1 4179.49 4145.13 4641.03 3901.54 4494.36 4481.54 4260 4106.15 4466.15 4280.51 4449.74 4267.18 1605 1732 0.405 0 0 0 0 
112 3852.82 4349.23 4175.9 4146.67 4635.9 3895.9 4482.56 4475.38 4259.49 4109.74 4466.67 4283.08 4453.33 4264.1 1604 1732 0.405 0 0 0 0 
113 3855.38 4353.33 4176.92 4147.69 4640 3896.92 4485.13 4468.21 4260.51 4114.36 4471.79 4280.51 4458.97 4266.15 1604 1732 0.421 0 0 0 0 
114 3858.46 4353.33 4183.08 4154.87 4651.28 3906.67 4499.49 4475.38 4266.67 4120.51 4472.82 4280 4460.51 4272.31 1604 1731 0.421 0 0 0 0 
115 3863.59 4359.49 4187.69 4164.62 4658.46 3911.28 4502.56 4489.23 4278.46 4132.82 4473.85 4288.21 4467.69 4278.97 1604 1732 0.436 0 0 0 0 
116 3868.21 4362.05 4186.67 4163.59 4656.92 3907.18 4496.92 4490.26 4282.05 4136.41 4474.87 4290.26 4473.85 4278.97 1603 1731 0.436 0 0 0 0 
117 3864.62 4349.74 4183.08 4154.36 4651.28 3906.15 4501.54 4482.05 4274.87 4127.69 4465.13 4283.08 4470.26 4271.79 1604 1732 0.452 0 0 0 0 
118 3862.05 4342.05 4185.64 4151.79 4649.74 3909.23 4505.13 4485.13 4277.95 4127.18 4462.05 4281.03 4470.26 4270.26 1604 1731 0.452 0 0 0 0 
119 3866.15 4352.31 4191.28 4161.03 4651.28 3907.69 4500.51 4490.77 4286.67 4134.36 4473.85 4287.18 4477.95 4273.85 1605 1732 0.468 0 0 0 0 
120 3871.79 4362.56 4192.31 4166.15 4654.36 3910.26 4507.18 4492.82 4289.74 4133.85 4480 4292.31 4481.03 4276.41 1604 1731 0.468 0 0 0 0 
121 3876.92 4362.05 4195.38 4167.69 4659.49 3919.49 4521.03 4499.49 4294.87 4134.36 4478.97 4294.36 4483.59 4278.97 1604 1732 0.483 0 0 0 0 
122 3880 4360 4201.54 4171.79 4661.03 3922.05 4523.59 4500 4297.95 4137.95 4476.41 4293.85 4487.69 4282.05 1605 1731 0.483 0 0 0 0 
123 3875.38 4354.36 4197.95 4164.62 4655.9 3914.36 4524.62 4491.28 4287.18 4133.33 4469.74 4290.77 4484.1 4278.97 1603 1732 0.499 0 0 0 0 
124 3874.36 4354.87 4195.9 4160.51 4655.9 3913.85 4529.23 4491.28 4284.62 4130.26 4470.77 4293.85 4487.18 4281.54 1605 1732 0.499 0 0 0 0 
125 3884.62 4367.69 4203.08 4174.87 4664.62 3923.59 4534.36 4502.56 4299.49 4144.1 4480 4301.03 4507.69 4294.36 1604 1731 0.514 0 0 0 0 
126 3888.72 4371.79 4208.21 4186.67 4669.23 3928.72 4541.03 4507.69 4308.72 4155.9 4480.51 4301.54 4521.03 4300 1604 1732 0.514 0 0 0 0 
127 3891.79 4372.31 4217.95 4192.82 4675.38 3932.82 4552.31 4516.41 4313.33 4161.03 4482.05 4303.08 4523.08 4301.54 1604 1732 0.53 0 0 0 0 
128 3904.62 4386.67 4230.26 4207.18 4687.69 3944.1 4560 4531.28 4325.13 4170.26 4489.23 4307.69 4529.74 4311.28 1604 1732 0.53 0 0 0 0 
0 3908.21 4396.92 4228.21 4211.79 4688.21 3943.08 4561.03 4529.23 4325.64 4173.85 4485.64 4306.67 4537.44 4316.41 1604 1732 0.546 0 0 0 0 
1 3903.08 4389.23 4221.03 4202.05 4681.03 3937.44 4564.62 4522.05 4319.49 4172.31 4482.05 4303.59 4541.03 4313.33 1604 1733 0.546 0 0 0 0 
2 3902.56 4384.1 4221.54 4198.97 4684.1 3947.69 4572.82 4530.26 4323.08 4176.41 4488.72 4304.1 4540.51 4311.28 1604 1733 0.561 0 0 0 0 
3 3903.59 4386.67 4222.56 4201.54 4687.69 3953.85 4576.41 4542.05 4332.31 4180.51 4489.74 4302.05 4540 4309.23 1604 1733 0.561 0 0 0 0 
4 3904.1 4388.72 4226.67 4205.64 4684.62 3946.15 4573.85 4537.95 4334.87 4183.59 4487.18 4301.03 4546.67 4311.28 1604 1733 0.577 0 0 0 0 
5 3909.23 4391.79 4232.31 4212.82 4685.13 3947.18 4573.85 4528.21 4332.82 4186.67 4488.72 4303.59 4552.31 4314.36 1604 1733 0.577 0 0 0 0 
6 3911.79 4395.9 4233.85 4217.95 4688.72 3955.9 4582.56 4531.79 4334.36 4188.21 4490.77 4302.05 4551.79 4314.36 1604 1732 0.592 0 0 0 0 
7 3912.31 4393.33 4236.92 4218.46 4690.26 3960 4594.87 4537.95 4336.41 4192.31 4492.31 4305.64 4555.9 4317.44 1604 1733 0.592 0 0 0 0 
8 3916.41 4391.28 4243.59 4219.49 4692.31 3960 4597.44 4541.03 4338.97 4200 4494.87 4313.33 4562.05 4324.62 1604 1733 0.608 0 0 0 0 
9 3921.03 4396.92 4245.64 4224.1 4693.33 3957.44 4593.85 4542.05 4343.08 4205.64 4493.85 4312.31 4563.08 4327.69 1605 1733 0.608 0 0 0 0 
10 3919.49 4401.54 4239.49 4223.08 4689.74 3955.9 4598.46 4536.92 4338.97 4203.08 4491.79 4303.59 4561.54 4321.03 1604 1733 0.624 0 0 0 0 
11 3917.44 4400.51 4235.38 4222.56 4687.69 3960.51 4604.62 4530.77 4336.41 4202.56 4494.87 4303.08 4561.03 4316.92 1604 1734 0.624 0 0 0 0 
12 3916.41 4395.9 4236.41 4224.1 4683.59 3958.97 4601.03 4530.26 4336.92 4201.03 4493.33 4305.13 4555.9 4315.38 1605 1732 0.639 0 0 0 0 
13 3912.82 4388.21 4239.49 4218.97 4677.95 3952.31 4597.95 4527.69 4333.33 4190.26 4485.64 4303.08 4547.18 4308.72 1603 1733 0.639 0 0 0 0 
14 3913.33 4385.13 4241.03 4213.85 4678.97 3957.44 4611.28 4528.72 4336.41 4191.79 4490.77 4303.59 4555.38 4309.23 1605 1733 0.655 0 0 0 0 
15 3918.97 4393.85 4242.56 4219.49 4685.13 3965.64 4621.54 4537.44 4351.28 4209.74 4500 4308.72 4573.85 4318.97 1604 1732 0.655 0 0 0 0 
16 3922.56 4403.08 4245.13 4226.67 4692.82 3970.26 4623.08 4544.1 4360.51 4220 4498.46 4313.85 4579.49 4324.62 1604 1733 0.67 0 0 0 0 
17 3925.13 4404.62 4245.64 4228.21 4697.44 3973.85 4628.72 4546.15 4358.46 4217.44 4495.9 4309.74 4576.41 4324.62 1604 1733 0.67 0 0 0 0 
18 3930.26 4404.62 4248.21 4238.97 4695.38 3974.87 4634.36 4544.62 4356.41 4220.51 4500.51 4303.08 4579.49 4327.18 1604 1733 0.686 0 0 0 0 
19 3936.92 4412.31 4256.92 4253.33 4697.44 3974.87 4632.82 4547.18 4363.08 4232.82 4505.64 4310.77 4590.26 4336.92 1604 1732 0.686 0 0 0 0 
20 3943.08 4418.97 4261.54 4254.36 4705.13 3974.36 4633.33 4552.31 4369.23 4237.44 4507.18 4320.51 4596.41 4344.1 1603 1734 0.702 0 0 0 0 
21 3944.1 4415.9 4255.9 4246.67 4700 3971.79 4634.36 4546.67 4365.64 4228.21 4501.03 4312.31 4588.21 4338.97 1604 1732 0.702 0 0 0 0 
22 3947.18 4411.79 4254.36 4245.64 4690.26 3974.36 4635.9 4542.05 4357.95 4220.51 4495.38 4307.18 4584.1 4338.97 1603 1733 0.717 0 0 0 0 
23 3965.64 4421.03 4265.64 4257.95 4699.49 3980.51 4643.08 4550.26 4361.03 4227.69 4504.1 4319.49 4603.08 4361.54 1604 1732 0.717 0 0 0 0 
24 3988.72 4440 4275.9 4272.31 4711.28 3981.03 4645.13 4551.79 4364.1 4230.26 4510.77 4324.62 4614.36 4384.1 1602 1733 0.733 0 0 0 0 
25 4000 4446.15 4275.38 4276.41 4707.69 3978.97 4635.38 4537.95 4359.49 4223.08 4505.64 4320.51 4608.72 4389.74 1604 1733 0.733 0 0 0 0 
26 4005.13 4439.49 4271.28 4269.74 4698.46 3970.77 4624.1 4529.23 4356.41 4219.49 4505.64 4322.05 4615.38 4395.9 1604 1732 0.748 0 0 0 0 
27 4014.87 4440.51 4278.97 4269.23 4695.9 3960.51 4620 4531.28 4354.87 4217.44 4508.72 4324.62 4625.64 4406.15 1603 1734 0.748 0 0 0 0 
28 4021.54 4449.74 4289.23 4273.85 4698.97 3961.54 4625.13 4531.28 4348.21 4208.72 4504.62 4323.59 4615.9 4409.74 1604 1732 0.764 0 0 0 0 
29 4019.49 4448.21 4285.13 4274.87 4700 3965.64 4628.72 4528.72 4345.13 4206.67 4503.59 4322.05 4611.79 4408.21 1603 1733 0.764 0 0 0 0 
30 4016.41 4444.62 4276.92 4272.82 4696.41 3961.54 4618.46 4524.62 4350.26 4208.72 4506.15 4320.51 4624.1 4405.13 1604 1733 0.78 0 0 0 0 
31 4015.38 4446.15 4280.51 4270.26 4695.9 3963.59 4609.74 4525.13 4352.82 4209.23 4503.08 4321.03 4630.77 4405.13 1604 1733 0.78 0 0 0 0 
32 4010.77 4441.54 4281.54 4269.23 4700.51 3972.31 4616.92 4530.77 4350.77 4209.74 4501.54 4319.49 4625.64 4401.03 1604 1732 0.795 0 0 0 0 
33 3997.95 4430.77 4268.21 4265.64 4694.36 3970.26 4625.64 4528.72 4345.13 4204.1 4500.51 4307.69 4613.85 4385.64 1604 1733 0.795 0 0 0 0 
34 3988.21 4427.69 4265.64 4258.97 4688.72 3965.64 4618.46 4524.1 4341.54 4200 4500 4304.1 4610.77 4376.92 1605 1733 0.811 0 0 0 0 
35 3990.26 4429.23 4276.92 4251.79 4695.38 3964.62 4602.05 4529.74 4346.67 4208.21 4505.64 4315.9 4619.49 4383.08 1604 1732 0.811 0 0 0 0 
36 3992.82 4422.05 4275.9 4253.85 4700.51 3963.08 4597.44 4534.87 4353.33 4216.41 4509.23 4318.97 4626.67 4385.13 1605 1733 0.826 0 0 0 0 
37 3987.69 4418.97 4266.67 4264.62 4702.05 3966.15 4607.18 4531.79 4351.79 4218.46 4503.08 4308.72 4626.15 4377.95 1604 1733 0.826 0 0 0 0 
38 3977.44 4420 4260.51 4253.85 4697.95 3964.1 4601.03 4525.64 4344.1 4215.38 4495.38 4302.05 4614.36 4363.08 1605 1734 0.842 0 0 0 0 
39 3969.23 4410.26 4260 4235.38 4691.79 3958.46 4590.77 4528.21 4343.59 4209.74 4496.41 4305.13 4603.08 4351.79 1604 1732 0.842 0 0 0 0 
40 3965.64 4398.97 4259.49 4241.03 4690.77 3965.64 4598.46 4532.31 4350.77 4207.69 4498.46 4308.21 4604.62 4351.79 1603 1734 0.858 0 0 0 0 
41 3958.97 4400.51 4250.77 4248.72 4692.82 3975.38 4601.54 4530.77 4351.79 4209.74 4498.97 4306.15 4610.26 4348.72 1605 1733 0.858 0 0 0 0 
42 3953.85 4403.59 4246.67 4239.49 4698.97 3970.77 4589.23 4533.33 4352.31 4213.85 4501.54 4305.13 4608.21 4337.95 1603 1732 0.873 0 0 0 0 
43 3952.31 4393.85 4250.77 4233.33 4695.38 3963.59 4584.62 4535.38 4352.31 4213.85 4498.46 4302.05 4598.46 4328.21 1604 1733 0.873 0 0 0 0 
44 3945.13 4388.21 4248.72 4232.31 4681.54 3965.64 4590.77 4532.31 4348.72 4206.15 4491.79 4295.38 4587.69 4322.05 1603 1733 0.889 0 0 0 0 
45 3937.95 4391.79 4247.18 4230.26 4687.69 3969.23 4590.26 4536.92 4353.33 4208.21 4494.87 4299.49 4592.31 4321.03 1604 1733 0.889 0 0 0 0 
46 3936.41 4390.77 4250.77 4228.72 4700.51 3964.1 4581.03 4541.03 4357.44 4214.87 4497.44 4303.59 4601.03 4319.49 1603 1733 0.904 0 0 0 0 
47 3930.77 4383.59 4246.67 4221.03 4687.69 3960.51 4575.38 4529.74 4346.67 4207.69 4489.23 4295.9 4594.87 4312.31 1604 1733 0.904 0 0 0 0 
48 3921.54 4372.82 4238.97 4212.31 4676.41 3957.95 4572.82 4520 4335.38 4196.92 4483.08 4293.85 4585.13 4304.62 1604 1732 0.92 0 0 0 0 
49 3918.97 4369.23 4242.05 4213.33 4690.26 3955.9 4567.69 4525.13 4338.46 4196.92 4485.64 4296.41 4583.08 4300.51 1603 1734 0.92 0 0 0 0 
50 3925.64 4377.44 4252.31 4218.46 4702.56 3957.44 4560.51 4527.69 4342.05 4200.51 4490.26 4295.9 4585.64 4301.03 1604 1732 0.936 0 0 0 0 
51 3927.69 4378.97 4252.31 4217.95 4695.9 3951.79 4548.72 4515.38 4332.82 4195.38 4489.74 4295.9 4583.08 4302.05 1604 1734 0.936 0 0 0 0 
52 3919.49 4363.59 4241.03 4211.28 4683.08 3941.54 4542.05 4503.59 4323.59 4182.05 4485.13 4296.41 4571.79 4292.31 1605 1733 0.951 0 0 0 0 
53 3914.36 4359.49 4234.87 4209.74 4686.67 3945.64 4547.69 4510.77 4327.69 4178.46 4484.62 4294.87 4566.67 4284.1 1604 1733 0.951 0 0 0 0 
54 3918.97 4366.15 4236.92 4216.41 4698.46 3945.64 4544.62 4511.79 4327.69 4180.51 4484.1 4295.38 4568.72 4286.67 1605 1733 0.967 0 0 0 0 
55 3920.51 4357.95 4237.95 4212.82 4699.49 3934.36 4534.87 4499.49 4314.87 4172.82 4478.97 4291.79 4564.1 4284.62 1605 1732 0.967 0 0 0 0 
56 3915.9 4349.23 4236.92 4200 4693.33 3936.92 4541.03 4507.69 4317.95 4168.72 4480.51 4285.13 4557.44 4278.97 1605 1733 0.982 0 0 0 0 
57 3913.85 4353.33 4236.92 4202.05 4693.85 3947.18 4549.23 4524.62 4334.87 4181.03 4486.15 4291.28 4561.54 4280 1604 1732 0.982 0 0 0 0 
58 3913.33 4355.9 4232.82 4214.87 4700.51 3942.56 4537.95 4514.87 4332.82 4185.64 4482.56 4296.92 4563.59 4283.59 1605 1732 0.998 0 0 0 0 
59 3913.85 4348.72 4230.26 4217.44 4701.54 3935.38 4526.67 4498.46 4320 4174.87 4479.49 4292.31 4553.33 4282.05 1604 1733 0.998 0 0 0 0 
60 3918.97 4348.21 4236.92 4217.95 4700.51 3942.56 4536.41 4509.74 4327.18 4174.87 4484.62 4293.33 4555.9 4282.05 1604 1733 1.014 0 0 0 0 
61 3921.03 4352.31 4240.51 4215.38 4698.46 3948.21 4542.56 4521.54 4335.9 4181.03 4487.69 4300 4569.74 4285.64 1603 1733 1.014 0 0 0 0 
62 3915.9 4345.13 4235.9 4202.56 4698.46 3942.56 4533.33 4513.85 4328.72 4175.38 4485.64 4297.95 4570.26 4284.62 1604 1733 1.029 0 0 0 0 
63 3910.77 4337.44 4229.74 4196.92 4702.05 3936.41 4525.13 4506.15 4324.62 4171.28 4483.59 4290.77 4556.41 4276.92 1604 1733 1.029 0 0 0 0 
64 3908.21 4336.41 4231.28 4210.26 4697.44 3936.92 4529.23 4508.21 4324.62 4170.77 4477.95 4290.77 4551.79 4273.85 1604 1733 1.045 0 0 0 0 
65 3917.44 4345.13 4243.59 4233.85 4700.51 3946.67 4540 4520.51 4333.85 4177.44 4480.51 4303.59 4566.15 4289.23 1603 1733 1.045 0 0 0 0 
66 3934.36 4360.51 4256.92 4245.13 4716.41 3954.87 4547.18 4534.36 4352.82 4193.85 4492.82 4315.9 4582.56 4307.18 1605 1734 1.06 0 0 0 0 
67 3938.97 4364.1 4260 4243.59 4720.51 3958.97 4548.21 4538.46 4357.44 4201.03 4493.33 4313.85 4585.13 4306.67 1604 1733 1.06 0 0 0 0 
68 3930.77 4351.79 4253.33 4240 4711.79 3960.51 4546.15 4536.41 4349.23 4192.31 4487.18 4306.15 4578.46 4299.49 1603 1734 1.076 0 0 0 0 
69 3927.18 4347.18 4247.18 4233.33 4711.28 3957.44 4544.1 4538.97 4350.77 4193.33 4488.72 4303.08 4577.44 4298.97 1604 1732 1.076 0 0 0 0 
70 3930.26 4355.9 4245.64 4230.77 4713.85 3951.79 4541.03 4541.54 4354.87 4202.05 4491.28 4305.13 4583.59 4300.51 1603 1733 1.092 0 0 0 0 
71 3931.28 4351.28 4238.46 4236.41 4708.21 3946.67 4531.79 4527.18 4340 4187.69 4484.62 4306.67 4578.46 4295.9 1604 1733 1.092 0 0 0 0 
72 3929.23 4340 4234.36 4235.38 4703.59 3945.13 4526.67 4511.79 4325.13 4167.18 4478.97 4298.97 4560 4288.21 1604 1733 1.107 0 0 0 0 
73 3928.21 4343.08 4242.05 4222.05 4706.15 3948.21 4529.74 4519.49 4331.28 4171.28 4481.54 4292.31 4557.44 4284.1 1605 1733 1.107 0 0 0 0 
74 3926.67 4346.67 4243.59 4214.36 4713.85 3952.82 4531.79 4529.74 4334.36 4177.44 4480.51 4297.44 4566.67 4272.31 1604 1733 1.123 0 0 0 0 
75 3923.59 4340.51 4240 4228.72 4715.38 3957.44 4536.41 4528.72 4329.23 4170.26 4478.97 4302.56 4560 4253.33 1604 1733 1.123 0 0 0 0 
76 3929.23 4342.05 4244.1 4247.69 4714.36 3958.46 4543.59 4535.38 4338.97 4172.82 4482.05 4302.05 4552.82 4246.67 1604 1733 1.138 0 0 0 0 
77 3936.92 4351.28 4247.69 4242.05 4717.95 3954.87 4540.51 4542.05 4354.36 4192.31 4486.15 4303.59 4566.67 4254.87 1604 1734 1.138 0 0 0 0 
78 3939.49 4350.77 4244.62 4227.18 4714.87 3953.33 4533.33 4533.85 4355.9 4203.08 4487.69 4308.21 4583.59 4262.56 1604 1732 1.154 0 0 0 0 
79 3944.1 4350.26 4248.21 4234.36 4713.33 3956.92 4537.95 4527.69 4354.36 4197.44 4489.23 4309.74 4587.18 4264.1 1604 1734 1.154 0 0 0 0 
80 3943.08 4354.87 4250.26 4236.92 4722.05 3956.41 4542.05 4536.92 4359.49 4194.87 4490.77 4308.72 4581.03 4259.49 1604 1733 1.17 0 0 0 0 
81 3925.13 4342.56 4238.46 4224.62 4715.38 3945.64 4533.33 4537.44 4355.38 4192.82 4485.64 4303.59 4567.69 4246.15 1603 1733 1.17 0 0 0 0 
82 3921.54 4331.79 4235.38 4230.26 4703.59 3946.15 4528.72 4524.62 4344.1 4185.13 4482.56 4302.05 4560.51 4242.56 1604 1733 1.185 0 0 0 0 
83 3943.08 4350.77 4249.74 4247.18 4713.33 3955.9 4533.85 4522.56 4341.03 4183.08 4484.62 4304.62 4565.64 4251.28 1604 1732 1.185 0 0 0 0 
84 3948.72 4366.67 4254.36 4243.08 4725.13 3952.82 4532.82 4524.62 4341.03 4184.1 4483.08 4303.59 4564.1 4249.23 1603 1732 1.201 0 0 0 0 
85 3935.9 4356.92 4245.13 4235.9 4727.69 3946.67 4527.18 4522.56 4341.54 4186.15 4482.05 4305.13 4558.46 4242.05 1604 1732 1.201 0 0 0 0 
86 3935.9 4349.23 4245.64 4243.59 4726.15 3949.74 4528.72 4520.51 4343.08 4187.18 4486.15 4307.69 4559.49 4246.67 1603 1733 1.216 0 0 0 0 
87 3941.54 4350.77 4247.69 4245.64 4718.97 3946.67 4523.59 4512.82 4336.92 4181.03 4483.59 4305.13 4559.49 4247.18 1604 1733 1.216 0 0 0 0 
88 3942.56 4351.28 4243.08 4244.1 4719.49 3940.51 4510.26 4505.64 4331.28 4177.95 4478.97 4304.62 4556.41 4242.56 1603 1733 1.232 0 0 0 0 
89 3945.13 4355.38 4242.56 4244.62 4724.1 3946.15 4512.82 4512.31 4337.95 4186.67 4486.67 4307.69 4561.54 4249.74 1604 1732 1.232 0 0 0 0 
90 3943.08 4355.9 4240.51 4241.54 4721.03 3949.23 4522.05 4519.49 4344.1 4193.33 4491.28 4302.05 4566.15 4249.74 1603 1734 1.248 0 0 0 0 
91 3936.41 4346.67 4232.82 4239.49 4719.49 3942.56 4523.08 4515.38 4339.49 4188.72 4485.64 4296.92 4561.03 4240.51 1605 1733 1.248 0 0 0 0 
92 3937.44 4344.62 4232.31 4240 4718.97 3936.41 4517.44 4512.82 4330.26 4180.51 4482.56 4298.46 4553.33 4242.05 1603 1735 1.263 0 0 0 0 
93 3942.05 4353.85 4238.97 4242.05 4714.87 3933.85 4511.79 4511.28 4327.18 4178.46 4483.59 4297.44 4557.44 4244.1 1605 1735 1.263 0 0 0 0 
94 3943.59 4354.36 4241.03 4239.49 4718.97 3936.41 4511.79 4506.15 4333.85 4185.64 4481.03 4297.95 4566.15 4242.05 1604 1735 1.279 0 0 0 0 
95 3941.03 4342.56 4237.44 4232.31 4722.05 3939.49 4515.9 4505.13 4334.87 4185.64 4477.44 4300.51 4558.97 4242.56 1604 1735 1.279 0 0 0 0 
96 3931.79 4336.41 4226.15 4221.54 4710.77 3936.41 4519.49 4507.18 4323.59 4172.31 4472.82 4294.36 4543.59 4234.36 1604 1734 1.294 0 0 0 0 
97 3925.13 4336.92 4218.97 4213.33 4701.03 3929.74 4517.44 4502.05 4314.87 4161.54 4471.28 4290.26 4537.44 4220.51 1604 1735 1.294 0 0 0 0 
98 3932.82 4340 4228.21 4223.59 4712.82 3931.28 4514.87 4498.46 4322.56 4171.28 4481.03 4298.97 4549.74 4227.18 1604 1735 1.31 0 0 0 0 
99 3941.03 4348.72 4237.44 4242.05 4726.15 3936.92 4514.87 4501.03 4330.77 4183.59 4486.67 4305.13 4561.54 4241.03 1604 1734 1.31 0 0 0 0 
100 3939.49 4354.87 4235.9 4242.05 4722.56 3937.95 4517.95 4495.9 4321.54 4177.44 4481.54 4303.08 4553.85 4235.9 1605 1734 1.326 0 0 0 0 
101 3942.05 4352.82 4233.85 4236.41 4720.51 3940.51 4522.05 4493.85 4318.46 4177.95 4481.03 4306.15 4548.21 4233.33 1604 1734 1.326 0 0 0 0 
102 3947.69 4347.69 4235.38 4237.44 4723.08 3941.03 4514.87 4502.05 4330.77 4191.28 4483.08 4305.64 4552.82 4240 1605 1733 1.341 0 0 0 0 
103 3951.28 4352.31 4237.44 4236.41 4716.41 3938.46 4511.28 4505.64 4336.92 4194.87 4484.62 4302.56 4556.41 4241.54 1603 1734 1.341 0 0 0 0 
104 3953.33 4360.51 4245.64 4243.08 4716.41 3942.05 4521.03 4504.62 4334.87 4196.92 4490.77 4305.64 4560.51 4240.51 1605 1734 1.357 0 0 0 0 
105 3953.33 4355.38 4245.13 4250.77 4729.23 3945.13 4522.05 4510.26 4340 4206.15 4491.28 4307.18 4566.67 4241.03 1604 1733 1.357 0 0 0 0 
106 3959.49 4350.77 4240 4246.67 4733.33 3944.1 4513.85 4512.31 4346.67 4208.72 4486.67 4304.62 4569.74 4244.1 1604 1735 1.372 0 0 0 0 
107 3966.15 4354.87 4244.62 4242.05 4724.1 3943.08 4513.85 4505.64 4343.08 4207.18 4490.77 4305.64 4568.21 4245.64 1605 1734 1.372 0 0 0 0 
108 3962.05 4353.85 4243.59 4241.03 4718.97 3941.03 4513.85 4499.49 4334.36 4204.1 4490.77 4302.56 4560.51 4237.95 1605 1734 1.388 0 0 0 0 
109 3953.85 4349.23 4234.36 4240.51 4716.41 3937.95 4508.72 4496.92 4329.23 4196.41 4480 4296.41 4550.26 4231.79 1605 1733 1.388 0 0 0 0 
110 3958.46 4353.85 4237.44 4243.08 4721.03 3941.03 4513.85 4500.51 4333.85 4196.41 4482.05 4303.59 4554.87 4240.51 1605 1734 1.404 0 0 0 0 
111 3970.77 4357.95 4250.77 4247.18 4727.18 3947.18 4524.1 4505.64 4338.46 4203.08 4488.72 4311.28 4560 4247.69 1606 1734 1.404 0 0 0 0 
112 3971.79 4355.38 4248.72 4247.69 4722.56 3949.74 4524.62 4503.08 4333.33 4198.46 4483.08 4304.62 4546.15 4240 1606 1733 1.419 0 0 0 0 
113 3968.21 4356.41 4240.51 4249.74 4718.46 3947.69 4522.05 4501.54 4332.82 4195.38 4481.03 4299.49 4544.62 4236.41 1605 1734 1.419 0 0 0 0 
114 3973.33 4357.95 4245.13 4253.85 4724.62 3949.23 4522.56 4508.72 4343.08 4204.1 4485.13 4306.67 4557.95 4244.1 1605 1734 1.435 0 0 0 0 
115 3979.49 4355.9 4246.15 4252.31 4724.1 3948.21 4513.85 4508.21 4344.62 4204.1 4483.08 4307.69 4555.9 4246.15 1605 1733 1.435 0 0 0 0 
116 3976.92 4355.38 4238.97 4246.15 4716.92 3943.08 4506.15 4498.46 4334.87 4198.46 4483.59 4298.46 4544.1 4237.44 1605 1733 1.45 0 0 0 0 
117 3973.85 4356.41 4240 4244.1 4720 3950.26 4519.49 4504.62 4336.41 4202.56 4486.15 4300.51 4546.15 4235.9 1605 1732 1.45 0 0 0 0 
118 3976.41 4355.38 4243.08 4246.67 4726.15 3957.95 4530.26 4521.54 4347.69 4213.33 4483.08 4309.23 4552.82 4242.56 1604 1732 1.466 0 0 0 0 
119 3982.56 4356.41 4241.03 4246.67 4726.67 3950.77 4514.87 4525.64 4356.92 4222.05 4484.62 4307.18 4558.46 4247.18 1605 1731 1.466 0 0 0 0 
120 3985.13 4357.44 4242.56 4249.74 4724.1 3947.18 4506.67 4515.38 4355.38 4222.56 4488.72 4303.08 4556.92 4245.13 1605 1732 1.482 0 0 0 0 
121 3983.59 4357.44 4248.72 4251.28 4721.54 3958.46 4526.67 4512.31 4349.74 4215.38 4486.15 4308.72 4547.69 4247.69 1605 1731 1.482 0 0 0 0 
122 3985.64 4360.51 4251.79 4244.1 4723.08 3963.59 4529.74 4523.08 4353.33 4217.44 4488.21 4314.36 4551.79 4253.85 1603 1731 1.497 0 0 0 0 
123 3988.72 4365.13 4250.26 4248.72 4727.69 3958.97 4514.87 4532.31 4361.03 4229.23 4491.79 4308.21 4562.05 4252.31 1605 1731 1.497 0 0 0 0 
124 3988.21 4368.72 4247.69 4269.23 4733.33 3962.05 4521.54 4534.36 4362.56 4236.92 4490.77 4307.18 4564.1 4254.36 1604 1729 1.513 0 0 0 0 
125 3990.26 4372.31 4251.28 4274.87 4735.38 3965.64 4528.72 4535.9 4362.56 4239.49 4493.33 4316.41 4566.67 4264.1 1603 1731 1.513 0 0 0 0 
126 3994.87 4374.87 4259.49 4270.26 4732.31 3963.59 4521.54 4534.36 4367.69 4243.59 4496.92 4320.51 4574.36 4269.23 1604 1729 1.528 0 0 0 0 
127 3992.31 4372.82 4255.38 4267.69 4725.13 3962.56 4523.59 4526.67 4363.08 4240 4490.26 4314.36 4573.33 4266.15 1603 1730 1.528 0 0 0 0 
128 3986.67 4369.23 4247.69 4257.95 4720.51 3966.67 4531.28 4524.1 4356.41 4234.36 4484.1 4311.28 4563.59 4263.59 1604 1730 1.544 0 0 0 0 
0 3986.15 4370.77 4247.69 4258.97 4722.05 3964.1 4521.54 4529.23 4361.54 4234.87 4489.23 4314.87 4560 4262.56 1604 1731 1.544 0 0 0 0 
1 3989.23 4372.31 4246.15 4270.77 4725.64 3956.41 4505.13 4530.26 4365.13 4236.92 4495.38 4315.9 4564.1 4263.59 1604 1731 1.56 0 0 0 0 
2 3994.87 4375.38 4250.77 4271.79 4727.69 3962.05 4503.59 4533.33 4367.18 4248.72 4499.49 4317.95 4571.79 4270.77 1603 1732 1.56 0 0 0 0 
3 3999.49 4381.54 4263.08 4273.33 4726.67 3972.82 4518.97 4534.87 4366.15 4253.85 4494.87 4320 4573.85 4272.82 1604 1732 1.575 0 0 0 0 
4 4001.03 4384.1 4266.67 4279.49 4727.69 3972.82 4527.18 4529.23 4360.51 4242.56 4490.26 4318.97 4570.26 4270.77 1603 1732 1.575 0 0 0 0 
5 4001.54 4383.59 4264.1 4280.51 4733.85 3971.28 4516.92 4531.79 4363.08 4244.1 4494.87 4322.56 4574.87 4278.97 1603 1732 1.591 0 0 0 0 
6 4006.15 4385.64 4267.69 4281.03 4737.44 3974.36 4509.23 4543.59 4375.38 4262.05 4498.97 4324.1 4585.13 4286.15 1603 1732 1.591 0 0 0 0 
7 4007.69 4385.64 4270.77 4287.18 4734.87 3974.36 4516.41 4548.21 4380 4263.08 4497.95 4318.97 4581.03 4283.59 1603 1733 1.606 0 0 0 0 
8 4005.13 4384.1 4267.69 4285.64 4728.21 3973.33 4527.69 4543.59 4372.82 4252.82 4494.87 4316.41 4573.33 4281.54 1603 1731 1.606 0 0 0 0 
9 4005.13 4384.62 4265.64 4279.49 4722.05 3973.33 4519.49 4538.97 4373.85 4254.87 4493.33 4320 4583.59 4285.64 1602 1733 1.622 0 0 0 0 
10 4007.18 4386.67 4270.77 4279.49 4724.62 3971.28 4508.72 4540.51 4380.51 4258.97 4495.38 4321.54 4594.87 4288.21 1603 1732 1.622 0 0 0 0 
11 4007.69 4389.74 4275.38 4281.54 4729.74 3971.79 4515.9 4546.15 4380.51 4261.54 4497.44 4319.49 4589.74 4287.18 1602 1733 1.638 0 0 0 0 
12 4007.18 4391.79 4271.28 4283.59 4724.62 3974.87 4516.92 4543.59 4377.44 4267.18 4493.33 4315.38 4583.08 4285.64 1602 1733 1.638 0 0 0 0 
13 4003.08 4388.72 4267.69 4278.46 4719.49 3975.38 4505.13 4531.28 4376.92 4268.21 4492.82 4313.33 4583.08 4284.62 1602 1734 1.653 0 0 0 0 
14 4000 4386.67 4270.26 4270.26 4721.03 3967.69 4501.54 4526.15 4373.85 4261.03 4494.36 4313.33 4583.59 4281.54 1603 1734 1.653 0 0 0 0 
15 4002.05 4392.82 4272.82 4275.38 4720.51 3966.67 4511.28 4535.9 4374.36 4258.46 4489.74 4312.31 4585.13 4280 1602 1734 1.669 0 0 0 0 
16 4003.08 4393.33 4269.74 4278.97 4717.95 3975.9 4518.97 4544.62 4379.49 4259.49 4491.28 4314.36 4582.05 4282.05 1603 1734 1.669 0 0 0 0 
17 3997.95 4384.1 4263.08 4267.18 4716.92 3979.49 4517.44 4537.44 4374.36 4253.33 4493.85 4311.79 4571.28 4277.95 1603 1733 1.684 0 0 0 0 
18 3992.82 4383.08 4259.49 4266.15 4718.97 3975.38 4512.82 4528.72 4371.79 4253.33 4491.28 4304.1 4570.77 4271.79 1603 1735 1.684 0 0 0 0 
19 3988.72 4384.62 4257.95 4271.79 4718.97 3972.31 4507.18 4530.77 4376.92 4256.92 4491.79 4304.62 4579.49 4272.31 1604 1734 1.7 0 0 0 0 
20 3989.74 4379.49 4257.95 4265.13 4713.33 3970.77 4505.13 4536.92 4376.92 4256.41 4496.41 4311.28 4582.56 4275.9 1604 1734 1.7 0 0 0 0 
21 3998.97 4385.64 4263.08 4270.77 4713.33 3973.33 4504.1 4536.41 4378.97 4263.59 4497.95 4314.87 4586.67 4281.03 1605 1735 1.716 0 0 0 0 
22 4004.62 4399.49 4268.72 4283.59 4716.41 3976.41 4506.15 4535.38 4386.67 4271.28 4494.36 4318.97 4590.26 4284.62 1604 1734 1.716 0 0 0 0 
23 4002.56 4398.97 4269.23 4277.95 4712.82 3973.85 4505.64 4536.41 4385.64 4263.59 4490.26 4319.49 4579.49 4280.51 1605 1734 1.731 0 0 0 0 
24 3995.38 4388.72 4263.59 4266.15 4706.15 3968.72 4498.97 4526.67 4374.36 4251.79 4488.21 4308.72 4564.62 4269.74 1605 1733 1.731 0 0 0 0 
25 3994.87 4389.23 4261.03 4267.18 4708.21 3972.82 4501.54 4521.03 4371.28 4258.46 4491.28 4309.23 4568.21 4272.82 1605 1733 1.747 0 0 0 0 
26 4005.13 4398.97 4270.77 4280 4717.44 3980.51 4510.26 4530.77 4380 4268.21 4493.33 4325.13 4579.49 4290.26 1605 1734 1.747 0 0 0 0 
27 4005.64 4399.49 4271.79 4281.54 4714.87 3972.82 4506.67 4529.23 4376.41 4260 4489.23 4321.54 4577.95 4290.26 1606 1734 1.762 0 0 0 0 
28 3998.46 4392.82 4261.54 4268.21 4703.59 3960 4494.87 4516.92 4365.13 4254.36 4486.67 4304.62 4571.79 4276.92 1605 1733 1.762 0 0 0 0 
29 4002.56 4394.36 4262.56 4267.18 4702.56 3963.59 4496.92 4515.9 4366.67 4262.05 4489.74 4307.18 4572.82 4279.49 1605 1734 1.778 0 0 0 0 
30 4007.18 4398.97 4271.79 4281.54 4709.74 3975.9 4506.15 4524.1 4373.85 4264.62 4490.26 4315.9 4575.9 4286.15 1606 1733 1.778 0 0 0 0 
31 4005.64 4400 4268.72 4282.56 4713.85 3974.87 4502.05 4528.21 4375.38 4259.49 4487.18 4316.92 4578.46 4283.59 1604 1733 1.794 0 0 0 0 
32 4007.18 4402.56 4266.67 4274.36 4714.87 3966.15 4493.33 4524.62 4374.87 4261.54 4491.28 4317.95 4578.46 4284.62 1606 1734 1.794 0 0 0 0 
33 4003.08 4396.92 4275.9 4280.51 4712.82 3969.23 4501.54 4525.13 4377.44 4267.18 4494.36 4319.49 4569.23 4283.08 1605 1733 1.809 0 0 0 0 
34 3999.49 4389.74 4274.87 4277.95 4705.13 3971.79 4507.18 4528.72 4375.9 4265.13 4489.74 4313.85 4569.23 4277.44 1605 1733 1.809 0 0 0 0 
35 4008.72 4395.9 4264.1 4267.69 4704.62 3967.69 4498.46 4517.95 4367.69 4261.03 4489.23 4312.31 4589.23 4284.62 1604 1731 1.825 0 0 0 0 
36 4009.23 4403.08 4261.03 4275.38 4711.79 3971.79 4497.95 4507.69 4362.05 4262.56 4494.36 4318.46 4593.33 4290.77 1605 1731 1.825 0 0 0 0 
37 3995.9 4398.46 4264.1 4282.56 4707.18 3972.82 4500 4514.36 4362.56 4263.59 4492.31 4316.92 4570.77 4280.51 1605 1730 1.84 0 0 0 0 
38 3994.36 4395.38 4261.03 4273.33 4697.95 3961.03 4483.59 4513.85 4363.08 4262.56 4486.67 4308.21 4565.13 4272.82 1605 1731 1.84 0 0 0 0 
39 3999.49 4400 4259.49 4268.72 4703.08 3958.46 4475.9 4507.69 4364.1 4265.13 4488.72 4307.69 4577.95 4275.9 1605 1730 1.856 0 0 0 0 
40 3996.92 4399.49 4265.64 4278.97 4707.18 3967.69 4491.28 4514.36 4367.69 4268.21 4491.79 4316.92 4576.92 4277.95 1606 1731 1.856 0 0 0 0 
41 3994.87 4394.87 4268.21 4282.05 4695.9 3963.59 4496.92 4515.9 4365.64 4261.54 4491.79 4320 4569.74 4278.46 1604 1731 1.872 0 0 0 0 
42 3993.85 4398.46 4263.59 4274.36 4695.9 3955.38 4488.21 4510.77 4361.03 4260 4492.82 4315.38 4573.33 4277.44 1604 1730 1.872 0 0 0 0 
43 3992.82 4405.13 4263.59 4276.41 4709.74 3963.08 4494.36 4517.95 4368.72 4270.77 4496.41 4320 4576.92 4278.46 1604 1730 1.887 0 0 0 0 
44 3991.28 4402.56 4266.67 4284.62 4709.23 3971.28 4504.62 4520 4372.82 4271.28 4496.92 4325.13 4572.31 4282.56 1605 1730 1.887 0 0 0 0 
45 3985.13 4393.85 4262.05 4270.77 4698.97 3965.13 4503.59 4507.18 4361.03 4258.46 4489.74 4314.36 4560 4274.36 1603 1730 1.903 0 0 0 0 
46 3980.51 4393.85 4258.46 4262.56 4698.46 3961.54 4501.03 4505.64 4354.36 4254.87 4487.69 4307.18 4553.33 4264.62 1604 1731 1.903 0 0 0 0 
47 3980.51 4398.46 4261.54 4276.92 4698.46 3964.1 4497.44 4512.31 4357.95 4257.95 4489.23 4313.85 4557.95 4269.74 1604 1730 1.918 0 0 0 0 
48 3982.05 4398.46 4264.1 4278.46 4694.36 3961.03 4487.69 4510.26 4358.46 4258.46 4489.74 4314.87 4558.46 4273.33 1602 1731 1.918 0 0 0 0 
49 3983.08 4395.38 4263.08 4270.26 4697.44 3959.49 4490.26 4506.15 4355.38 4258.97 4491.79 4312.31 4552.82 4269.74 1603 1730 1.934 0 0 0 0 
50 3976.41 4390.26 4258.97 4272.31 4697.95 3961.03 4501.03 4505.64 4348.72 4251.28 4488.21 4313.85 4547.69 4265.13 1601 1732 1.934 0 0 0 0 
51 3969.74 4388.72 4257.44 4270.77 4690.77 3960.51 4498.97 4507.69 4344.1 4244.62 4482.56 4315.9 4543.59 4262.56 1602 1731 1.95 0 0 0 0 
52 3974.36 4394.87 4260 4270.26 4688.72 3960 4491.28 4507.18 4347.18 4250.77 4485.64 4315.38 4545.64 4263.59 1600 1730 1.95 0 0 0 0 
53 3978.46 4400 4261.03 4281.03 4694.87 3961.54 4492.31 4500 4348.72 4250.77 4490.26 4315.38 4551.28 4267.69 1600 1731 1.965 0 0 0 0 
54 3973.33 4395.9 4260 4283.59 4696.92 3960.51 4496.92 4497.44 4345.64 4246.67 4489.74 4314.36 4548.72 4270.26 1600 1731 1.965 0 0 0 0 
55 3971.79 4394.87 4262.56 4275.38 4691.79 3960.51 4498.97 4507.69 4347.18 4254.36 4488.21 4316.92 4545.64 4268.72 1601 1730 1.981 0 0 0 0 
56 3974.36 4403.08 4267.18 4280 4695.38 3966.15 4504.1 4515.38 4352.31 4262.05 4487.69 4323.08 4554.87 4271.79 1601 1730 1.981 0 0 0 0 
57 3972.82 4403.08 4266.15 4286.67 4696.92 3965.64 4504.62 4504.1 4348.72 4255.9 4489.23 4317.44 4552.82 4271.79 1601 1731 1.996 0 0 0 0 
58 3969.74 4392.82 4258.97 4280 4690.26 3960.51 4500.51 4490.26 4343.08 4249.74 4492.31 4307.69 4540 4265.13 1601 1730 1.996 0 0 0 0 
59 3967.69 4389.23 4253.85 4271.28 4689.74 3959.49 4499.49 4494.36 4347.69 4259.49 4490.77 4308.21 4543.08 4265.13 1600 1732 2.012 0 0 0 0 
60 3965.64 4392.31 4253.33 4265.13 4686.67 3953.85 4493.33 4495.38 4344.1 4261.54 4487.69 4309.23 4546.67 4267.18 1602 1731 2.012 0 0 0 0 
61 3966.67 4393.85 4256.92 4268.72 4677.95 3946.67 4488.72 4488.21 4336.41 4254.36 4488.72 4309.74 4544.1 4266.67 1601 1731 2.028 0 0 0 0 
62 3967.18 4397.44 4259.49 4278.97 4677.95 3949.23 4494.36 4494.36 4343.08 4255.9 4485.13 4313.33 4544.62 4268.21 1602 1730 2.028 0 0 0 0 
63 3958.97 4396.41 4251.28 4275.38 4676.41 3946.67 4495.9 4501.54 4341.54 4252.82 4483.08 4309.23 4537.44 4262.05 1602 1730 2.043 0 0 0 0 
64 3951.79 4387.18 4243.08 4265.13 4664.1 3940 4492.31 4497.44 4329.74 4244.62 4485.13 4301.03 4528.21 4251.28 1602 1731 2.043 0 0 0 0 
65 3956.41 4385.13 4248.21 4263.59 4666.15 3945.64 4497.44 4500.51 4335.9 4249.74 4485.64 4307.18 4537.44 4258.46 1602 1730 2.059 0 0 0 0 
66 3965.13 4394.36 4257.95 4266.15 4677.95 3955.9 4510.26 4508.72 4342.56 4257.44 4485.64 4315.9 4544.62 4268.72 1602 1729 2.059 0 0 0 0 
67 3965.64 4393.85 4255.9 4269.23 4674.87 3956.41 4516.92 4506.67 4334.36 4250.26 4484.1 4309.23 4537.44 4260 1602 1730 2.074 0 0 0 0 
68 3966.15 4389.74 4253.85 4278.97 4672.82 3950.26 4509.23 4506.15 4337.95 4251.79 4490.77 4309.23 4544.1 4263.08 1603 1729 2.074 0 0 0 0 
69 3974.87 4398.46 4262.56 4287.18 4682.05 3949.23 4498.46 4512.82 4353.33 4267.69 4502.05 4322.05 4561.03 4280.51 1602 1728 2.09 0 0 0 0 
70 3976.41 4401.03 4265.13 4283.59 4681.54 3951.28 4503.59 4508.72 4351.79 4270.77 4497.95 4317.95 4557.44 4275.9 1602 1729 2.09 0 0 0 0 
71 3972.31 4397.44 4260.51 4282.56 4676.41 3955.9 4516.92 4504.62 4348.72 4267.18 4487.69 4308.21 4552.31 4265.64 1603 1729 2.106 0 0 0 0 
72 3977.95 4398.97 4264.1 4289.23 4682.05 3961.03 4520.51 4510.77 4354.36 4268.21 4492.31 4314.87 4561.03 4275.38 1602 1728 2.121 0 0 0 0 
73 3975.9 4391.28 4258.97 4280 4678.97 3952.31 4512.31 4504.1 4344.62 4257.44 4493.33 4312.82 4552.82 4270.26 1602 1729 2.121 0 0 0 0 
74 3965.13 4381.03 4245.13 4263.08 4666.67 3938.97 4497.44 4486.15 4327.18 4244.1 4484.1 4301.03 4534.36 4254.36 1602 1728 2.121 0 0 0 0 
75 3967.18 4390.26 4246.67 4267.69 4667.69 3940 4490.26 4483.08 4326.15 4249.74 4482.56 4306.67 4537.95 4262.05 1603 1729 2.137 0 0 0 0 
76 3968.21 4391.79 4249.23 4267.69 4670.77 3945.13 4496.41 4488.72 4325.64 4252.31 4483.59 4308.21 4540.51 4266.67 1603 1727 2.152 0 0 0 0 
77 3960.51 4380.51 4240.51 4255.9 4665.13 3940.51 4493.33 4487.18 4319.49 4241.03 4482.05 4296.41 4527.18 4251.79 1602 1728 2.152 0 0 0 0 
78 3957.95 4382.05 4239.49 4256.41 4663.08 3940.51 4487.18 4488.21 4322.56 4236.41 4483.59 4298.97 4521.03 4248.21 1603 1728 2.168 0 0 0 0 
79 3956.92 4383.08 4246.15 4257.44 4665.13 3945.64 4496.92 4496.92 4331.28 4244.62 4484.1 4308.21 4526.15 4256.41 1602 1728 2.168 0 0 0 0 
80 3958.97 4381.54 4253.33 4261.03 4665.64 3947.18 4505.13 4499.49 4336.41 4257.95 4482.56 4308.21 4531.79 4259.49 1603 1728 2.168 0 0 0 0 
81 3969.74 4390.26 4264.62 4280.51 4667.69 3947.69 4501.54 4497.95 4340.51 4267.69 4487.69 4309.74 4542.05 4264.1 1602 1728 2.184 0 0 0 0 
82 3970.26 4389.23 4268.21 4278.97 4667.18 3943.59 4502.56 4495.9 4337.44 4263.59 4491.79 4311.28 4546.67 4269.74 1603 1729 2.184 0 0 0 0 
83 3964.1 4378.46 4264.1 4257.95 4664.62 3940.51 4506.15 4492.31 4327.18 4254.87 4490.77 4309.23 4535.9 4268.72 1602 1729 2.199 0 0 0 0 
84 3970.77 4381.03 4266.67 4263.59 4667.18 3943.59 4502.05 4494.87 4329.23 4258.97 4489.23 4308.72 4531.79 4269.23 1604 1729 2.215 0 0 0 0 
85 3978.46 4383.59 4267.18 4270.26 4663.59 3939.49 4491.79 4498.97 4332.31 4256.41 4484.1 4306.67 4531.79 4263.08 1604 1728 2.215 0 0 0 0 
86 3972.82 4369.23 4258.46 4254.36 4657.44 3930.26 4485.64 4487.69 4319.49 4246.15 4478.97 4302.05 4523.59 4255.38 1603 1729 2.215 0 0 0 0 
87 3970.26 4365.64 4257.95 4253.33 4662.05 3934.87 4490.26 4477.44 4312.31 4246.67 4485.64 4303.08 4522.56 4261.54 1604 1729 2.23 0 0 0 0 
88 3975.38 4380 4266.15 4268.72 4666.67 3941.03 4497.44 4484.1 4322.05 4250.77 4493.85 4308.72 4530.77 4267.69 1603 1729 2.246 0 0 0 0 
89 3982.56 4383.59 4269.74 4273.85 4667.69 3944.62 4507.69 4494.87 4329.23 4251.79 4489.23 4312.82 4534.36 4266.67 1604 1730 2.246 0 0 0 0 
90 3982.05 4373.85 4264.62 4267.18 4669.23 3950.26 4511.28 4496.41 4326.15 4256.41 4483.59 4308.72 4528.72 4265.64 1603 1731 2.262 0 0 0 0 
91 3971.28 4368.21 4257.95 4260.51 4666.67 3940 4495.38 4488.72 4317.95 4248.72 4482.05 4302.56 4517.44 4258.46 1603 1731 2.262 0 0 0 0 
92 3969.23 4371.28 4260.51 4264.62 4667.18 3928.72 4485.64 4485.13 4316.41 4241.03 4484.1 4305.13 4516.41 4254.36 1603 1731 2.277 0 0 0 0 
93 3973.85 4372.82 4267.18 4271.79 4672.31 3935.9 4494.36 4491.28 4324.1 4250.26 4487.18 4308.72 4526.67 4260 1604 1732 2.277 0 0 0 0 
94 3967.69 4369.23 4263.08 4261.03 4667.69 3941.54 4497.95 4494.87 4323.59 4250.77 4482.05 4302.05 4518.97 4257.44 1604 1732 2.293 0 0 0 0 
95 3957.95 4365.13 4254.87 4251.28 4663.59 3940 4494.36 4487.18 4312.31 4235.9 4475.38 4295.38 4502.56 4247.69 1603 1733 2.293 0 0 0 0 
96 3959.49 4367.18 4253.85 4258.46 4665.13 3938.46 4492.82 4477.44 4309.74 4229.74 4477.44 4297.44 4504.62 4246.67 1603 1734 2.293 0 0 0 0 
97 3957.95 4368.72 4253.85 4258.97 4661.54 3937.44 4491.28 4477.44 4316.41 4235.9 4481.03 4298.46 4511.28 4245.64 1603 1735 2.308 0 0 0 0 
98 3952.31 4365.64 4253.33 4251.79 4660.51 3939.49 4496.41 4483.59 4318.46 4241.54 4481.03 4297.44 4511.28 4242.56 1603 1735 2.324 0 0 0 0 
99 3957.44 4371.28 4262.05 4263.59 4668.21 3947.18 4507.18 4494.36 4323.59 4246.67 4485.64 4304.1 4514.36 4248.72 1604 1735 2.324 0 0 0 0 
100 3961.03 4372.82 4262.05 4269.23 4671.28 3949.23 4509.74 4504.1 4333.85 4252.31 4488.72 4305.13 4513.85 4252.31 1603 1735 2.34 0 0 0 0 
101 3952.82 4359.49 4250.26 4251.79 4664.62 3942.56 4505.13 4502.05 4328.72 4249.23 4482.56 4297.95 4510.26 4244.62 1604 1734 2.34 0 0 0 0 
102 3950.77 4357.44 4252.31 4249.74 4661.54 3941.03 4503.59 4501.03 4323.08 4249.23 4483.59 4301.54 4520 4245.64 1603 1735 2.34 0 0 0 0 
103 3955.9 4369.74 4261.03 4260.51 4664.1 3948.21 4512.31 4512.82 4337.44 4260.51 4492.31 4311.28 4527.18 4256.41 1605 1735 2.355 0 0 0 0 
104 3953.85 4368.72 4257.95 4256.92 4668.21 3955.9 4520.51 4518.97 4345.64 4269.23 4490.77 4307.69 4516.92 4254.87 1604 1734 2.371 0 0 0 0 
105 3952.31 4362.05 4257.44 4257.44 4674.87 3958.46 4514.36 4511.28 4339.49 4269.23 4488.21 4303.08 4513.33 4250.26 1604 1735 2.371 0 0 0 0 
106 3955.9 4363.59 4261.54 4266.15 4674.36 3955.38 4509.23 4507.69 4338.46 4264.62 4489.23 4306.67 4523.08 4255.38 1605 1734 2.386 0 0 0 0 
107 3953.33 4364.62 4258.97 4264.62 4666.67 3954.36 4516.92 4507.18 4338.46 4258.46 4485.13 4305.13 4523.59 4254.87 1604 1736 2.386 0 0 0 0 
108 3950.26 4364.62 4256.92 4258.46 4667.69 3957.44 4525.13 4507.18 4334.87 4261.54 4485.64 4301.03 4520 4251.28 1605 1735 2.402 0 0 0 0 
109 3951.28 4366.15 4259.49 4258.97 4673.33 3954.87 4517.44 4509.23 4336.41 4272.82 4491.28 4303.08 4523.08 4254.87 1605 1737 2.402 0 0 0 0 
110 3952.31 4367.69 4260 4262.05 4670.77 3948.72 4511.28 4505.64 4335.38 4272.31 4488.72 4308.72 4522.05 4257.95 1604 1737 2.418 0 0 0 0 
111 3951.79 4368.72 4261.54 4261.54 4666.67 3950.26 4517.95 4503.08 4329.74 4265.13 4486.67 4310.26 4523.08 4256.92 1604 1738 2.418 0 0 0 0 
112 3951.79 4366.15 4264.62 4258.97 4668.21 3955.9 4522.05 4508.72 4336.92 4271.79 4494.87 4308.72 4533.33 4260.51 1605 1738 2.433 0 0 0 0 
113 3949.23 4365.13 4262.56 4258.97 4669.74 3958.97 4523.59 4510.77 4340 4276.41 4493.85 4306.67 4532.82 4263.08 1604 1739 2.433 0 0 0 0 
114 3943.59 4361.54 4254.36 4257.44 4668.72 3955.9 4526.67 4505.64 4329.74 4263.59 4480 4300.51 4514.87 4252.31 1604 1740 2.449 0 0 0 0 
115 3939.49 4355.9 4246.67 4248.72 4665.13 3945.13 4518.97 4504.62 4327.18 4254.87 4476.41 4295.38 4507.18 4245.13 1604 1740 2.449 0 0 0 0 
116 3937.95 4352.82 4243.59 4244.1 4657.44 3937.44 4509.23 4500.51 4323.08 4254.36 4481.03 4293.85 4511.28 4244.1 1604 1742 2.464 0 0 0 0 
117 3937.44 4353.85 4245.13 4244.1 4656.41 3941.03 4513.85 4490.26 4313.85 4250.77 4480.51 4294.36 4508.21 4240 1604 1741 2.464 0 0 0 0 
118 3934.87 4350.77 4242.56 4235.38 4656.41 3941.03 4513.33 4483.59 4310.77 4245.64 4475.9 4293.33 4502.56 4239.49 1602 1743 2.48 0 0 0 0 
119 3935.38 4349.74 4238.46 4232.31 4653.33 3930.77 4504.1 4480 4308.21 4242.56 4475.9 4290.26 4503.59 4242.05 1604 1742 2.48 0 0 0 0 
120 3940.51 4358.46 4248.21 4246.15 4659.49 3929.74 4506.67 4486.15 4310.77 4250.26 4483.59 4297.44 4511.79 4247.69 1603 1742 2.496 0 0 0 0 
121 3944.62 4361.03 4259.49 4252.82 4663.59 3937.95 4511.28 4494.87 4319.49 4261.03 4488.21 4309.23 4521.03 4256.41 1603 1743 2.496 0 0 0 0 
122 3942.56 4354.87 4255.38 4247.18 4660.51 3937.44 4508.21 4494.87 4320 4253.85 4483.59 4308.72 4519.49 4257.95 1603 1742 2.511 0 0 0 0 
123 3938.46 4354.36 4250.77 4247.69 4660 3932.31 4505.13 4488.72 4313.85 4243.59 4476.41 4300.51 4504.62 4246.67 1604 1742 2.511 0 0 0 0 
124 3935.38 4357.95 4251.28 4247.69 4658.97 3930.77 4498.97 4476.92 4308.21 4245.13 4473.85 4296.92 4495.38 4236.92 1603 1742 2.527 0 0 0 0 
125 3933.85 4355.9 4250.26 4242.05 4656.92 3931.28 4500 4470.26 4302.56 4250.26 4482.05 4301.54 4506.67 4243.08 1604 1742 2.527 0 0 0 0 
126 3933.85 4352.82 4249.23 4242.56 4664.1 3932.31 4510.77 4482.05 4308.21 4251.28 4487.69 4309.23 4516.41 4252.31 1604 1740 2.542 0 0 0 0 
127 3932.31 4353.33 4246.67 4245.64 4664.1 3926.67 4503.59 4488.72 4310.26 4244.62 4477.44 4303.59 4505.64 4244.1 1604 1741 2.542 0 0 0 0 
128 3931.28 4353.33 4242.05 4247.18 4656.41 3921.54 4489.23 4479.49 4302.56 4238.97 4475.38 4292.31 4498.46 4234.36 1605 1739 2.558 0 0 0 0 
0 3934.87 4354.36 4248.21 4249.23 4660 3929.74 4501.03 4485.64 4310.26 4249.74 4489.23 4301.54 4511.79 4246.67 1605 1739 2.558 0 0 0 0 
1 3940 4360.51 4260.51 4250.77 4667.18 3942.56 4524.1 4505.64 4330.77 4269.74 4493.33 4314.87 4527.69 4258.46 1606 1738 2.574 0 0 0 0 
2 3943.08 4367.18 4265.64 4258.97 4670.26 3947.18 4526.67 4508.21 4333.33 4277.44 4485.64 4309.74 4529.74 4255.9 1605 1737 2.574 0 0 0 0 
3 3945.13 4369.74 4261.54 4265.13 4670.77 3949.23 4527.18 4495.38 4323.59 4267.69 4485.64 4306.67 4521.54 4258.97 1605 1738 2.589 0 0 0 0 
4 3948.21 4374.36 4263.59 4267.18 4671.79 3955.9 4540 4498.46 4328.72 4260.51 4493.85 4315.9 4524.62 4267.69 1606 1737 2.589 0 0 0 0 
5 3948.21 4376.41 4267.69 4267.18 4670.26 3951.28 4534.87 4507.18 4334.36 4266.15 4493.33 4313.85 4533.33 4265.13 1604 1736 2.605 0 0 0 0 
6 3941.54 4368.72 4258.46 4261.03 4664.62 3940.51 4515.38 4497.44 4326.15 4270.26 4486.15 4305.64 4532.82 4257.44 1604 1735 2.605 0 0 0 0 
7 3939.49 4367.18 4253.85 4256.92 4663.59 3942.56 4518.97 4491.28 4327.18 4270.26 4488.72 4309.74 4534.36 4261.03 1605 1735 2.62 0 0 0 0 
8 3942.05 4371.28 4260 4258.97 4669.23 3952.82 4534.87 4501.03 4338.97 4275.9 4493.33 4313.85 4537.44 4267.69 1604 1734 2.62 0 0 0 0 
9 3943.59 4371.79 4263.08 4265.64 4671.28 3956.41 4535.9 4507.18 4341.54 4279.49 4489.74 4312.82 4533.85 4270.26 1603 1734 2.636 0 0 0 0 
10 3946.67 4373.85 4262.56 4269.74 4667.18 3951.79 4527.18 4504.1 4337.95 4274.87 4490.26 4317.44 4530.26 4272.31 1605 1732 2.636 0 0 0 0 
11 3950.26 4374.87 4264.1 4265.13 4667.18 3950.77 4523.59 4504.1 4342.05 4278.46 4494.36 4316.41 4534.36 4271.79 1603 1732 2.652 0 0 0 0 
12 3949.74 4370.77 4263.08 4263.08 4668.21 3954.87 4530.26 4508.72 4344.1 4286.15 4493.33 4311.28 4541.03 4271.79 1604 1731 2.652 0 0 0 0 
13 3948.21 4370.77 4265.64 4273.85 4669.23 3958.46 4543.59 4513.33 4343.59 4291.79 4496.92 4317.44 4544.62 4278.97 1603 1731 2.667 0 0 0 0 
14 3951.79 4378.46 4275.9 4283.08 4673.33 3962.56 4552.82 4517.44 4348.72 4299.49 4498.97 4325.13 4546.67 4287.18 1603 1732 2.667 0 0 0 0 
15 3953.85 4384.1 4274.87 4275.9 4673.85 3965.13 4550.26 4517.44 4352.82 4300 4490.26 4323.08 4545.13 4288.21 1603 1732 2.683 0 0 0 0 
16 3951.28 4386.15 4268.72 4273.33 4675.9 3965.13 4545.13 4516.41 4351.79 4302.05 4492.31 4319.49 4550.26 4285.64 1603 1734 2.683 0 0 0 0 
17 3955.9 4393.33 4276.41 4288.21 4684.1 3971.79 4554.36 4520.51 4356.92 4313.85 4505.64 4322.56 4555.38 4288.21 1604 1733 2.698 0 0 0 0 
18 3962.05 4399.49 4283.59 4296.41 4687.69 3980.51 4567.69 4525.64 4363.08 4320.51 4505.13 4326.67 4556.92 4293.33 1603 1734 2.698 0 0 0 0 
19 3957.44 4393.85 4277.95 4287.18 4682.56 3977.44 4563.59 4524.62 4359.49 4313.33 4497.95 4327.18 4555.38 4291.28 1604 1734 2.714 0 0 0 0 
20 3955.38 4388.72 4275.9 4284.1 4681.03 3972.82 4554.36 4526.15 4355.9 4315.38 4499.49 4327.69 4553.33 4290.77 1604 1734 2.714 0 0 0 0 
21 3962.56 4397.95 4279.49 4294.87 4686.67 3980 4565.13 4533.33 4361.54 4324.1 4502.56 4325.13 4554.36 4294.87 1604 1733 2.73 0 0 0 0 
22 3961.03 4399.49 4274.87 4297.95 4686.67 3982.56 4572.82 4533.33 4362.05 4323.08 4500 4320 4549.74 4293.33 1604 1732 2.73 0 0 0 0 
23 3951.79 4385.13 4265.13 4283.08 4677.95 3972.31 4557.44 4524.62 4354.36 4316.41 4496.41 4314.87 4540.51 4283.59 1603 1731 2.745 0 0 0 0 
24 3953.85 4382.56 4264.62 4276.41 4675.9 3967.69 4549.74 4525.13 4347.69 4312.31 4492.82 4313.85 4539.49 4282.56 1603 1730 2.745 0 0 0 0 
25 3959.49 4390.26 4269.23 4283.08 4680 3972.82 4556.92 4527.18 4342.56 4309.23 4492.31 4316.92 4538.97 4288.21 1604 1730 2.761 0 0 0 0 
26 3958.97 4389.74 4271.28 4291.79 4677.44 3974.87 4561.54 4517.44 4338.46 4308.21 4495.9 4318.46 4533.85 4288.72 1603 1730 2.761 0 0 0 0 
27 3961.54 4389.74 4273.85 4295.9 4677.44 3971.79 4554.87 4517.95 4344.1 4313.33 4497.44 4320 4539.49 4292.82 1603 1729 2.776 0 0 0 0 
28 3962.56 4390.77 4271.79 4287.69 4679.49 3966.67 4541.54 4526.15 4346.15 4313.85 4494.36 4318.97 4540 4293.85 1603 1730 2.776 0 0 0 0 
29 3955.38 4385.13 4266.15 4276.41 4675.9 3979.49 4538.97 4519.49 4334.36 4308.72 4492.31 4316.92 4522.05 4286.15 1604 1730 2.792 0 0 0 0 
30 3953.33 4387.69 4265.13 4278.97 4677.95 4018.46 4550.26 4512.82 4333.33 4314.87 4492.31 4317.95 4527.18 4287.18 1603 1732 2.792 0 0 0 0 
31 3964.62 4398.97 4271.79 4289.23 4685.64 4052.31 4558.46 4525.13 4347.69 4327.18 4497.95 4323.59 4552.31 4298.46 1604 1733 2.808 0 0 0 0 
32 3970.77 4400.51 4275.38 4289.74 4685.13 4064.1 4555.38 4535.9 4354.36 4334.87 4503.59 4328.21 4557.44 4302.05 1603 1732 2.808 0 0 0 0 
33 3966.67 4393.85 4271.28 4284.1 4676.92 4069.74 4547.18 4522.56 4343.59 4328.72 4498.97 4323.08 4546.67 4295.38 1603 1733 2.823 0 0 0 0 
34 3959.49 4387.69 4264.1 4283.08 4672.82 4076.92 4546.15 4518.97 4337.44 4316.41 4494.87 4316.92 4534.36 4291.79 1603 1733 2.823 0 0 0 0 
35 3957.95 4387.18 4262.56 4280.51 4676.92 4084.62 4552.31 4536.92 4345.64 4321.03 4498.97 4317.95 4530.26 4293.85 1602 1734 2.839 0 0 0 0 
36 3966.15 4395.9 4269.74 4284.1 4682.56 4094.87 4553.85 4540.51 4351.79 4332.31 4501.03 4322.56 4543.08 4300.51 1602 1734 2.839 0 0 0 0 
37 3968.72 4400 4269.74 4286.15 4678.46 4096.41 4547.69 4527.18 4348.21 4326.67 4495.38 4318.46 4544.1 4301.54 1602 1734 2.854 0 0 0 0 
38 3957.44 4391.28 4260.51 4277.95 4671.79 4087.69 4538.46 4522.56 4338.97 4316.41 4492.31 4308.72 4525.13 4292.31 1603 1734 2.854 0 0 0 0 
39 3954.87 4386.67 4259.49 4274.36 4674.36 4089.74 4534.36 4518.97 4331.28 4316.41 4496.41 4312.31 4522.05 4289.23 1602 1735 2.87 0 0 0 0 
40 3964.62 4389.74 4268.72 4283.08 4677.95 4104.1 4542.56 4513.33 4333.85 4323.08 4497.95 4322.05 4533.33 4297.44 1604 1734 2.87 0 0 0 0 
41 3969.74 4390.26 4275.38 4288.72 4679.49 4108.21 4546.67 4523.08 4343.08 4332.31 4496.41 4325.13 4536.92 4306.15 1602 1735 2.886 0 0 0 0 
42 3971.28 4391.28 4275.9 4289.74 4682.56 4104.1 4535.9 4529.23 4346.67 4336.92 4499.49 4323.59 4540 4308.72 1604 1735 2.886 0 0 0 0 
43 3973.85 4397.44 4276.92 4291.28 4684.1 4106.67 4533.33 4522.56 4343.59 4334.36 4502.05 4322.05 4542.05 4307.18 1603 1734 2.901 0 0 0 0 
44 3971.28 4400 4276.41 4286.67 4683.59 4110.77 4544.1 4524.1 4343.08 4333.33 4499.49 4321.03 4535.38 4305.64 1603 1736 2.901 0 0 0 0 
45 3969.74 4393.33 4272.82 4281.03 4681.03 4110.77 4550.77 4528.21 4342.05 4332.82 4498.46 4323.08 4534.36 4304.62 1604 1734 2.917 0 0 0 0 
46 3966.15 4384.62 4265.64 4275.9 4675.38 4108.21 4546.67 4523.08 4339.49 4328.21 4495.9 4320 4532.82 4298.46 1603 1736 2.917 0 0 0 0 
47 3965.13 4387.69 4264.62 4274.36 4675.38 4107.69 4537.95 4522.05 4342.56 4330.26 4494.87 4318.46 4527.69 4295.9 1604 1735 2.932 0 0 0 0 
48 3967.69 4392.31 4267.18 4274.87 4681.03 4109.74 4535.9 4521.54 4340.51 4333.33 4497.44 4319.49 4528.21 4300 1604 1736 2.932 0 0 0 0 
49 3964.1 4387.18 4264.62 4272.82 4679.49 4110.26 4536.92 4510.77 4330.26 4324.62 4496.92 4313.33 4523.59 4296.92 1605 1736 2.948 0 0 0 0 
50 3964.1 4393.85 4267.69 4282.56 4683.08 4113.85 4538.97 4512.31 4336.41 4327.69 4496.41 4314.36 4525.13 4296.92 1605 1737 2.948 0 0 0 0 
51 3974.87 4407.18 4275.9 4292.31 4691.79 4119.49 4543.08 4527.69 4353.85 4344.1 4499.49 4325.13 4537.44 4309.23 1605 1736 2.964 0 0 0 0 
52 3976.41 4405.13 4277.44 4288.21 4694.36 4120 4544.62 4531.79 4355.38 4347.69 4500.51 4328.21 4542.05 4315.38 1605 1737 2.964 0 0 0 0 
53 3969.23 4398.97 4273.33 4282.56 4690.26 4120 4544.62 4528.21 4346.67 4345.13 4496.92 4323.08 4541.03 4308.21 1606 1738 2.979 0 0 0 0 
54 3971.28 4400.51 4271.79 4281.54 4686.15 4121.54 4547.69 4534.87 4349.74 4350.26 4495.38 4319.49 4544.1 4305.13 1605 1736 2.979 0 0 0 0 
55 3977.44 4406.15 4276.92 4286.15 4689.74 4126.15 4554.87 4547.69 4362.56 4356.92 4501.03 4321.03 4547.18 4310.26 1605 1738 2.995 0 0 0 0 
56 3974.87 4403.59 4277.95 4288.72 4689.23 4125.13 4556.41 4539.49 4354.36 4350.26 4502.56 4319.49 4539.49 4306.15 1606 1737 2.995 0 0 0 0 
57 3970.26 4394.87 4272.31 4281.54 4683.59 4117.44 4550.26 4517.95 4334.36 4339.49 4495.9 4315.38 4532.82 4297.95 1605 1738 3.01 0 0 0 0 
58 3975.38 4398.46 4274.87 4283.08 4690.77 4118.46 4549.23 4523.08 4344.1 4350.26 4496.41 4319.49 4543.08 4306.67 1606 1737 3.01 0 0 0 0 
59 3982.05 4406.67 4281.54 4291.28 4700.51 4126.15 4550.26 4542.05 4361.03 4363.08 4502.05 4327.18 4554.36 4318.46 1605 1738 3.026 0 0 0 0 
60 3983.08 4401.54 4278.46 4286.15 4697.44 4127.69 4546.15 4542.05 4356.41 4355.9 4501.03 4325.64 4552.82 4315.38 1605 1738 3.026 0 0 0 0 
61 3982.05 4398.46 4275.9 4277.95 4692.82 4122.56 4544.62 4533.33 4351.28 4350.26 4496.92 4319.49 4543.59 4310.77 1604 1738 3.042 0 0 0 0 
62 3981.54 4404.1 4277.44 4282.05 4694.36 4114.87 4545.64 4534.87 4356.92 4358.46 4499.49 4319.49 4542.56 4311.28 1604 1737 3.042 0 0 0 0 
63 3984.62 4405.13 4278.97 4287.18 4693.85 4111.79 4541.03 4540 4361.54 4365.13 4503.08 4322.56 4554.36 4314.87 1604 1738 3.057 0 0 0 0 
64 3984.62 4402.05 4279.49 4281.03 4690.77 4115.9 4541.03 4538.97 4358.97 4363.08 4501.54 4322.56 4560.51 4317.95 1604 1737 3.057 0 0 0 0 
65 3980.51 4400.51 4276.92 4276.41 4690.77 4115.38 4545.64 4532.82 4350.77 4356.41 4495.9 4317.44 4554.36 4315.9 1604 1737 3.073 0 0 0 0 
66 3978.46 4398.97 4273.85 4275.9 4690.26 4106.15 4536.92 4524.62 4342.05 4350.26 4492.82 4316.92 4549.74 4312.31 1603 1739 3.073 0 0 0 0 
67 3977.95 4400.51 4276.92 4275.9 4690.77 4102.05 4530.77 4524.1 4345.13 4352.31 4497.44 4320.51 4549.74 4313.85 1604 1737 3.088 0 0 0 0 
68 3974.87 4401.03 4277.95 4272.82 4689.23 4105.64 4541.54 4527.69 4350.26 4354.36 4501.54 4318.97 4550.77 4310.77 1603 1738 3.088 0 0 0 0 
69 3971.79 4396.41 4272.82 4267.18 4687.18 4103.08 4539.49 4527.18 4346.67 4347.18 4497.44 4315.9 4552.82 4303.08 1604 1736 3.104 0 0 0 0 
70 3974.36 4394.36 4275.9 4269.23 4690.26 4097.95 4524.1 4528.21 4345.13 4348.21 4496.41 4319.49 4555.9 4305.64 1603 1736 3.104 0 0 0 0 
71 3975.38 4396.41 4279.49 4273.33 4694.87 4101.03 4529.23 4532.31 4346.67 4352.82 4504.1 4320 4551.79 4308.21 1603 1737 3.12 0 0 0 0 
72 3970.77 4391.79 4272.82 4269.23 4694.36 4108.72 4543.59 4534.87 4342.05 4343.08 4498.46 4311.28 4540.51 4300 1603 1735 3.12 0 0 0 0 
73 3964.62 4383.08 4267.69 4260 4690.77 4106.67 4541.03 4534.36 4337.95 4328.21 4485.13 4307.69 4529.74 4291.79 1603 1736 3.135 0 0 0 0 
74 3963.59 4382.56 4267.18 4255.9 4685.64 4096.41 4531.79 4531.79 4340.51 4330.77 4491.28 4310.26 4529.23 4292.82 1602 1735 3.135 0 0 0 0 
75 3965.64 4385.13 4263.59 4255.38 4681.54 4089.23 4525.64 4524.62 4341.03 4336.92 4497.44 4308.21 4535.38 4294.36 1602 1735 3.151 0 0 0 0 
76 3960 4379.49 4258.97 4246.67 4681.03 4082.56 4521.54 4514.87 4330.77 4327.18 4488.72 4305.13 4533.33 4290.26 1603 1735 3.151 0 0 0 0 
77 3961.03 4379.49 4264.62 4245.13 4682.56 4077.95 4517.44 4515.38 4328.72 4324.1 4490.77 4313.33 4531.79 4294.36 1603 1734 3.166 0 0 0 0 
78 3976.41 4391.28 4275.9 4260 4688.72 4081.54 4511.28 4527.69 4347.18 4342.05 4503.08 4325.13 4546.15 4306.15 1603 1735 3.166 0 0 0 0 
79 3985.64 4397.44 4277.95 4269.23 4697.44 4087.18 4511.28 4533.33 4357.95 4353.85 4501.03 4323.59 4560 4308.72 1603 1734 3.182 0 0 0 0 
80 3982.05 4393.33 4275.9 4265.13 4698.97 4088.21 4519.49 4529.23 4348.72 4347.18 4494.36 4319.49 4558.97 4305.13 1603 1734 3.182 0 0 0 0 
81 3982.05 4395.38 4278.97 4267.18 4699.49 4088.21 4515.9 4528.72 4346.67 4345.13 4501.03 4323.59 4553.85 4310.77 1603 1734 3.198 0 0 0 0 
82 3989.23 4404.1 4281.54 4280.51 4706.67 4089.74 4503.08 4529.74 4355.38 4354.36 4506.67 4324.1 4559.49 4317.95 1603 1733 3.198 0 0 0 0 
83 3987.69 4402.05 4275.9 4280.51 4709.74 4088.72 4500.51 4523.08 4352.82 4355.38 4500.51 4317.44 4560.51 4314.36 1603 1734 3.213 0 0 0 0 
84 3976.92 4387.69 4270.26 4262.56 4701.03 4086.67 4503.59 4514.87 4340 4340 4493.33 4313.33 4545.64 4304.62 1604 1733 3.213 0 0 0 0 
85 3971.79 4385.13 4271.28 4254.36 4697.95 4087.18 4504.1 4518.97 4337.44 4334.36 4495.9 4312.82 4536.92 4302.56 1604 1734 3.229 0 0 0 0 
86 3976.92 4395.38 4272.82 4265.13 4705.64 4090.77 4506.15 4527.18 4349.23 4349.74 4498.97 4317.44 4548.72 4309.23 1605 1732 3.229 0 0 0 0 
87 3976.92 4393.33 4268.72 4267.69 4706.67 4088.21 4503.08 4521.54 4350.26 4351.79 4496.41 4321.03 4552.31 4308.72 1604 1734 3.244 0 0 0 0 
88 3974.36 4390.77 4269.23 4261.54 4703.08 4086.15 4501.54 4516.41 4340 4339.49 4494.87 4319.49 4542.05 4302.56 1605 1733 3.244 0 0 0 0 
89 3981.54 4402.05 4277.44 4266.67 4710.77 4090.77 4503.59 4528.72 4346.15 4347.69 4498.97 4321.03 4546.15 4308.72 1605 1733 3.26 0 0 0 0 
90 3986.67 4405.13 4276.41 4269.23 4715.38 4088.72 4497.95 4536.92 4356.41 4359.49 4500.51 4322.56 4554.87 4313.85 1605 1734 3.26 0 0 0 0 
91 3978.97 4394.36 4266.67 4263.08 4704.62 4079.49 4489.23 4523.08 4343.08 4343.08 4496.41 4314.87 4547.18 4305.13 1605 1734 3.276 0 0 0 0 
92 3969.23 4388.21 4262.56 4253.85 4696.92 4069.74 4481.03 4506.67 4325.64 4323.59 4491.79 4306.67 4537.44 4295.38 1605 1733 3.276 0 0 0 0 
93 3966.67 4388.21 4263.59 4247.18 4697.95 4067.69 4477.95 4511.28 4327.69 4327.69 4493.33 4306.67 4537.44 4293.85 1605 1732 3.291 0 0 0 0 
94 3972.82 4391.79 4268.21 4256.92 4701.54 4075.38 4487.69 4527.69 4337.95 4341.03 4501.03 4312.82 4542.05 4302.56 1605 1733 3.291 0 0 0 0 
95 3979.49 4397.44 4275.38 4268.72 4707.18 4078.46 4493.33 4531.79 4344.62 4346.15 4504.1 4323.08 4549.74 4312.82 1605 1732 3.307 0 0 0 0 
96 3983.08 4400.51 4274.87 4265.64 4712.31 4073.33 4482.56 4526.67 4347.69 4349.23 4500.51 4327.18 4563.08 4315.38 1605 1733 3.307 0 0 0 0 
97 3982.56 4399.49 4270.77 4260.51 4711.28 4074.87 4483.08 4526.67 4346.15 4351.79 4498.46 4324.1 4568.72 4316.92 1605 1732 3.322 0 0 0 0 
98 3981.54 4393.33 4271.79 4263.08 4707.69 4077.95 4494.87 4525.13 4342.56 4351.79 4497.95 4322.56 4558.97 4317.44 1604 1732 3.322 0 0 0 0 
99 3984.1 4391.28 4272.82 4265.64 4708.21 4071.79 4487.69 4527.18 4347.69 4355.9 4500 4323.59 4556.92 4316.41 1606 1732 3.338 0 0 0 0 
100 3986.15 4395.9 4267.69 4261.54 4706.67 4066.67 4473.85 4528.21 4352.31 4359.49 4502.05 4320 4563.08 4315.9 1605 1731 3.338 0 0 0 0 
101 3982.05 4389.74 4261.54 4249.23 4701.03 4065.64 4476.92 4517.44 4339.49 4347.69 4492.82 4310.26 4551.28 4309.23 1605 1732 3.354 0 0 0 0 
102 3977.95 4385.13 4261.03 4243.59 4701.03 4062.05 4479.49 4511.79 4330.26 4337.44 4487.18 4308.72 4540.51 4302.05 1605 1731 3.354 0 0 0 0 
103 3987.69 4399.49 4270.26 4259.49 4707.18 4063.59 4470.77 4521.54 4344.62 4352.82 4497.95 4319.49 4556.41 4313.33 1604 1732 3.369 0 0 0 0 
104 3997.44 4408.72 4275.9 4270.77 4711.79 4071.79 4471.79 4527.18 4354.36 4361.54 4505.64 4327.69 4569.23 4325.64 1605 1732 3.369 0 0 0 0 
105 3993.33 4401.54 4270.77 4262.05 4712.31 4072.31 4480.51 4527.69 4348.72 4349.23 4502.05 4325.13 4557.44 4320.51 1606 1731 3.385 0 0 0 0 
106 3992.82 4398.97 4271.28 4258.97 4715.9 4070.77 4481.03 4534.87 4354.36 4352.82 4503.59 4325.13 4555.38 4320.51 1606 1731 3.385 0 0 0 0 
107 3997.44 4400.51 4276.41 4263.08 4716.92 4074.87 4481.03 4535.9 4357.95 4363.59 4504.1 4324.62 4564.1 4322.05 1605 1733 3.4 0 0 0 0 
108 3991.79 4393.85 4269.23 4256.41 4712.82 4071.79 4481.54 4529.23 4346.15 4349.74 4498.46 4318.46 4556.92 4313.85 1606 1732 3.4 0 0 0 0 
109 3984.1 4387.69 4261.03 4248.72 4708.21 4061.03 4474.36 4526.15 4336.92 4332.31 4495.9 4316.92 4543.59 4311.79 1605 1733 3.416 0 0 0 0 
110 3985.13 4384.62 4260.51 4248.21 4704.1 4053.33 4460 4518.97 4330.26 4328.21 4491.28 4316.41 4540.51 4313.85 1606 1733 3.416 0 0 0 0 
111 3989.74 4389.74 4266.15 4251.79 4704.62 4055.38 4461.54 4517.44 4331.79 4331.79 4495.9 4316.92 4546.67 4313.85 1605 1733 3.432 0 0 0 0 
112 3992.82 4397.95 4272.82 4256.41 4713.33 4063.59 4477.44 4534.87 4347.69 4347.18 4507.18 4322.56 4554.36 4318.46 1605 1733 3.432 0 0 0 0 
113 3992.82 4398.46 4272.82 4256.41 4717.44 4069.23 4484.1 4540.51 4352.82 4354.87 4501.03 4324.1 4556.41 4323.59 1605 1732 3.447 0 0 0 0 
114 3992.82 4396.41 4271.28 4252.82 4711.79 4069.23 4482.05 4528.21 4343.59 4346.67 4492.82 4320 4556.92 4321.54 1605 1734 3.447 0 0 0 0 
115 3995.38 4394.87 4275.38 4252.31 4711.28 4065.64 4478.46 4530.77 4349.74 4349.74 4502.56 4321.54 4561.03 4323.08 1606 1733 3.463 0 0 0 0 
116 4000.51 4396.92 4282.56 4260.51 4720.51 4066.15 4473.85 4543.08 4364.62 4361.54 4506.15 4329.23 4568.72 4333.33 1605 1733 3.463 0 0 0 0 
117 4000.51 4402.56 4277.44 4264.62 4722.05 4064.1 4472.82 4535.9 4360 4357.44 4500 4327.69 4566.15 4334.87 1604 1733 3.478 0 0 0 0 
118 3993.33 4397.95 4262.56 4251.28 4711.79 4057.44 4480.51 4524.62 4347.18 4346.15 4502.05 4317.44 4556.92 4322.56 1604 1734 3.478 0 0 0 0 
119 3988.72 4392.31 4258.97 4241.54 4705.64 4053.85 4480 4529.74 4346.67 4348.72 4503.08 4314.87 4557.95 4320 1604 1733 3.494 0 0 0 0 
120 3991.28 4396.92 4263.59 4247.69 4706.15 4048.21 4467.18 4533.33 4349.23 4352.31 4496.92 4318.46 4559.49 4326.67 1603 1735 3.494 0 0 0 0 
121 3992.31 4398.97 4263.59 4251.28 4705.64 4044.1 4467.69 4528.21 4344.62 4346.67 4498.46 4320 4553.33 4323.08 1604 1734 3.51 0 0 0 0 
122 3990.26 4393.33 4265.64 4247.69 4705.64 4049.23 4480.51 4530.26 4343.59 4344.1 4504.1 4320 4552.31 4318.46 1604 1733 3.51 0 0 0 0 
123 3990.77 4393.33 4270.77 4247.69 4708.21 4051.79 4477.44 4534.36 4347.69 4346.67 4502.56 4320 4558.97 4323.08 1603 1734 3.525 0 0 0 0 
124 3992.82 4399.49 4267.18 4251.28 4711.79 4047.18 4471.28 4532.82 4351.28 4349.23 4501.03 4319.49 4563.08 4324.62 1604 1733 3.525 0 0 0 0 
125 3992.82 4400 4264.62 4251.79 4713.85 4044.62 4478.97 4529.74 4352.31 4348.21 4500 4319.49 4558.46 4322.56 1604 1734 3.541 0 0 0 0 
126 3993.33 4398.97 4270.26 4249.74 4712.82 4045.13 4482.05 4529.74 4348.72 4342.56 4496.41 4320.51 4553.33 4325.64 1604 1733 3.541 0 0 0 0 
127 4000.51 4401.54 4278.97 4256.41 4720 4049.74 4484.1 4544.62 4356.92 4349.23 4502.56 4327.18 4564.62 4335.38 1604 1733 3.556 0 0 0 0 
128 4007.69 4404.62 4285.13 4265.64 4730.26 4056.92 4490.26 4561.03 4375.38 4367.69 4511.79 4335.38 4582.05 4343.59 1605 1734 3.556 0 0 0 0 
0 4001.03 4402.56 4281.54 4260 4721.54 4052.31 4488.72 4553.85 4372.82 4365.64 4506.15 4329.74 4580.51 4341.03 1604 1733 3.572 0 0 0 0 
1 3997.95 4402.05 4278.46 4255.9 4711.79 4046.15 4485.13 4543.08 4361.54 4351.79 4504.1 4323.59 4571.28 4337.95 1604 1734 3.572 0 0 0 0 
2 4007.69 4408.21 4286.15 4266.15 4722.05 4053.85 4493.85 4549.74 4366.67 4356.41 4508.72 4328.21 4574.87 4343.08 1604 1734 3.588 0 0 0 0 
3 4008.72 4410.77 4287.18 4271.28 4726.67 4058.97 4498.46 4550.77 4368.21 4363.59 4506.67 4329.23 4580.51 4348.72 1604 1733 3.588 0 0 0 0 
4 4000 4403.08 4277.95 4265.13 4716.41 4050.77 4490.26 4536.41 4353.85 4354.87 4503.08 4322.05 4578.46 4343.59 1604 1734 3.603 0 0 0 0 
5 3998.97 4401.54 4278.46 4263.08 4720.51 4049.23 4489.23 4536.92 4352.82 4349.74 4505.13 4320.51 4577.44 4339.49 1604 1734 3.603 0 0 0 0 
6 4003.59 4406.15 4282.05 4265.64 4726.15 4055.38 4496.41 4547.18 4360 4353.85 4504.1 4325.64 4577.95 4344.62 1604 1734 3.619 0 0 0 0 
7 4003.08 4401.54 4277.44 4263.59 4721.03 4054.87 4498.97 4550.26 4358.97 4352.31 4504.62 4325.64 4572.82 4344.62 1604 1734 3.619 0 0 0 0 
8 4004.62 4397.44 4278.97 4263.08 4724.1 4054.36 4500.51 4557.44 4367.18 4355.9 4513.85 4323.59 4574.87 4342.56 1604 1735 3.634 0 0 0 0 
9 4007.69 4404.1 4280 4264.1 4727.18 4050.26 4497.44 4556.92 4373.33 4357.95 4509.23 4321.03 4581.54 4341.03 1605 1734 3.634 0 0 0 0 
10 4009.23 4406.67 4276.41 4261.03 4724.1 4046.15 4496.41 4544.62 4363.59 4348.21 4500 4322.05 4580 4340 1604 1735 3.65 0 0 0 0 
11 4012.31 4404.62 4278.97 4263.08 4731.79 4053.33 4503.08 4544.1 4362.05 4346.15 4507.69 4326.67 4577.95 4342.05 1605 1734 3.65 0 0 0 0 
12 4015.9 4404.62 4281.54 4271.28 4737.44 4058.97 4507.18 4552.31 4368.21 4351.79 4510.77 4324.62 4577.95 4341.54 1605 1732 3.666 0 0 0 0 
13 4016.92 4404.62 4277.44 4270.26 4731.79 4056.92 4508.72 4550.77 4365.64 4349.74 4501.03 4321.03 4578.97 4336.41 1605 1735 3.666 0 0 0 0 
14 4015.38 4403.59 4274.87 4263.59 4727.69 4056.41 4511.28 4547.18 4358.97 4343.59 4499.49 4323.59 4577.95 4334.36 1606 1733 3.681 0 0 0 0 
15 4016.41 4403.08 4276.41 4263.59 4729.23 4054.87 4506.15 4550.26 4360.51 4349.23 4505.13 4325.64 4575.9 4339.49 1606 1734 3.681 0 0 0 0 
16 4017.95 4402.56 4276.41 4264.1 4727.18 4047.18 4497.95 4543.59 4362.56 4355.9 4506.15 4323.59 4580.51 4343.08 1606 1733 3.697 0 0 0 0 
17 4018.46 4402.56 4277.44 4260 4723.08 4044.1 4496.92 4534.87 4358.97 4350.26 4505.64 4327.69 4582.56 4345.64 1606 1734 3.697 0 0 0 0 
18 4020.51 4402.56 4280 4262.56 4722.05 4042.56 4494.87 4536.92 4355.9 4346.15 4504.1 4329.74 4575.9 4345.13 1606 1734 3.712 0 0 0 0 
19 4020.51 4398.46 4272.82 4261.54 4720.51 4037.44 4488.21 4538.97 4356.92 4344.62 4502.05 4320 4572.82 4338.46 1605 1736 3.712 0 0 0 0 
20 4021.54 4393.33 4264.62 4250.26 4718.46 4036.41 4488.72 4539.49 4361.54 4345.13 4502.56 4317.95 4575.38 4333.85 1606 1735 3.728 0 0 0 0 
21 4028.21 4395.38 4267.69 4250.26 4722.05 4040.51 4493.33 4545.13 4364.62 4352.31 4503.59 4325.13 4575.9 4338.46 1604 1735 3.728 0 0 0 0 
22 4035.38 4397.95 4268.72 4258.46 4724.1 4045.13 4499.49 4547.69 4363.59 4358.97 4507.69 4323.08 4577.95 4344.1 1605 1736 3.744 0 0 0 0 
23 4038.97 4397.95 4266.15 4263.59 4721.54 4049.23 4504.62 4550.77 4366.67 4359.49 4510.26 4322.56 4586.15 4345.64 1604 1735 3.744 0 0 0 0 
24 4048.72 4401.54 4270.26 4266.15 4727.69 4048.21 4502.05 4552.82 4369.74 4360 4506.67 4331.79 4588.72 4348.21 1604 1736 3.759 0 0 0 0 
25 4060 4403.08 4271.79 4265.13 4732.31 4044.62 4503.08 4538.46 4361.03 4354.87 4504.1 4329.74 4583.08 4346.15 1605 1734 3.759 0 0 0 0 
26 4062.56 4398.97 4267.69 4260 4724.62 4047.69 4508.72 4527.69 4355.9 4349.23 4504.62 4321.03 4580.51 4342.05 1603 1735 3.775 0 0 0 0 
27 4066.15 4398.46 4266.15 4262.05 4726.15 4049.23 4504.62 4538.46 4366.67 4357.44 4505.64 4325.13 4586.15 4345.64 1605 1733 3.775 0 0 0 0 
28 4076.41 4403.59 4267.18 4269.23 4733.85 4045.13 4501.03 4548.21 4371.79 4362.05 4512.31 4332.31 4592.31 4350.26 1603 1733 3.79 0 0 0 0 
29 4082.05 4402.56 4264.1 4261.54 4728.21 4040.51 4501.54 4536.41 4357.95 4350.26 4507.69 4324.62 4584.62 4339.49 1604 1733 3.79 0 0 0 0 
30 4083.59 4400.51 4259.49 4253.33 4719.49 4034.36 4493.85 4526.15 4349.23 4344.1 4496.92 4317.95 4574.36 4330.26 1604 1732 3.806 0 0 0 0 
31 4095.9 4403.59 4263.59 4262.56 4726.67 4034.87 4487.69 4536.41 4361.54 4354.87 4507.69 4324.62 4585.13 4343.59 1604 1733 3.806 0 0 0 0 
32 4110.77 4405.13 4268.21 4267.69 4735.38 4042.05 4493.85 4537.44 4367.18 4360.51 4514.36 4328.21 4594.87 4352.31 1605 1732 3.822 0 0 0 0 
33 4116.41 4402.05 4266.67 4254.87 4729.74 4041.54 4497.95 4520.51 4361.03 4354.36 4502.56 4322.56 4587.18 4341.03 1605 1733 3.822 0 0 0 0 
34 4127.69 4400.51 4267.69 4254.87 4725.64 4036.92 4494.87 4515.9 4361.54 4351.79 4502.56 4322.05 4582.05 4336.92 1605 1732 3.837 0 0 0 0 
35 4143.08 4402.05 4273.33 4269.74 4728.72 4037.95 4489.23 4520.51 4365.64 4353.33 4515.9 4325.64 4586.67 4344.62 1605 1734 3.837 0 0 0 0 
36 4153.33 4400.51 4275.9 4270.26 4731.28 4038.97 4490.26 4519.49 4368.72 4354.87 4514.87 4325.64 4589.74 4346.67 1607 1732 3.853 0 0 0 0 
37 4164.1 4395.9 4275.9 4263.08 4731.79 4041.54 4504.1 4522.56 4372.82 4355.9 4507.69 4327.18 4588.72 4343.59 1606 1734 3.853 0 0 0 0 
38 4172.82 4395.38 4278.46 4266.67 4732.31 4043.08 4508.21 4523.59 4372.31 4354.87 4508.72 4327.69 4585.13 4344.62 1607 1733 3.868 0 0 0 0 
39 4172.82 4392.82 4274.87 4265.13 4730.77 4036.41 4494.36 4512.82 4363.59 4348.72 4506.67 4321.03 4580.51 4339.49 1606 1733 3.868 0 0 0 0 
40 4174.36 4387.69 4268.21 4253.85 4731.79 4030.77 4490.26 4508.72 4360 4342.56 4503.59 4318.46 4581.03 4332.82 1607 1733 3.884 0 0 0 0 
41 4189.74 4393.85 4275.9 4259.49 4738.46 4038.97 4504.1 4523.59 4370.26 4349.74 4512.31 4328.21 4589.23 4342.56 1606 1733 3.884 0 0 0 0 
42 4202.56 4403.59 4286.67 4272.82 4739.49 4045.13 4508.21 4533.33 4379.49 4358.97 4518.97 4335.38 4595.38 4354.36 1606 1734 3.9 0 0 0 0 
43 4202.05 4402.05 4281.03 4267.69 4732.82 4037.95 4497.44 4526.67 4370.77 4350.77 4511.79 4326.67 4589.23 4347.69 1606 1733 3.9 0 0 0 0 
44 4200.51 4396.41 4273.33 4261.03 4732.31 4033.33 4496.92 4523.59 4358.46 4338.46 4500.51 4321.54 4581.03 4340.51 1607 1734 3.915 0 0 0 0 
45 4205.64 4396.41 4276.92 4262.05 4734.36 4036.41 4504.1 4532.31 4360 4340.51 4504.1 4330.77 4580 4344.62 1606 1733 3.915 0 0 0 0 
46 4211.28 4400.51 4278.97 4262.05 4734.36 4036.41 4503.59 4535.9 4364.62 4347.18 4513.85 4332.31 4587.18 4346.15 1606 1734 3.931 0 0 0 0 
47 4218.97 4405.13 4278.46 4264.1 4738.46 4035.38 4502.05 4538.97 4367.18 4350.26 4513.33 4327.18 4597.95 4349.23 1605 1733 3.931 0 0 0 0 
48 4225.64 4407.69 4283.08 4270.77 4743.59 4037.95 4507.18 4546.15 4374.36 4353.85 4510.77 4328.21 4598.97 4356.92 1604 1734 3.946 0 0 0 0 
49 4226.15 4408.21 4288.72 4275.38 4742.56 4039.49 4510.77 4544.1 4376.41 4356.41 4515.9 4332.82 4591.79 4359.49 1606 1733 3.946 0 0 0 0 
50 4226.67 4409.74 4287.18 4274.36 4737.44 4036.41 4507.69 4536.41 4371.28 4356.92 4517.95 4334.36 4595.38 4357.95 1604 1733 3.962 0 0 0 0 
51 4231.28 4410.26 4281.54 4270.26 4739.49 4036.92 4510.77 4543.08 4372.82 4357.95 4512.82 4331.28 4604.62 4357.95 1605 1733 3.962 0 0 0 0 
52 4232.82 4405.13 4281.03 4267.18 4742.05 4042.56 4521.03 4553.33 4378.46 4361.03 4511.28 4327.69 4603.59 4357.44 1605 1733 3.978 0 0 0 0 
53 4235.38 4405.64 4284.1 4272.82 4744.62 4045.64 4525.64 4549.74 4377.44 4366.67 4515.9 4329.23 4601.03 4359.49 1604 1733 3.978 0 0 0 0 
54 4244.62 4411.79 4287.18 4278.97 4753.33 4045.64 4523.08 4544.62 4379.49 4373.85 4518.97 4335.38 4609.74 4363.59 1604 1733 3.993 0 0 0 0 
55 4249.23 4410.26 4287.18 4276.41 4755.9 4045.64 4523.59 4549.23 4385.64 4374.87 4514.87 4334.36 4608.72 4363.08 1604 1734 3.993 0 0 0 0 
56 4245.64 4406.67 4284.1 4271.79 4748.21 4044.62 4527.18 4552.82 4383.59 4369.74 4510.26 4327.69 4600 4360.51 1604 1732 4.009 0 0 0 0 
57 4244.62 4409.23 4284.1 4272.31 4746.67 4043.59 4524.62 4553.33 4382.05 4369.23 4509.74 4327.18 4606.15 4361.54 1603 1734 4.009 0 0 0 0 
58 4248.21 4411.28 4287.18 4275.9 4754.36 4045.13 4523.08 4553.85 4386.67 4372.82 4509.74 4333.33 4613.33 4363.08 1604 1732 4.024 0 0 0 0 
59 4246.15 4404.1 4285.64 4270.77 4751.28 4046.67 4536.92 4557.95 4384.1 4368.21 4509.74 4333.33 4603.08 4358.97 1605 1733 4.024 0 0 0 0 
60 4236.92 4397.44 4277.95 4258.46 4741.03 4043.08 4540.51 4562.05 4375.38 4360 4510.77 4322.56 4593.33 4352.31 1605 1733 4.04 0 0 0 0 
61 4236.92 4396.41 4274.87 4257.95 4741.03 4039.49 4529.23 4560.51 4377.44 4361.03 4511.79 4322.56 4601.03 4353.33 1605 1733 4.04 0 0 0 0 
62 4246.67 4399.49 4280.51 4267.69 4747.69 4042.05 4527.69 4556.92 4382.56 4364.1 4511.28 4333.33 4610.26 4362.05 1605 1732 4.056 0 0 0 0 
63 4250.26 4403.59 4286.15 4271.28 4752.31 4042.56 4528.72 4555.38 4379.49 4362.05 4511.28 4335.38 4610.26 4365.64 1605 1733 4.056 0 0 0 0 
64 4246.15 4407.18 4287.18 4271.79 4756.41 4042.56 4529.74 4557.95 4380 4364.62 4513.33 4331.79 4610.77 4365.13 1605 1732 4.071 0 0 0 0 
65 4243.08 4408.72 4284.62 4271.79 4758.46 4045.13 4537.44 4562.56 4383.08 4366.67 4510.77 4330.26 4606.15 4364.62 1605 1733 4.071 0 0 0 0 
66 4237.44 4403.08 4277.95 4264.1 4753.85 4048.21 4536.41 4562.05 4377.44 4356.92 4502.05 4325.13 4592.82 4358.46 1605 1732 4.087 0 0 0 0 
67 4229.23 4398.97 4272.31 4257.44 4749.74 4046.67 4529.23 4556.92 4373.85 4347.69 4498.97 4321.54 4587.69 4351.79 1604 1733 4.087 0 0 0 0 
68 4223.08 4397.44 4268.21 4252.82 4747.18 4039.49 4529.74 4552.31 4375.9 4347.69 4500.51 4322.56 4589.74 4347.69 1606 1732 4.102 0 0 0 0 
69 4222.05 4396.41 4266.67 4247.18 4744.1 4033.85 4529.23 4549.74 4374.36 4349.23 4500.51 4321.03 4589.74 4346.67 1604 1731 4.102 0 0 0 0 
70 4227.18 4402.05 4269.74 4248.72 4746.15 4033.85 4528.21 4549.74 4372.31 4352.82 4504.62 4322.56 4593.33 4352.82 1605 1734 4.118 0 0 0 0 
71 4225.13 4404.62 4270.26 4249.74 4745.64 4030.77 4533.85 4551.79 4371.28 4351.28 4504.1 4325.64 4591.79 4354.36 1604 1733 4.118 0 0 0 0 
72 4218.46 4404.1 4270.77 4250.26 4743.59 4024.1 4532.31 4550.26 4368.72 4348.72 4503.59 4324.1 4591.79 4353.33 1604 1733 4.134 0 0 0 0 
73 4220.51 4404.62 4274.36 4254.36 4747.18 4024.1 4524.1 4543.08 4367.18 4352.31 4510.26 4323.59 4598.97 4358.97 1603 1733 4.134 0 0 0 0 
74 4218.97 4403.08 4273.33 4254.36 4749.23 4026.67 4524.62 4538.46 4362.05 4351.28 4505.64 4327.69 4597.44 4359.49 1604 1734 4.149 0 0 0 0 
75 4206.15 4401.03 4267.18 4245.64 4744.62 4020 4526.15 4533.85 4354.36 4341.54 4496.92 4326.15 4589.23 4349.23 1604 1732 4.149 0 0 0 0 
76 4197.44 4398.97 4266.15 4240.51 4741.54 4008.72 4516.92 4532.31 4351.28 4335.9 4503.59 4322.05 4587.18 4345.64 1603 1734 4.165 0 0 0 0 
77 4192.82 4395.9 4266.15 4237.44 4743.59 4007.18 4509.74 4538.46 4355.38 4337.44 4510.26 4324.62 4582.05 4349.23 1604 1733 4.165 0 0 0 0 
78 4185.13 4393.85 4258.46 4231.28 4737.95 4007.69 4508.72 4538.46 4351.79 4333.85 4504.1 4322.56 4579.49 4345.13 1603 1733 4.18 0 0 0 0 
79 4175.38 4388.72 4250.26 4227.18 4726.15 4003.59 4511.79 4535.9 4343.59 4325.64 4496.92 4313.85 4579.49 4335.9 1604 1733 4.18 0 0 0 0 
80 4163.08 4377.44 4247.18 4218.97 4726.15 4002.56 4513.33 4539.49 4346.15 4320.51 4497.44 4311.79 4562.56 4327.69 1604 1733 4.196 0 0 0 0 
81 4156.41 4374.87 4249.23 4215.38 4734.36 4003.59 4509.74 4543.08 4356.41 4327.69 4505.13 4318.97 4563.08 4330.26 1605 1734 4.196 0 0 0 0 
82 4162.05 4383.08 4253.85 4221.03 4737.44 4006.15 4506.67 4539.49 4357.95 4338.97 4509.23 4325.13 4593.85 4344.62 1604 1732 4.212 0 0 0 0 
83 4159.49 4383.08 4249.23 4216.41 4730.26 4003.59 4506.15 4530.26 4342.05 4327.69 4498.97 4318.46 4592.82 4344.1 1603 1734 4.212 0 0 0 0 
84 4147.18 4377.95 4244.1 4208.72 4724.62 3993.33 4504.62 4528.72 4334.36 4311.79 4494.36 4309.74 4566.67 4331.79 1605 1733 4.227 0 0 0 0 
85 4148.21 4384.1 4248.21 4213.85 4730.77 3992.82 4505.64 4536.41 4346.15 4323.08 4501.03 4315.9 4571.79 4333.85 1604 1733 4.227 0 0 0 0 
86 4153.85 4390.77 4252.82 4220.51 4736.41 4002.05 4506.15 4535.9 4351.79 4332.82 4503.08 4323.08 4584.62 4340.51 1604 1734 4.243 0 0 0 0 
87 4147.18 4390.26 4251.79 4218.97 4732.31 4000.51 4502.56 4526.67 4344.1 4322.05 4503.59 4318.97 4578.46 4336.92 1604 1734 4.243 0 0 0 0 
88 4140 4387.69 4248.72 4215.9 4728.21 3992.31 4501.03 4524.1 4340.51 4314.36 4500 4317.44 4572.31 4334.36 1605 1734 4.258 0 0 0 0 
89 4137.44 4382.05 4245.13 4211.28 4728.21 3992.31 4504.62 4524.62 4338.97 4314.36 4494.36 4318.46 4567.18 4331.79 1603 1734 4.258 0 0 0 0 
90 4134.36 4378.46 4242.56 4209.74 4726.67 3994.87 4507.18 4524.1 4331.79 4309.74 4495.38 4312.31 4559.49 4325.13 1604 1734 4.274 0 0 0 0 
91 4137.95 4385.13 4245.64 4214.36 4728.72 3994.36 4505.64 4527.69 4333.33 4309.74 4495.9 4313.85 4562.05 4327.69 1603 1733 4.274 0 0 0 0 
92 4145.13 4389.74 4250.26 4220.51 4733.85 3992.82 4506.15 4535.9 4344.1 4321.03 4496.41 4322.05 4570.26 4334.87 1602 1734 4.29 0 0 0 0 
93 4138.97 4379.49 4246.67 4220.51 4731.79 3990.77 4509.23 4542.05 4347.18 4323.08 4501.54 4317.95 4566.67 4329.23 1603 1734 4.29 0 0 0 0 
94 4128.21 4372.82 4239.49 4210.77 4727.18 3988.21 4507.69 4539.49 4341.54 4316.41 4500 4310.77 4562.05 4322.56 1601 1735 4.305 0 0 0 0 
95 4128.21 4376.41 4237.44 4203.08 4725.13 3989.74 4508.72 4533.33 4339.49 4315.38 4491.28 4313.85 4563.59 4325.13 1602 1733 4.305 0 0 0 0 
96 4125.64 4373.85 4233.85 4195.38 4717.44 3986.67 4512.31 4529.23 4334.36 4309.23 4489.74 4312.82 4559.49 4320 1601 1734 4.321 0 0 0 0 
97 4117.44 4365.13 4229.74 4188.72 4710.26 3976.41 4509.74 4525.13 4325.64 4295.9 4491.79 4306.15 4549.74 4309.23 1601 1733 4.321 0 0 0 0 
98 4117.44 4366.15 4232.31 4194.36 4711.28 3970.77 4506.15 4516.92 4322.05 4290.77 4490.77 4307.18 4545.64 4310.26 1601 1733 4.336 0 0 0 0 
99 4120.51 4371.28 4234.87 4198.46 4715.38 3975.38 4506.67 4509.23 4321.54 4297.44 4492.82 4312.31 4551.79 4316.41 1602 1733 4.336 0 0 0 0 
100 4119.49 4371.28 4231.28 4194.87 4716.41 3976.92 4500.51 4509.74 4320.51 4303.08 4493.33 4311.28 4556.92 4314.36 1601 1734 4.352 0 0 0 0 
101 4114.36 4368.21 4226.15 4192.31 4706.67 3965.13 4489.23 4508.21 4313.33 4289.74 4485.13 4304.1 4544.62 4305.64 1601 1734 4.352 0 0 0 0 
102 4109.23 4364.1 4221.54 4186.67 4700.51 3956.92 4486.67 4501.03 4305.64 4276.41 4480 4303.08 4533.85 4302.56 1601 1733 4.368 0 0 0 0 
103 4106.67 4363.59 4220 4176.92 4703.08 3958.46 4489.74 4502.56 4309.23 4284.1 4487.69 4311.28 4541.54 4309.74 1601 1735 4.368 0 0 0 0 
104 4108.72 4366.67 4221.54 4180.51 4698.97 3959.49 4490.26 4509.23 4315.38 4291.79 4492.31 4313.85 4542.56 4315.38 1601 1733 4.383 0 0 0 0 
105 4111.79 4364.1 4225.13 4187.69 4696.92 3958.46 4493.85 4510.26 4313.33 4286.15 4486.67 4310.77 4532.82 4310.26 1601 1734 4.383 0 0 0 0 
106 4107.18 4354.36 4220 4176.41 4701.03 3955.9 4497.95 4506.15 4301.54 4274.87 4481.03 4307.69 4526.15 4300.51 1601 1733 4.399 0 0 0 0 
107 4098.97 4352.82 4213.85 4167.69 4696.92 3954.87 4494.87 4503.59 4293.85 4266.67 4480 4308.72 4522.05 4299.49 1601 1733 4.399 0 0 0 0 
108 4101.03 4362.56 4219.49 4181.54 4690.77 3956.92 4489.74 4507.18 4299.49 4271.79 4483.08 4315.9 4526.15 4304.62 1601 1733 4.414 0 0 0 0 
109 4109.23 4369.23 4225.13 4187.69 4698.46 3958.97 4491.79 4513.85 4305.13 4278.46 4486.15 4316.92 4532.31 4305.13 1601 1733 4.414 0 0 0 0 
110 4105.13 4367.18 4220 4176.92 4701.54 3958.97 4498.46 4513.85 4301.54 4270.77 4479.49 4308.72 4524.1 4301.54 1601 1733 4.43 0 0 0 0 
111 4096.92 4364.1 4215.9 4172.82 4690.77 3956.92 4493.85 4503.08 4295.38 4263.59 4477.44 4304.62 4515.38 4302.56 1600 1733 4.43 0 0 0 0 
112 4098.46 4366.15 4216.92 4176.41 4689.74 3949.74 4486.15 4495.9 4294.87 4267.69 4489.23 4309.23 4518.97 4304.1 1601 1733 4.446 0 0 0 0 
113 4099.49 4366.67 4217.44 4175.9 4696.41 3946.67 4485.64 4499.49 4297.44 4274.36 4494.87 4308.72 4522.05 4302.05 1601 1733 4.446 0 0 0 0 
114 4095.38 4361.03 4214.87 4171.28 4695.38 3948.21 4479.49 4504.1 4298.46 4277.95 4489.23 4302.56 4522.56 4301.54 1602 1732 4.461 0 0 0 0 
115 4094.36 4359.49 4216.41 4174.36 4692.31 3947.18 4475.9 4501.03 4296.41 4272.82 4483.59 4304.1 4522.56 4301.54 1602 1732 4.461 0 0 0 0 
116 4096.41 4359.49 4220 4180.51 4691.79 3944.62 4485.13 4495.38 4293.85 4261.54 4481.03 4307.18 4517.44 4298.97 1603 1732 4.477 0 0 0 0 
117 4095.38 4357.44 4217.95 4174.87 4687.18 3944.62 4487.18 4497.44 4295.38 4264.1 4484.62 4305.64 4514.87 4296.92 1603 1732 4.477 0 0 0 0 
118 4092.82 4360.51 4218.97 4169.74 4689.23 3948.21 4486.67 4509.23 4304.62 4281.03 4491.28 4308.21 4519.49 4299.49 1604 1732 4.492 0 0 0 0 
119 4089.74 4361.54 4222.56 4174.36 4700 3953.33 4496.41 4515.9 4312.31 4286.67 4488.72 4309.23 4518.97 4299.49 1603 1732 4.492 0 0 0 0 
120 4088.72 4355.9 4220 4177.95 4702.05 3951.79 4498.46 4508.21 4305.64 4274.87 4484.62 4303.08 4515.9 4293.33 1604 1732 4.508 0 0 0 0 
121 4092.82 4355.38 4219.49 4176.92 4695.38 3946.15 4495.9 4504.62 4298.46 4267.18 4484.62 4302.56 4517.44 4291.28 1603 1731 4.508 0 0 0 0 
122 4090.77 4356.41 4224.1 4176.92 4692.82 3945.13 4498.97 4512.31 4301.54 4269.23 4484.1 4308.72 4514.36 4293.33 1603 1733 4.524 0 0 0 0 
123 4084.1 4354.87 4223.08 4178.46 4693.85 3946.15 4499.49 4511.28 4299.49 4269.23 4483.59 4310.77 4509.74 4294.36 1604 1731 4.524 0 0 0 0 
124 4085.13 4355.9 4222.05 4180 4696.41 3946.67 4501.03 4505.64 4296.41 4267.18 4486.15 4309.74 4514.36 4293.85 1602 1733 4.539 0 0 0 0 
125 4089.23 4357.44 4227.18 4183.08 4699.49 3949.74 4506.15 4509.23 4301.54 4268.72 4490.26 4309.23 4521.03 4296.92 1604 1732 4.539 0 0 0 0 
126 4090.77 4363.08 4229.23 4183.59 4702.56 3948.72 4501.54 4510.77 4304.1 4271.28 4488.21 4309.23 4521.54 4298.97 1603 1732 4.555 0 0 0 0 
127 4094.36 4370.77 4229.23 4186.67 4702.56 3944.62 4496.92 4503.59 4300 4272.31 4483.08 4311.28 4520.51 4298.97 1604 1733 4.555 0 0 0 0 
128 4097.44 4366.67 4230.77 4193.33 4699.49 3945.64 4505.64 4503.59 4298.46 4271.79 4488.72 4314.36 4520.51 4304.1 1603 1733 4.57 0 0 0 0 
0 4092.31 4356.41 4228.72 4191.79 4692.31 3942.56 4508.72 4504.62 4295.38 4263.08 4492.82 4314.36 4516.92 4306.67 1604 1734 4.57 0 0 0 0 
1 4092.82 4360 4231.28 4194.87 4690.26 3936.92 4501.54 4501.03 4295.38 4264.1 4487.69 4317.95 4523.59 4307.18 1603 1734 4.586 0 0 0 0 
2 4103.08 4371.79 4243.59 4205.13 4697.44 3943.59 4501.54 4505.13 4307.18 4281.03 4493.33 4324.1 4541.54 4316.41 1604 1734 4.586 0 0 0 0 
3 4108.21 4372.82 4250.26 4207.18 4698.46 3952.82 4512.31 4507.18 4309.74 4281.03 4500.51 4325.13 4541.03 4326.15 1604 1733 4.602 0 0 0 0 
4 4110.77 4368.21 4248.21 4202.56 4695.38 3950.26 4520 4497.44 4297.44 4266.15 4491.28 4324.1 4528.72 4332.82 1604 1734 4.602 0 0 0 0 
5 4124.62 4373.33 4248.72 4205.13 4695.38 3941.54 4511.79 4490.26 4294.87 4263.08 4489.23 4324.1 4529.74 4343.08 1605 1732 4.617 0 0 0 0 
6 4143.08 4386.15 4256.41 4212.82 4697.44 3939.49 4503.08 4490.77 4300.51 4267.69 4498.97 4323.08 4543.08 4355.9 1604 1733 4.617 0 0 0 0 
7 4152.82 4395.38 4259.49 4219.49 4695.38 3941.03 4510.77 4489.74 4297.44 4265.64 4498.97 4324.1 4554.87 4369.74 1606 1733 4.633 0 0 0 0 
8 4162.05 4401.03 4255.9 4225.13 4693.85 3935.38 4516.41 4487.69 4290.77 4262.05 4493.33 4323.08 4559.49 4381.54 1605 1732 4.633 0 0 0 0 
9 4174.36 4407.18 4257.95 4230.77 4696.41 3932.31 4510.26 4487.18 4287.69 4258.46 4497.44 4319.49 4557.95 4385.64 1606 1733 4.648 0 0 0 0 
10 4183.08 4415.9 4267.18 4238.46 4701.03 3938.97 4507.69 4488.21 4291.28 4261.54 4500.51 4325.64 4566.67 4395.9 1606 1732 4.648 0 0 0 0 
11 4184.1 4417.95 4272.31 4241.03 4706.15 3940 4511.79 4487.69 4298.46 4275.38 4499.49 4332.31 4580 4408.21 1606 1732 4.664 0 0 0 0 
12 4178.97 4408.21 4267.69 4234.87 4707.18 3933.33 4512.82 4487.69 4301.03 4277.95 4497.95 4324.62 4572.31 4401.54 1606 1731 4.664 0 0 0 0 
13 4170.77 4398.46 4261.03 4226.15 4701.54 3930.77 4512.82 4483.59 4293.85 4264.62 4495.38 4321.03 4553.85 4387.18 1605 1731 4.68 0 0 0 0 
14 4165.13 4396.92 4260.51 4227.69 4696.92 3936.41 4518.46 4484.1 4292.82 4263.08 4496.41 4328.21 4553.33 4387.69 1605 1730 4.68 0 0 0 0 
15 4164.1 4403.08 4268.21 4236.92 4704.62 3945.13 4526.67 4498.97 4307.18 4280.51 4501.54 4327.69 4565.13 4391.28 1604 1731 4.695 0 0 0 0 
16 4158.46 4403.08 4267.18 4241.03 4710.77 3947.18 4530.26 4504.62 4309.23 4286.15 4500.51 4319.49 4566.15 4381.54 1605 1730 4.695 0 0 0 0 
17 4147.69 4394.87 4254.87 4235.38 4705.13 3941.54 4528.72 4501.03 4303.59 4278.97 4494.87 4314.87 4557.44 4369.23 1604 1731 4.711 0 0 0 0 
18 4140.51 4392.31 4246.15 4227.69 4701.03 3936.92 4525.64 4501.54 4305.64 4277.95 4494.36 4315.9 4554.36 4362.56 1605 1731 4.711 0 0 0 0 
19 4136.92 4397.95 4244.62 4228.72 4705.13 3941.03 4536.92 4504.62 4309.23 4281.54 4497.95 4314.36 4558.97 4361.54 1603 1731 4.726 0 0 0 0 
20 4135.9 4396.41 4248.72 4235.38 4711.79 3955.38 4563.59 4513.33 4314.36 4290.26 4497.95 4313.33 4560 4362.56 1604 1732 4.726 0 0 0 0 
21 4134.87 4388.72 4250.77 4238.46 4714.36 3957.44 4563.08 4520 4322.05 4294.36 4493.33 4316.41 4553.85 4359.49 1603 1730 4.742 0 0 0 0 
22 4131.28 4390.77 4249.23 4236.41 4712.82 3946.15 4540.51 4514.36 4319.49 4290.26 4493.85 4318.97 4554.87 4355.9 1603 1731 4.742 0 0 0 0 
23 4125.64 4390.26 4249.23 4233.85 4705.13 3945.13 4541.54 4507.18 4309.74 4289.74 4498.46 4317.95 4558.97 4353.85 1603 1730 4.758 0 0 0 0 
24 4127.69 4381.54 4257.44 4232.31 4701.03 3953.33 4550.77 4511.79 4315.9 4297.44 4496.41 4319.49 4556.41 4353.33 1603 1731 4.758 0 0 0 0 
25 4133.33 4381.54 4263.59 4235.38 4705.13 3953.85 4544.1 4520.51 4330.77 4303.08 4496.41 4327.18 4556.92 4357.95 1604 1730 4.773 0 0 0 0 
26 4131.28 4385.13 4257.95 4240 4708.21 3952.82 4542.05 4521.03 4330.77 4302.56 4505.13 4327.69 4560 4358.97 1604 1731 4.773 0 0 0 0 
27 4125.13 4378.46 4250.77 4235.9 4705.13 3954.87 4550.26 4513.85 4319.49 4294.36 4501.54 4318.46 4550.26 4348.21 1605 1730 4.789 0 0 0 0 
28 4123.08 4370.26 4250.77 4230.77 4702.56 3959.49 4558.97 4513.85 4315.38 4287.69 4489.23 4313.33 4537.44 4337.44 1604 1730 4.789 0 0 0 0 
29 4122.05 4369.23 4249.23 4227.18 4703.08 3961.03 4564.1 4526.67 4323.08 4295.9 4493.33 4311.79 4541.54 4334.36 1605 1730 4.804 0 0 0 0 
30 4120 4368.21 4242.56 4223.08 4699.49 3952.82 4558.97 4528.21 4325.13 4299.49 4499.49 4307.69 4545.13 4329.74 1603 1729 4.804 0 0 0 0 
31 4121.54 4370.26 4243.08 4229.74 4697.44 3943.59 4549.23 4517.95 4318.46 4290.77 4494.87 4309.74 4543.08 4328.72 1604 1730 4.82 0 0 0 0 
32 4130.26 4376.92 4249.74 4239.49 4703.08 3945.64 4549.74 4518.46 4317.95 4293.33 4497.95 4317.44 4552.82 4337.44 1603 1728 4.82 0 0 0 0 
33 4136.92 4378.46 4251.28 4236.92 4710.77 3950.77 4560 4522.05 4322.05 4302.56 4503.08 4316.41 4557.44 4342.05 1603 1729 4.836 0 0 0 0 
34 4140.51 4381.03 4250.26 4237.95 4714.87 3955.38 4564.62 4526.15 4328.21 4305.64 4498.46 4311.79 4550.26 4339.49 1603 1728 4.836 0 0 0 0 
35 4146.15 4383.08 4251.79 4244.62 4712.82 3958.46 4560 4530.77 4333.33 4307.69 4499.49 4315.38 4554.87 4341.03 1602 1728 4.851 0 0 0 0 
36 4145.13 4377.44 4251.79 4237.44 4707.69 3956.41 4559.49 4529.23 4330.26 4308.72 4502.56 4319.49 4558.46 4343.59 1602 1728 4.851 0 0 0 0 
37 4139.49 4375.38 4249.74 4228.21 4708.72 3957.95 4569.23 4529.23 4328.72 4305.13 4497.95 4320 4550.77 4341.54 1601 1728 4.867 0 0 0 0 
38 4141.03 4377.44 4247.18 4227.18 4713.33 3962.56 4570.77 4532.31 4331.28 4301.54 4494.36 4317.95 4548.72 4337.44 1601 1728 4.867 0 0 0 0 
39 4141.03 4370.77 4243.08 4224.62 4707.69 3952.82 4555.9 4527.18 4323.08 4294.36 4492.82 4311.79 4547.18 4330.77 1602 1728 4.882 0 0 0 0 
40 4136.41 4367.69 4242.56 4227.18 4705.64 3949.23 4557.44 4521.54 4315.9 4291.28 4491.28 4308.72 4544.1 4327.18 1601 1728 4.882 0 0 0 0 
41 4135.9 4371.28 4240.51 4227.18 4712.31 3963.08 4580.51 4524.62 4318.97 4293.33 4491.79 4309.74 4542.05 4327.69 1602 1729 4.898 0 0 0 0 
42 4134.36 4371.79 4236.92 4219.49 4713.85 3968.21 4587.18 4531.79 4323.08 4292.82 4495.9 4309.23 4538.97 4327.18 1601 1728 4.898 0 0 0 0 
43 4132.82 4377.95 4239.49 4223.59 4711.79 3954.87 4564.1 4541.54 4328.21 4298.46 4497.44 4311.28 4545.13 4330.26 1601 1728 4.914 0 0 0 0 
44 4135.38 4385.13 4241.03 4231.79 4717.95 3947.69 4549.74 4542.05 4335.9 4312.31 4497.95 4313.85 4556.92 4334.87 1602 1728 4.914 0 0 0 0 
45 4137.44 4384.1 4242.56 4235.38 4726.15 3958.46 4568.21 4541.54 4342.05 4319.49 4503.08 4314.36 4562.56 4341.03 1602 1728 4.929 0 0 0 0 
46 4138.46 4383.08 4247.69 4240 4724.62 3963.08 4578.97 4547.69 4343.59 4313.33 4504.1 4313.85 4560.51 4345.64 1603 1727 4.929 0 0 0 0 
47 4138.46 4384.1 4249.74 4241.03 4720 3954.87 4565.13 4547.69 4343.08 4307.69 4493.85 4311.79 4557.95 4347.69 1602 1728 4.945 0 0 0 0 
48 4137.95 4383.59 4252.31 4240.51 4720.51 3954.36 4565.13 4541.54 4343.59 4316.41 4495.9 4314.87 4564.1 4352.31 1604 1729 4.945 0 0 0 0 
49 4141.54 4385.64 4258.46 4243.59 4724.1 3965.13 4583.08 4543.59 4345.13 4323.59 4507.18 4324.1 4574.36 4360 1603 1727 4.96 0 0 0 0 
50 4145.64 4394.36 4262.56 4248.72 4730.26 3973.33 4589.23 4555.38 4349.74 4320 4505.13 4328.21 4573.33 4363.08 1604 1728 4.96 0 0 0 0 
51 4144.62 4401.03 4265.13 4252.31 4735.38 3972.82 4587.18 4561.03 4357.95 4323.08 4502.05 4328.72 4567.18 4364.62 1604 1727 4.976 0 0 0 0 
52 4143.59 4400 4268.72 4250.77 4729.23 3968.21 4589.74 4554.36 4353.85 4325.64 4503.59 4330.26 4568.21 4368.21 1604 1729 4.976 0 0 0 0 
53 4147.18 4398.97 4269.74 4251.28 4723.08 3969.23 4591.28 4551.79 4346.67 4320 4499.49 4330.77 4571.28 4373.33 1605 1728 4.992 0 0 0 0 
54 4150.77 4403.08 4269.23 4256.41 4728.21 3974.87 4590.26 4560.51 4355.38 4324.1 4502.05 4329.74 4571.79 4375.9 1605 1729 4.992 0 0 0 0 
55 4149.74 4404.62 4264.1 4258.46 4729.23 3972.31 4585.64 4569.74 4364.1 4334.36 4512.31 4327.18 4576.92 4374.36 1605 1730 5.007 0 0 0 0 
56 4144.1 4400.51 4258.97 4253.33 4726.15 3974.87 4588.72 4572.31 4362.56 4338.46 4512.82 4325.13 4583.59 4375.38 1605 1732 5.007 0 0 0 0 
57 4143.59 4404.1 4261.03 4257.44 4734.36 3990.26 4602.56 4576.92 4367.18 4344.62 4509.74 4328.72 4590.77 4379.49 1606 1731 5.023 0 0 0 0 
58 4151.28 4410.26 4265.13 4267.69 4745.13 3997.44 4608.72 4581.54 4375.38 4353.85 4513.85 4334.36 4596.92 4383.59 1604 1732 5.023 0 0 0 0 
59 4152.31 4405.13 4262.56 4263.59 4740.51 3996.92 4610.26 4582.56 4370.26 4347.69 4511.28 4330.26 4590.26 4380 1605 1732 5.038 0 0 0 0 
60 4144.1 4397.44 4253.33 4250.77 4729.74 4004.62 4619.49 4583.59 4364.62 4332.82 4501.54 4321.03 4570.77 4368.72 1605 1732 5.038 0 0 0 0 
61 4141.03 4398.46 4249.74 4250.26 4728.72 4006.67 4621.03 4584.62 4366.15 4330.77 4497.95 4319.49 4565.64 4363.59 1605 1732 5.054 0 0 0 0 
62 4145.13 4404.1 4257.95 4261.03 4733.85 4000 4613.33 4586.15 4371.28 4342.05 4506.67 4326.67 4580.51 4371.28 1605 1732 5.054 0 0 0 0 
63 4150.77 4412.31 4267.69 4267.69 4737.95 3997.44 4609.74 4589.23 4377.44 4354.36 4514.36 4331.28 4591.28 4378.46 1604 1733 5.07 0 0 0 0 
64 4154.36 4415.38 4265.64 4266.15 4732.82 3990.26 4598.46 4587.18 4374.87 4355.38 4509.23 4327.69 4588.72 4376.41 1605 1732 5.07 0 0 0 0 
65 4156.92 4414.87 4262.05 4266.67 4726.67 3983.59 4590.26 4584.62 4368.72 4352.82 4506.67 4326.15 4589.74 4375.9 1604 1734 5.085 0 0 0 0 
66 4158.46 4418.97 4266.15 4273.33 4734.87 3991.79 4603.59 4588.21 4371.28 4356.41 4513.85 4331.79 4595.9 4381.54 1604 1734 5.085 0 0 0 0 
67 4157.95 4423.08 4263.59 4275.9 4744.62 4005.13 4622.56 4590.26 4378.46 4358.97 4514.87 4334.36 4597.95 4382.56 1604 1733 5.101 0 0 0 0 
68 4160.51 4424.1 4262.05 4273.33 4743.08 4006.15 4622.05 4587.69 4378.97 4358.46 4509.74 4331.28 4602.56 4382.05 1603 1732 5.101 0 0 0 0 
69 4166.15 4430.26 4268.72 4275.9 4742.05 3996.92 4610.77 4583.59 4372.31 4355.9 4508.72 4328.72 4608.72 4386.67 1604 1733 5.116 0 0 0 0 
70 4166.15 4434.36 4272.82 4282.56 4745.64 3996.41 4608.72 4582.05 4376.41 4358.97 4512.82 4328.21 4607.69 4389.23 1605 1733 5.116 0 0 0 0 
71 4164.62 4430.77 4269.74 4284.62 4744.1 4002.56 4612.31 4588.21 4388.72 4366.67 4516.92 4330.77 4611.28 4389.23 1603 1733 5.132 0 0 0 0 
