121 4364.1 4414.87 4126.67 4209.23 4731.28 3917.95 4579.49 4564.62 4317.95 4292.82 4483.59 4298.46 4544.62 4374.36 1607 1734 0.14 0 0 0 0 
122 4375.38 4423.59 4128.21 4211.79 4729.23 3914.87 4576.92 4560.51 4313.85 4293.85 4482.56 4300 4548.72 4387.69 1607 1735 0.156 0 0 0 0 
123 4392.31 4429.23 4131.28 4215.9 4729.23 3913.33 4576.92 4556.92 4311.28 4290.77 4483.08 4300.51 4551.28 4401.54 1608 1736 0.156 0 0 0 0 
124 4404.62 4427.18 4133.33 4220 4727.18 3913.85 4577.95 4560.51 4315.38 4286.67 4482.05 4301.03 4551.79 4408.72 1608 1738 0.171 0 0 0 0 
125 4410.26 4436.92 4138.46 4225.13 4723.08 3913.85 4580 4566.15 4320 4290.77 4483.08 4305.13 4557.44 4417.44 1606 1741 0.171 0 0 0 0 
126 4421.54 4450.26 4144.62 4229.74 4724.1 3914.87 4583.59 4565.13 4317.95 4297.95 4485.13 4306.67 4565.13 4432.82 1607 1741 0.187 0 0 0 0 
127 4432.31 4451.28 4146.15 4233.33 4729.23 3915.38 4582.05 4562.05 4311.28 4294.87 4482.56 4303.59 4567.69 4440 1605 1741 0.187 0 0 0 0 
128 4435.38 4452.82 4150.26 4240.51 4730.77 3915.38 4578.97 4563.59 4311.28 4291.28 4483.08 4306.67 4571.79 4441.03 1606 1741 0.202 0 0 0 0 
0 4437.95 4456.92 4151.28 4243.59 4730.26 3919.49 4583.59 4568.72 4313.85 4294.87 4486.67 4311.79 4571.28 4442.56 1605 1740 0.202 0 0 0 0 
1 4435.38 4449.23 4140.51 4234.87 4729.23 3926.67 4596.92 4570.77 4308.21 4288.72 4484.1 4304.62 4558.46 4432.82 1603 1741 0.218 0 0 0 0 
2 4429.74 4442.56 4133.85 4233.85 4732.82 3930.26 4602.56 4576.92 4310.77 4285.64 4481.54 4299.49 4557.44 4426.15 1604 1739 0.218 0 0 0 0 
3 4430.77 4446.67 4138.97 4244.62 4737.44 3927.18 4589.23 4583.59 4326.15 4298.97 4483.59 4307.69 4573.33 4436.92 1603 1738 0.234 0 0 0 0 
4 4433.85 4450.77 4141.03 4247.69 4740.51 3927.69 4577.44 4576.92 4332.82 4310.26 4488.72 4313.85 4583.59 4441.03 1603 1735 0.234 0 0 0 0 
5 4426.15 4445.64 4135.9 4238.97 4736.41 3936.41 4590.26 4568.72 4328.72 4305.13 4487.69 4305.64 4571.79 4424.1 1603 1734 0.249 0 0 0 0 
6 4415.9 4439.49 4136.92 4231.79 4734.87 3942.56 4609.74 4577.95 4325.64 4300.51 4481.54 4297.44 4549.23 4408.21 1603 1733 0.249 0 0 0 0 
7 4417.44 4442.56 4147.69 4239.49 4744.1 3942.05 4597.95 4588.72 4332.82 4311.28 4485.64 4302.56 4556.41 4412.82 1602 1732 0.265 0 0 0 0 
8 4416.92 4443.59 4149.23 4242.56 4745.64 3936.92 4577.44 4581.54 4340 4317.44 4489.74 4305.64 4572.82 4409.23 1604 1730 0.265 0 0 0 0 
9 4401.03 4433.85 4133.85 4227.18 4736.41 3933.33 4581.54 4569.74 4330.77 4307.69 4478.97 4292.82 4552.82 4384.62 1601 1729 0.28 0 0 0 0 
10 4362.56 4401.03 4092.31 4184.1 4709.74 3898.97 4557.95 4541.03 4294.87 4274.87 4453.33 4258.46 4508.21 4345.13 1603 1730 0.28 0 0 0 0 
11 4266.67 4307.18 3988.21 4089.23 4628.72 3784.1 4451.79 4452.31 4208.21 4188.21 4371.28 4165.64 4433.33 4253.85 1603 1728 0.296 0 0 0 0 
12 4364.62 4406.67 4118.97 4209.23 4726.67 3906.67 4559.49 4558.97 4317.95 4294.87 4485.13 4300 4545.64 4353.33 1602 1729 0.296 0 0 0 0 
13 4564.62 4614.87 4338.46 4402.05 4898.97 4134.87 4738.46 4742.56 4506.15 4476.41 4692.82 4534.87 4706.67 4539.49 1602 1728 0.312 0 0 0 0 
14 4193.85 4240 3889.74 4020.51 4577.44 3718.97 4401.03 4387.69 4147.18 4137.95 4262.05 4062.05 4389.74 4182.56 1601 1728 0.312 0 0 0 0 
15 4763.08 4771.79 4573.33 4703.59 5144.1 4420 5081.54 4992.82 4764.62 4760.51 4835.9 4679.49 5011.79 4786.15 1601 1727 0.327 0 0 0 0 
16 6917.95 6884.62 6897.44 6958.97 7070.77 6853.33 7102.56 7026.15 6934.87 6914.36 6883.59 6901.54 7016.41 6935.9 1600 1728 0.327 0 0 0 0 
17 7209.74 7180 6809.74 7141.54 7265.64 7092.82 7121.54 7130.77 7200.51 7242.56 6698.46 6544.1 7243.08 7213.85 1600 1729 0.343 0 0 0 0 
18 5036.92 5048.72 4137.95 4837.95 5317.95 4623.59 4992.31 4982.05 4998.97 5111.28 4267.69 3604.1 5230.26 5037.44 1600 1730 0.343 0 0 0 0 
19 4069.23 4107.69 3288.72 3894.36 4492.82 3591.79 4233.33 4167.18 4012.31 4070.77 3644.1 2826.15 4313.85 4049.23 1600 1730 0.358 0 0 0 0 
20 4610.77 4652.31 4128.21 4464.1 4970.77 4206.67 4792.31 4755.38 4547.69 4532.82 4500.51 3910.26 4756.92 4572.82 1600 1731 0.358 0 0 0 0 
21 4482.56 4526.15 3992.82 4298.97 4840 4038.46 4630.77 4616.41 4422.56 4414.87 4358.46 3872.31 4630.77 4453.33 1602 1733 0.374 0 0 0 0 
22 4194.87 4243.08 3709.23 4004.1 4587.18 3724.1 4383.59 4348.21 4125.64 4120 4115.38 3638.97 4372.82 4164.62 1602 1732 0.374 0 0 0 0 
23 4365.64 4410.77 3972.31 4182.56 4734.36 3914.36 4553.33 4526.15 4285.13 4256.92 4385.13 3997.44 4510.77 4321.54 1603 1736 0.39 0 0 0 0 
24 4389.23 4427.69 4004.1 4196.92 4746.15 3921.03 4552.82 4536.92 4307.18 4280 4400.51 4066.67 4531.79 4346.67 1604 1735 0.39 0 0 0 0 
25 4397.44 4429.74 4011.79 4190.26 4737.95 3910.26 4540 4531.79 4298.97 4268.72 4408.21 4093.33 4525.13 4349.74 1604 1737 0.405 0 0 0 0 
26 4418.46 4441.03 4032.31 4198.46 4738.97 3915.38 4539.49 4536.41 4297.95 4272.82 4429.23 4140.51 4534.87 4373.33 1606 1739 0.405 0 0 0 0 
27 4415.9 4430.77 4024.1 4184.1 4722.56 3893.85 4523.59 4513.33 4272.31 4248.21 4421.03 4147.69 4522.05 4371.79 1606 1738 0.421 0 0 0 0 
28 4438.97 4448.72 4045.13 4193.33 4725.13 3893.33 4523.08 4522.05 4277.95 4244.1 4437.95 4181.54 4520 4385.13 1606 1738 0.421 0 0 0 0 
29 4446.15 4449.74 4043.59 4191.28 4716.92 3890.26 4517.95 4515.9 4273.85 4238.46 4436.41 4191.79 4515.38 4388.21 1606 1737 0.436 0 0 0 0 
30 4447.69 4444.1 4045.64 4187.69 4711.79 3901.54 4544.1 4510.26 4263.08 4227.18 4441.03 4200.51 4519.49 4393.33 1606 1737 0.436 0 0 0 0 
31 4443.59 4439.49 4043.08 4178.46 4703.59 3890.26 4543.59 4516.92 4254.87 4212.31 4441.03 4198.46 4510.26 4390.26 1606 1736 0.452 0 0 0 0 
32 4451.28 4450.77 4052.82 4187.18 4705.13 3875.38 4505.64 4525.13 4266.67 4220.51 4447.18 4209.23 4502.05 4393.85 1606 1736 0.452 0 0 0 0 
33 4458.97 4457.95 4065.64 4199.49 4711.28 3883.08 4498.97 4506.15 4269.23 4228.72 4453.85 4225.13 4513.85 4402.56 1605 1736 0.468 0 0 0 0 
34 4454.87 4451.79 4065.64 4196.92 4706.67 3892.31 4519.49 4486.67 4255.9 4223.08 4461.54 4229.23 4531.79 4402.05 1605 1735 0.468 0 0 0 0 
35 4447.69 4444.62 4059.49 4190.26 4701.54 3888.21 4517.95 4500.51 4257.44 4224.1 4465.64 4230.26 4531.79 4397.44 1605 1734 0.483 0 0 0 0 
36 4434.87 4438.46 4055.38 4180 4698.97 3880.51 4507.69 4508.72 4261.03 4223.59 4455.9 4231.79 4514.87 4386.67 1604 1733 0.483 0 0 0 0 
37 4424.62 4430.77 4055.38 4171.79 4694.87 3878.97 4509.74 4497.95 4252.82 4215.9 4451.28 4232.82 4499.49 4368.72 1603 1732 0.499 0 0 0 0 
38 4420.51 4426.67 4057.95 4172.31 4690.26 3882.05 4512.31 4508.21 4255.38 4218.46 4460.51 4235.38 4497.44 4357.95 1604 1731 0.499 0 0 0 0 
39 4413.33 4427.18 4059.49 4170.26 4692.82 3887.69 4520 4528.72 4264.1 4222.05 4466.15 4240 4502.56 4353.33 1602 1730 0.514 0 0 0 0 
40 4406.67 4428.21 4061.54 4168.21 4697.95 3887.69 4523.08 4516.41 4260 4221.54 4462.56 4241.03 4502.56 4348.21 1603 1730 0.514 0 0 0 0 
41 4408.72 4428.72 4070.77 4174.87 4702.56 3887.69 4509.23 4493.33 4257.95 4229.74 4463.08 4247.18 4504.1 4348.21 1603 1728 0.53 0 0 0 0 
42 4407.18 4424.62 4077.44 4176.41 4704.1 3888.72 4503.08 4503.59 4267.18 4240 4469.74 4252.82 4506.15 4348.21 1601 1729 0.53 0 0 0 0 
43 4394.87 4415.9 4073.33 4166.15 4702.05 3885.64 4510.77 4523.08 4272.31 4237.95 4474.87 4252.31 4503.08 4335.9 1602 1728 0.546 0 0 0 0 
44 4387.18 4410.77 4070.77 4161.54 4701.03 3888.21 4517.44 4515.9 4268.72 4231.28 4473.33 4253.85 4494.87 4325.13 1602 1728 0.546 0 0 0 0 
45 4388.21 4413.33 4079.49 4168.72 4704.1 3896.41 4518.97 4508.21 4269.23 4235.9 4471.28 4255.9 4491.79 4326.67 1602 1727 0.561 0 0 0 0 
46 4388.72 4409.74 4084.1 4168.21 4704.1 3896.92 4518.97 4518.46 4273.33 4242.56 4470.26 4251.79 4491.79 4324.1 1602 1727 0.561 0 0 0 0 
47 4384.1 4402.05 4075.38 4158.46 4701.54 3893.33 4521.54 4519.49 4271.28 4238.97 4469.74 4247.69 4486.15 4314.36 1603 1728 0.577 0 0 0 0 
48 4385.13 4407.69 4070.77 4158.46 4706.67 3894.87 4518.46 4507.18 4269.23 4239.49 4471.79 4252.82 4484.62 4313.33 1603 1728 0.577 0 0 0 0 
49 4387.69 4410.77 4071.79 4158.97 4708.72 3890.77 4509.23 4498.97 4264.62 4239.49 4469.23 4255.38 4485.13 4311.79 1604 1728 0.592 0 0 0 0 
50 4381.03 4398.97 4074.36 4151.79 4702.05 3883.08 4503.59 4496.92 4258.97 4232.31 4462.05 4253.33 4481.54 4304.62 1604 1728 0.592 0 0 0 0 
51 4384.1 4400 4085.64 4157.44 4703.59 3889.74 4510.26 4502.56 4264.1 4235.9 4469.23 4263.59 4485.13 4308.72 1605 1731 0.608 0 0 0 0 
52 4384.62 4409.74 4089.74 4165.13 4707.18 3897.95 4515.38 4509.23 4271.79 4246.15 4480 4271.79 4493.85 4314.87 1606 1730 0.608 0 0 0 0 
53 4351.79 4406.15 4075.9 4159.49 4704.62 3891.79 4510.26 4507.18 4269.74 4241.54 4474.36 4265.13 4491.79 4308.21 1606 1732 0.624 0 0 0 0 
54 4314.87 4400 4068.21 4152.31 4701.54 3885.13 4502.56 4502.05 4262.05 4227.69 4465.13 4258.97 4482.05 4300 1608 1733 0.624 0 0 0 0 
55 4305.13 4400.51 4073.85 4149.23 4696.41 3886.67 4502.05 4498.46 4258.97 4223.08 4465.13 4260.51 4481.54 4297.95 1606 1735 0.639 0 0 0 0 
56 4303.08 4401.54 4080.51 4150.26 4693.85 3887.18 4507.18 4498.46 4262.05 4228.72 4469.74 4266.15 4488.21 4300.51 1608 1737 0.639 0 0 0 0 
57 4297.44 4403.08 4085.13 4156.92 4697.44 3884.62 4507.69 4498.46 4264.62 4232.31 4472.31 4269.74 4489.23 4307.18 1607 1737 0.655 0 0 0 0 
58 4301.03 4406.15 4091.79 4158.97 4696.41 3883.08 4504.62 4498.46 4264.62 4232.31 4473.85 4268.21 4490.77 4314.87 1607 1739 0.655 0 0 0 0 
59 4308.21 4407.18 4092.82 4155.9 4693.33 3880.51 4501.54 4493.33 4262.05 4231.28 4473.85 4264.62 4498.46 4321.03 1607 1740 0.67 0 0 0 0 
60 4320 4409.74 4095.9 4162.05 4696.41 3877.44 4497.44 4491.79 4257.95 4227.18 4474.36 4270.26 4506.67 4333.33 1606 1740 0.67 0 0 0 0 
61 4341.54 4419.49 4101.54 4172.31 4696.41 3876.92 4496.92 4494.36 4259.49 4228.21 4480 4278.46 4514.36 4355.38 1605 1739 0.686 0 0 0 0 
62 4350.77 4422.05 4095.9 4170.26 4687.18 3874.87 4497.95 4480.51 4249.23 4218.46 4480 4271.79 4509.74 4365.13 1605 1739 0.686 0 0 0 0 
63 4346.15 4417.44 4090.77 4162.56 4680.51 3871.28 4498.97 4468.21 4229.74 4192.31 4469.23 4262.05 4493.85 4362.56 1605 1737 0.702 0 0 0 0 
64 4348.72 4417.44 4093.85 4161.03 4678.46 3861.54 4490.26 4475.38 4226.67 4180 4463.08 4263.59 4491.28 4368.72 1604 1737 0.702 0 0 0 0 
65 4357.95 4423.59 4096.41 4164.62 4676.92 3846.15 4467.18 4473.33 4229.23 4185.64 4469.23 4266.67 4501.54 4382.05 1604 1735 0.717 0 0 0 0 
66 4358.46 4427.69 4098.97 4169.23 4678.97 3847.69 4464.62 4458.97 4222.56 4183.08 4471.28 4266.15 4501.03 4385.13 1603 1733 0.717 0 0 0 0 
67 4354.36 4424.62 4100.51 4168.72 4682.05 3860.51 4479.49 4448.21 4212.31 4172.31 4463.08 4265.13 4488.21 4376.92 1603 1731 0.733 0 0 0 0 
68 4349.74 4418.97 4096.41 4163.59 4683.08 3864.62 4476.92 4464.1 4220 4175.9 4464.1 4265.13 4483.59 4368.21 1602 1727 0.733 0 0 0 0 
69 4345.64 4418.46 4095.9 4165.64 4685.13 3866.67 4475.38 4495.9 4242.05 4190.26 4470.26 4268.72 4488.72 4370.26 1603 1727 0.748 0 0 0 0 
70 4343.08 4421.03 4102.05 4166.15 4684.1 3868.72 4480.51 4484.62 4245.64 4195.38 4466.67 4273.33 4495.38 4377.44 1603 1726 0.748 0 0 0 0 
71 4339.49 4421.03 4103.08 4160.51 4681.54 3862.56 4471.79 4444.62 4233.33 4197.44 4468.72 4277.95 4503.08 4380 1602 1726 0.764 0 0 0 0 
72 4335.9 4421.54 4101.03 4162.56 4686.67 3857.95 4464.62 4450.77 4241.54 4205.64 4477.95 4283.08 4506.67 4377.95 1601 1726 0.764 0 0 0 0 
73 4332.82 4421.03 4107.69 4169.74 4695.9 3865.13 4474.87 4487.18 4261.54 4212.82 4477.95 4285.64 4502.56 4372.82 1601 1726 0.78 0 0 0 0 
74 4322.56 4414.36 4112.82 4165.64 4695.9 3870.77 4480 4488.72 4258.97 4212.31 4472.82 4281.03 4498.97 4362.05 1602 1725 0.78 0 0 0 0 
75 4302.56 4403.59 4103.08 4152.82 4689.23 3865.64 4473.85 4473.33 4244.62 4203.08 4469.23 4269.74 4490.26 4342.56 1601 1726 0.795 0 0 0 0 
76 4289.23 4398.97 4093.33 4148.21 4688.72 3862.05 4473.85 4472.82 4240 4191.79 4463.08 4263.08 4473.85 4319.49 1602 1727 0.795 0 0 0 0 
77 4285.13 4401.03 4094.87 4150.26 4692.82 3869.23 4482.56 4480.51 4246.67 4193.85 4462.05 4266.15 4467.69 4307.69 1601 1726 0.811 0 0 0 0 
78 4279.49 4400 4095.38 4147.69 4693.85 3879.49 4491.28 4489.23 4254.87 4204.1 4466.15 4269.74 4467.69 4304.1 1602 1728 0.811 0 0 0 0 
79 4271.28 4393.85 4091.79 4144.62 4694.87 3877.95 4488.72 4487.69 4253.33 4204.1 4464.1 4267.18 4460 4296.92 1603 1729 0.826 0 0 0 0 
80 4264.1 4388.72 4093.85 4144.1 4695.9 3869.74 4483.59 4484.1 4247.69 4197.95 4463.08 4267.69 4455.38 4285.64 1603 1731 0.826 0 0 0 0 
81 4261.54 4387.69 4095.9 4143.08 4694.87 3870.26 4486.67 4484.62 4247.18 4195.9 4467.18 4273.85 4460 4279.49 1604 1731 0.842 0 0 0 0 
82 4258.97 4387.69 4091.28 4141.54 4694.87 3875.38 4488.21 4482.05 4249.23 4198.46 4467.18 4277.95 4462.05 4278.97 1604 1733 0.842 0 0 0 0 
83 4254.87 4386.15 4090.26 4145.13 4697.44 3877.44 4489.74 4485.13 4254.36 4205.64 4468.72 4278.46 4462.56 4280.51 1605 1734 0.858 0 0 0 0 
84 4251.28 4383.08 4091.79 4145.64 4696.41 3876.41 4492.82 4491.28 4256.92 4208.72 4468.21 4277.44 4457.95 4276.41 1605 1736 0.858 0 0 0 0 
85 4244.1 4377.95 4088.21 4138.46 4688.72 3869.74 4486.15 4485.64 4249.74 4200.51 4462.56 4273.85 4444.1 4265.13 1606 1738 0.873 0 0 0 0 
86 4241.54 4376.92 4088.21 4137.95 4688.72 3867.69 4482.05 4486.15 4251.28 4200.51 4467.69 4275.38 4451.79 4264.62 1606 1740 0.873 0 0 0 0 
87 4246.67 4383.59 4095.9 4144.62 4696.92 3876.41 4491.28 4497.44 4263.59 4212.31 4478.46 4282.05 4473.33 4274.87 1606 1743 0.889 0 0 0 0 
88 4237.95 4384.62 4096.92 4143.08 4694.87 3876.41 4491.28 4496.92 4263.08 4214.36 4474.36 4281.03 4470.26 4276.92 1606 1744 0.889 0 0 0 0 
89 4214.87 4378.97 4087.69 4136.92 4686.15 3866.15 4478.46 4487.18 4253.33 4206.15 4464.1 4275.38 4456.92 4268.72 1605 1745 0.904 0 0 0 0 
90 4209.23 4380.51 4084.62 4138.46 4685.64 3867.18 4477.95 4485.64 4252.31 4205.13 4465.13 4275.38 4460 4264.62 1605 1746 0.904 0 0 0 0 
91 4217.95 4386.15 4095.38 4148.72 4692.82 3878.97 4489.74 4494.36 4257.44 4214.87 4472.82 4280.51 4472.82 4270.77 1605 1746 0.92 0 0 0 0 
92 4219.49 4385.64 4101.03 4155.9 4697.44 3883.59 4494.87 4501.54 4258.46 4222.05 4475.9 4282.05 4477.44 4276.92 1604 1745 0.92 0 0 0 0 
93 4217.95 4380 4091.28 4154.36 4694.87 3879.49 4495.9 4505.64 4258.46 4219.49 4474.36 4281.54 4472.82 4273.85 1603 1743 0.936 0 0 0 0 
94 4216.41 4375.9 4080 4148.72 4688.72 3877.44 4502.05 4507.69 4255.38 4213.85 4471.28 4276.92 4464.62 4267.18 1602 1743 0.936 0 0 0 0 
95 4210.26 4371.28 4074.87 4139.49 4681.54 3881.03 4515.9 4506.15 4246.15 4205.64 4463.08 4269.23 4455.38 4262.56 1603 1741 0.951 0 0 0 0 
96 4210.26 4372.31 4077.95 4135.38 4679.49 3878.97 4512.82 4506.15 4248.72 4202.56 4460 4270.77 4453.33 4262.05 1601 1739 0.951 0 0 0 0 
97 4222.56 4377.95 4087.18 4141.54 4681.54 3864.1 4482.05 4494.87 4253.33 4207.69 4464.62 4276.92 4459.49 4270.26 1601 1737 0.967 0 0 0 0 
98 4232.31 4376.92 4084.1 4139.49 4674.87 3857.95 4473.85 4470.26 4233.85 4196.41 4462.56 4272.31 4458.97 4277.44 1601 1732 0.967 0 0 0 0 
99 4237.44 4376.92 4077.44 4132.82 4668.21 3867.69 4499.49 4480.51 4223.08 4180 4459.49 4270.77 4453.33 4286.15 1601 1733 0.982 0 0 0 0 
100 4252.82 4388.72 4089.74 4143.08 4677.44 3867.69 4495.9 4509.74 4246.15 4191.79 4470.26 4284.1 4466.15 4309.74 1602 1731 0.982 0 0 0 0 
101 4278.46 4405.13 4103.08 4161.54 4687.18 3858.46 4465.64 4491.79 4252.31 4209.23 4480.51 4293.85 4492.82 4340 1602 1730 0.998 0 0 0 0 
102 4300 4413.33 4108.21 4167.18 4686.15 3860 4461.03 4457.44 4233.33 4208.21 4480 4294.87 4507.18 4358.97 1602 1728 0.998 0 0 0 0 
103 4308.21 4411.28 4113.85 4164.62 4685.64 3867.69 4480.51 4467.18 4233.33 4203.08 4477.44 4297.44 4503.08 4363.59 1602 1727 1.014 0 0 0 0 
104 4310.26 4408.21 4114.36 4166.67 4689.23 3873.33 4493.33 4492.31 4250.26 4208.21 4479.49 4302.05 4504.62 4370.77 1602 1726 1.014 0 0 0 0 
105 4317.44 4406.15 4111.79 4170.26 4689.23 3871.79 4492.82 4495.38 4250.77 4211.28 4481.54 4304.1 4516.41 4383.08 1601 1726 1.029 0 0 0 0 
106 4322.05 4403.59 4118.46 4165.64 4685.64 3862.56 4488.72 4483.59 4236.92 4197.44 4477.44 4300 4509.23 4385.13 1603 1725 1.029 0 0 0 0 
107 4322.05 4405.64 4124.62 4162.56 4684.62 3859.49 4488.72 4476.41 4233.33 4185.64 4473.33 4294.87 4495.38 4382.05 1602 1725 1.045 0 0 0 0 
108 4321.03 4412.82 4124.62 4166.67 4686.67 3862.05 4481.54 4478.46 4241.03 4194.36 4480 4295.9 4503.59 4388.72 1602 1726 1.045 0 0 0 0 
109 4323.08 4412.31 4127.18 4169.74 4687.69 3862.05 4471.28 4475.38 4241.54 4204.1 4482.56 4297.95 4509.74 4393.85 1603 1726 1.06 0 0 0 0 
110 4323.59 4407.69 4130.77 4169.74 4687.18 3864.1 4479.49 4473.33 4238.97 4202.56 4474.87 4296.41 4498.97 4389.74 1603 1727 1.06 0 0 0 0 
111 4325.13 4406.67 4131.79 4170.77 4689.74 3863.08 4488.21 4481.54 4244.62 4200 4475.38 4294.87 4502.05 4390.26 1604 1727 1.076 0 0 0 0 
112 4325.64 4405.64 4130.77 4169.23 4692.31 3858.97 4486.67 4484.62 4247.69 4198.97 4482.05 4295.9 4507.18 4387.18 1603 1728 1.076 0 0 0 0 
113 4322.56 4399.49 4126.67 4163.59 4688.72 3859.49 4488.72 4479.49 4241.03 4198.46 4478.97 4295.9 4496.41 4376.92 1604 1730 1.092 0 0 0 0 
114 4322.56 4396.41 4125.13 4165.64 4689.23 3864.1 4495.38 4483.59 4245.64 4207.18 4477.95 4297.95 4504.1 4376.92 1604 1731 1.092 0 0 0 0 
115 4325.64 4402.05 4123.08 4172.82 4696.41 3869.74 4501.54 4491.79 4256.41 4215.38 4483.08 4300 4521.03 4381.54 1605 1732 1.107 0 0 0 0 
116 4322.56 4402.05 4115.9 4170.77 4698.97 3874.87 4502.56 4492.31 4255.9 4216.92 4480 4298.46 4512.82 4371.79 1605 1733 1.107 0 0 0 0 
117 4312.31 4394.36 4111.79 4164.1 4697.44 3875.38 4500 4490.77 4254.87 4217.95 4470.26 4294.36 4499.49 4353.85 1607 1734 1.123 0 0 0 0 
118 4304.62 4394.87 4111.28 4163.08 4692.82 3869.23 4494.36 4488.21 4256.41 4214.36 4465.13 4288.21 4494.36 4341.03 1606 1734 1.123 0 0 0 0 
119 4304.1 4400 4114.87 4167.18 4690.77 3867.69 4495.9 4491.28 4258.97 4213.85 4470.26 4289.23 4486.67 4336.41 1607 1737 1.138 0 0 0 0 
120 4301.03 4395.38 4121.54 4170.26 4697.44 3875.38 4504.62 4499.49 4264.62 4222.56 4476.92 4296.41 4483.59 4332.31 1607 1738 1.138 0 0 0 0 
121 4288.72 4385.13 4120 4163.59 4699.49 3878.46 4504.1 4500.51 4265.64 4221.03 4471.79 4292.82 4485.64 4321.54 1606 1741 1.154 0 0 0 0 
122 4282.05 4382.56 4110.26 4156.92 4694.36 3876.41 4500.51 4500 4265.64 4220 4469.23 4288.21 4488.21 4312.31 1606 1741 1.154 0 0 0 0 
123 4283.08 4383.08 4109.23 4161.03 4696.92 3883.59 4508.21 4505.13 4275.9 4232.82 4479.49 4293.85 4495.38 4311.28 1604 1742 1.17 0 0 0 0 
124 4280 4381.54 4113.33 4165.64 4703.08 3890.77 4515.9 4511.28 4286.15 4242.56 4480.51 4296.92 4497.95 4308.72 1604 1741 1.17 0 0 0 0 
125 4276.92 4380.51 4111.79 4166.67 4704.1 3891.28 4520.51 4517.44 4289.74 4241.54 4473.33 4292.31 4494.87 4304.1 1603 1741 1.185 0 0 0 0 
126 4270.77 4374.36 4101.54 4160 4701.03 3897.95 4537.95 4528.21 4286.67 4237.44 4472.31 4289.23 4488.72 4296.92 1603 1741 1.185 0 0 0 0 
127 4260.51 4366.67 4097.95 4152.82 4697.44 3904.1 4545.64 4536.41 4287.69 4235.38 4474.87 4291.79 4487.69 4291.79 1602 1740 1.203 0 0 0 0 
128 4263.59 4369.74 4106.15 4157.44 4698.46 3897.44 4525.13 4532.82 4297.95 4243.59 4474.36 4295.9 4493.33 4294.36 1603 1739 1.203 0 0 0 0 
0 4268.72 4373.33 4111.28 4162.56 4701.54 3894.87 4515.9 4520.51 4297.44 4249.23 4469.23 4293.33 4492.31 4290.26 1602 1736 1.219 0 0 0 0 
1 4263.08 4370.77 4111.28 4162.56 4702.05 3901.03 4523.08 4514.36 4290.26 4243.59 4468.72 4289.23 4489.74 4285.64 1603 1735 1.219 0 0 0 0 
2 4264.1 4374.36 4117.95 4167.18 4706.67 3901.54 4521.54 4530.77 4302.56 4249.23 4476.92 4294.36 4496.92 4290.77 1603 1733 1.234 0 0 0 0 
3 4274.36 4382.56 4123.59 4174.87 4715.38 3903.08 4521.03 4549.74 4321.54 4266.15 4483.59 4303.08 4508.21 4300 1602 1733 1.234 0 0 0 0 
4 4276.92 4385.64 4121.54 4177.95 4718.46 3909.74 4523.08 4541.54 4317.95 4270.77 4483.08 4305.13 4515.38 4305.64 1604 1730 1.25 0 0 0 0 
5 4276.92 4384.1 4120 4177.44 4718.46 3906.67 4513.85 4515.38 4304.1 4267.18 4484.62 4300.51 4518.97 4310.77 1603 1728 1.25 0 0 0 0 
6 4281.03 4380 4117.44 4171.79 4713.33 3896.92 4509.74 4501.03 4291.79 4257.95 4481.03 4291.79 4510.77 4307.69 1604 1727 1.266 0 0 0 0 
7 4288.72 4378.46 4109.23 4168.21 4705.13 3893.33 4514.87 4505.13 4281.03 4244.1 4473.33 4287.69 4500 4303.59 1603 1727 1.266 0 0 0 0 
8 4307.18 4388.72 4108.21 4178.97 4708.72 3896.41 4510.77 4520 4288.72 4246.15 4479.49 4293.85 4508.72 4324.1 1604 1727 1.281 0 0 0 0 
9 4329.74 4400 4115.9 4184.62 4712.82 3897.95 4509.23 4528.72 4300.51 4254.36 4487.69 4301.54 4524.1 4351.28 1605 1726 1.281 0 0 0 0 
10 4348.21 4404.62 4124.1 4182.05 4708.21 3895.9 4511.79 4521.54 4294.87 4250.26 4487.18 4305.64 4529.74 4366.15 1604 1726 1.297 0 0 0 0 
11 4365.64 4416.92 4133.33 4191.79 4712.31 3897.44 4512.82 4512.82 4287.69 4250.77 4487.18 4307.69 4535.9 4380.51 1604 1726 1.297 0 0 0 0 
12 4378.46 4427.69 4140.51 4203.08 4719.49 3900.51 4515.9 4512.31 4288.72 4255.38 4489.23 4306.67 4542.56 4395.38 1605 1727 1.312 0 0 0 0 
13 4383.59 4425.64 4141.54 4204.1 4716.41 3897.95 4514.36 4512.82 4287.69 4253.85 4491.28 4306.15 4542.05 4402.56 1604 1727 1.312 0 0 0 0 
14 4386.67 4424.62 4142.56 4203.59 4714.87 3891.79 4506.15 4510.26 4284.62 4252.31 4491.28 4305.13 4541.54 4407.69 1605 1727 1.328 0 0 0 0 
15 4389.74 4428.72 4141.54 4202.05 4713.85 3886.67 4503.08 4509.23 4281.54 4249.74 4485.64 4301.03 4537.95 4410.26 1605 1729 1.328 0 0 0 0 
16 4389.74 4429.74 4138.97 4198.46 4710.77 3889.23 4507.18 4509.23 4279.49 4242.05 4479.49 4300.51 4530.77 4407.69 1605 1729 1.344 0 0 0 0 
17 4389.23 4430.26 4143.08 4200.51 4713.85 3895.9 4510.77 4510.77 4284.62 4243.08 4482.05 4303.08 4532.31 4409.74 1606 1731 1.344 0 0 0 0 
18 4387.69 4428.21 4144.62 4203.59 4715.9 3893.33 4509.23 4512.82 4287.18 4246.67 4485.13 4303.08 4534.36 4410.77 1606 1731 1.359 0 0 0 0 
19 4385.64 4423.08 4134.36 4200 4710.26 3887.18 4508.72 4512.31 4283.59 4243.08 4484.62 4303.08 4532.82 4402.56 1606 1733 1.359 0 0 0 0 
20 4386.67 4423.08 4127.18 4200.51 4709.74 3891.79 4511.28 4513.85 4289.23 4247.18 4486.15 4306.15 4537.44 4400 1606 1734 1.375 0 0 0 0 
21 4382.56 4423.59 4134.36 4206.67 4715.38 3899.49 4512.82 4521.03 4298.97 4257.44 4488.21 4310.77 4541.54 4402.56 1605 1734 1.375 0 0 0 0 
22 4374.87 4421.03 4141.54 4207.69 4716.92 3898.97 4512.82 4526.15 4298.46 4260.51 4487.69 4310.26 4538.46 4397.44 1604 1738 1.39 0 0 0 0 
23 4373.85 4419.49 4139.49 4204.1 4718.97 3900.51 4517.95 4529.23 4301.54 4265.13 4491.28 4308.21 4540 4392.31 1605 1738 1.39 0 0 0 0 
24 4371.79 4417.95 4140 4202.56 4722.56 3909.74 4527.18 4535.9 4312.31 4273.85 4494.87 4306.15 4548.21 4389.74 1603 1740 1.406 0 0 0 0 
25 4359.49 4415.9 4141.54 4197.44 4721.03 3911.79 4525.64 4535.38 4311.79 4271.28 4487.18 4301.03 4542.56 4376.92 1604 1741 1.406 0 0 0 0 
26 4345.64 4413.85 4136.41 4190.77 4716.92 3904.1 4517.44 4528.21 4304.1 4263.08 4480 4293.85 4529.23 4363.59 1603 1741 1.422 0 0 0 0 
27 4340 4409.23 4132.31 4188.21 4715.38 3905.64 4520 4532.31 4306.15 4262.56 4485.64 4291.28 4529.23 4357.95 1602 1742 1.422 0 0 0 0 
28 4333.85 4398.46 4126.15 4182.56 4709.74 3907.18 4527.69 4536.41 4303.59 4257.95 4484.1 4287.69 4530.26 4345.64 1602 1741 1.437 0 0 0 0 
29 4327.18 4393.33 4117.95 4177.44 4704.62 3898.46 4524.62 4531.28 4296.41 4249.23 4475.9 4283.59 4519.49 4336.41 1602 1742 1.437 0 0 0 0 
30 4322.05 4398.46 4109.74 4180.51 4705.13 3897.44 4515.38 4534.87 4301.03 4250.26 4475.9 4279.49 4509.74 4339.49 1601 1740 1.453 0 0 0 0 
31 4318.97 4400.51 4103.08 4184.1 4708.72 3906.67 4518.46 4540.51 4308.21 4255.9 4480 4274.87 4514.36 4336.41 1601 1741 1.453 0 0 0 0 
32 4318.46 4400 4101.03 4186.15 4709.74 3906.15 4520.51 4528.72 4305.64 4260 4481.54 4277.44 4526.67 4329.74 1601 1739 1.468 0 0 0 0 
33 4315.38 4398.97 4103.59 4184.62 4710.26 3899.49 4508.72 4516.41 4303.08 4260 4480 4281.03 4529.74 4327.18 1601 1739 1.468 0 0 0 0 
34 4306.67 4391.28 4104.1 4176.41 4710.77 3901.03 4508.21 4526.15 4304.62 4253.85 4474.36 4275.38 4520.51 4319.49 1602 1736 1.484 0 0 0 0 
35 4302.05 4384.1 4106.67 4172.82 4707.18 3900 4516.41 4536.41 4307.69 4252.82 4475.38 4274.87 4515.9 4314.36 1602 1734 1.484 0 0 0 0 
36 4307.69 4387.69 4116.41 4181.03 4707.69 3900.51 4517.95 4541.03 4312.31 4262.56 4482.05 4287.18 4517.95 4321.54 1604 1733 1.5 0 0 0 0 
37 4311.79 4390.26 4121.03 4185.64 4709.23 3908.72 4521.03 4544.62 4315.38 4264.62 4485.13 4290.77 4513.85 4324.1 1604 1728 1.5 0 0 0 0 
38 4305.64 4385.13 4117.44 4177.44 4705.64 3910.77 4525.64 4527.18 4309.74 4258.46 4488.21 4281.54 4517.44 4321.03 1604 1728 1.515 0 0 0 0 
39 4305.13 4385.13 4116.92 4174.36 4705.13 3909.23 4525.64 4512.82 4308.21 4264.62 4491.79 4283.08 4533.85 4327.69 1604 1727 1.515 0 0 0 0 
40 4312.31 4387.18 4118.46 4178.97 4708.21 3911.28 4525.13 4540.51 4319.49 4273.85 4488.21 4288.72 4529.23 4331.28 1604 1726 1.531 0 0 0 0 
41 4310.77 4385.64 4117.44 4176.41 4709.23 3908.21 4517.44 4558.97 4324.62 4274.36 4485.64 4288.21 4515.9 4323.59 1604 1725 1.531 0 0 0 0 
42 4306.67 4389.74 4117.44 4174.36 4710.77 3905.13 4508.21 4527.69 4313.85 4274.87 4489.23 4289.23 4523.08 4323.08 1604 1723 1.546 0 0 0 0 
43 4308.21 4392.82 4119.49 4174.87 4709.74 3909.23 4516.41 4503.08 4298.97 4268.72 4485.13 4289.23 4526.15 4327.18 1604 1722 1.546 0 0 0 0 
44 4310.77 4391.79 4121.03 4171.79 4707.18 3912.31 4527.69 4521.03 4298.46 4263.08 4481.03 4288.21 4517.95 4326.15 1603 1722 1.562 0 0 0 0 
45 4316.92 4393.33 4122.56 4169.74 4712.31 3912.82 4526.67 4536.92 4304.1 4265.64 4486.67 4289.74 4521.03 4329.23 1605 1721 1.562 0 0 0 0 
46 4326.67 4400 4128.21 4176.41 4713.85 3914.87 4528.72 4531.79 4304.1 4267.18 4489.74 4296.41 4528.72 4340 1603 1721 1.578 0 0 0 0 
47 4337.95 4405.64 4136.92 4185.64 4711.28 3914.87 4536.41 4530.26 4304.62 4268.72 4489.23 4302.56 4534.87 4356.41 1604 1722 1.578 0 0 0 0 
48 4350.77 4406.67 4139.49 4189.23 4714.87 3910.77 4533.33 4532.31 4305.13 4269.74 4489.74 4304.1 4540.51 4371.28 1603 1721 1.593 0 0 0 0 
49 4367.69 4410.77 4135.38 4195.38 4716.41 3908.72 4523.08 4530.26 4304.62 4264.62 4489.74 4304.1 4540 4381.03 1604 1724 1.593 0 0 0 0 
50 4376.92 4416.41 4130.26 4197.95 4712.82 3905.13 4518.97 4524.62 4296.92 4255.38 4485.13 4305.13 4535.38 4388.21 1604 1724 1.609 0 0 0 0 
51 4376.92 4414.87 4127.18 4188.72 4707.69 3898.46 4520.51 4517.95 4285.64 4248.72 4481.54 4303.59 4536.41 4390.77 1603 1726 1.609 0 0 0 0 
52 4382.56 4414.87 4130.77 4188.21 4706.67 3898.46 4522.56 4515.9 4281.54 4247.69 4485.64 4301.54 4536.41 4394.87 1604 1727 1.624 0 0 0 0 
53 4395.38 4423.08 4138.46 4200 4710.77 3902.56 4525.13 4516.92 4282.56 4246.67 4491.28 4302.56 4536.41 4401.03 1604 1728 1.624 0 0 0 0 
54 4402.05 4428.72 4144.62 4207.69 4716.41 3904.62 4528.72 4519.49 4287.18 4249.23 4494.87 4303.08 4548.21 4406.15 1605 1730 1.64 0 0 0 0 
55 4403.08 4428.21 4147.69 4211.79 4718.97 3909.74 4533.85 4525.64 4297.44 4257.95 4491.79 4306.67 4557.44 4412.82 1604 1732 1.64 0 0 0 0 
56 4401.54 4425.13 4145.13 4209.23 4717.95 3907.69 4531.28 4528.72 4296.41 4257.95 4483.59 4306.67 4542.05 4408.72 1605 1733 1.656 0 0 0 0 
57 4391.28 4417.44 4138.97 4196.41 4711.28 3895.9 4522.05 4522.56 4285.13 4247.69 4482.56 4299.49 4530.77 4395.38 1604 1736 1.656 0 0 0 0 
58 4383.08 4408.21 4134.87 4190.26 4702.05 3892.31 4520.51 4517.44 4287.18 4248.72 4486.67 4297.44 4543.08 4390.77 1605 1739 1.671 0 0 0 0 
59 4386.15 4407.18 4133.85 4196.41 4706.15 3898.97 4526.15 4521.54 4293.33 4254.87 4482.56 4296.92 4545.13 4387.69 1604 1741 1.671 0 0 0 0 
60 4387.18 4411.79 4134.87 4201.54 4711.79 3901.03 4527.69 4523.08 4286.15 4246.67 4474.87 4291.79 4529.23 4379.49 1603 1744 1.687 0 0 0 0 
61 4379.49 4410.26 4134.36 4199.49 4707.69 3901.03 4528.72 4520.51 4280.51 4240.51 4476.41 4287.69 4523.08 4375.38 1604 1745 1.687 0 0 0 0 
62 4378.46 4408.21 4135.38 4197.95 4707.69 3907.69 4537.95 4524.62 4287.69 4248.72 4481.03 4290.77 4529.23 4376.41 1603 1748 1.702 0 0 0 0 
63 4387.18 4414.87 4140 4202.56 4712.31 3907.69 4538.97 4528.21 4295.9 4257.44 4485.64 4296.92 4538.46 4381.54 1603 1748 1.702 0 0 0 0 
64 4389.74 4416.92 4136.41 4203.08 4707.18 3893.85 4525.13 4522.56 4288.21 4248.21 4481.54 4291.28 4533.33 4382.05 1603 1748 1.718 0 0 0 0 
65 4382.05 4404.1 4124.1 4192.31 4692.31 3889.23 4530.77 4518.97 4272.82 4228.72 4470.26 4280 4508.21 4369.23 1604 1747 1.718 0 0 0 0 
66 4378.46 4395.9 4123.59 4186.15 4686.15 3897.44 4545.13 4525.64 4272.31 4224.1 4473.33 4284.1 4503.59 4364.62 1603 1745 1.734 0 0 0 0 
67 4394.87 4406.67 4133.85 4199.49 4695.38 3897.44 4534.36 4532.82 4286.15 4238.97 4485.13 4300.51 4529.23 4385.13 1604 1744 1.734 0 0 0 0 
68 4414.87 4417.95 4134.87 4210.77 4703.59 3891.28 4523.59 4529.23 4282.56 4245.64 4484.62 4305.64 4539.49 4403.08 1604 1740 1.749 0 0 0 0 
69 4423.08 4417.95 4130.77 4209.74 4704.62 3896.41 4536.92 4518.46 4267.18 4236.41 4481.03 4302.56 4533.85 4407.18 1604 1736 1.749 0 0 0 0 
70 4428.72 4420.51 4138.97 4209.74 4705.64 3902.05 4544.1 4523.08 4275.38 4234.36 4485.64 4304.62 4540 4411.28 1605 1733 1.765 0 0 0 0 
71 4434.36 4428.21 4150.26 4216.92 4708.72 3893.85 4527.69 4535.9 4291.79 4239.49 4488.21 4303.59 4545.13 4420 1605 1731 1.765 0 0 0 0 
72 4442.05 4433.33 4154.87 4225.13 4712.82 3895.38 4522.56 4531.79 4292.31 4242.56 4489.23 4303.08 4549.74 4432.82 1604 1728 1.78 0 0 0 0 
73 4448.72 4434.36 4156.41 4224.62 4716.41 3906.15 4536.92 4515.38 4284.62 4241.54 4490.26 4305.64 4556.92 4438.97 1605 1727 1.78 0 0 0 0 
74 4447.18 4435.9 4152.31 4217.95 4711.79 3901.54 4543.59 4510.26 4283.08 4236.92 4487.18 4303.08 4550.26 4434.87 1604 1726 1.796 0 0 0 0 
75 4450.26 4440 4154.87 4222.05 4707.69 3893.85 4535.38 4526.15 4295.9 4248.72 4494.36 4307.69 4555.9 4442.05 1605 1724 1.796 0 0 0 0 
76 4467.69 4447.18 4167.18 4234.87 4713.85 3897.95 4533.33 4538.97 4307.69 4270.77 4505.64 4320.51 4584.1 4459.49 1603 1723 1.812 0 0 0 0 
77 4475.38 4454.87 4170.77 4240 4721.54 3904.1 4546.15 4534.36 4304.62 4276.92 4503.08 4322.05 4591.28 4466.67 1604 1723 1.812 0 0 0 0 
78 4468.72 4458.46 4166.15 4234.87 4721.54 3907.69 4553.85 4526.67 4295.9 4267.69 4497.95 4314.87 4576.92 4461.03 1603 1720 1.827 0 0 0 0 
79 4470.77 4458.97 4166.15 4233.85 4721.03 3908.21 4551.79 4527.18 4293.85 4265.13 4502.05 4314.87 4581.54 4464.1 1602 1721 1.827 0 0 0 0 
80 4478.97 4464.62 4171.79 4240.51 4724.1 3904.1 4547.69 4530.77 4298.46 4274.36 4505.13 4317.44 4596.92 4477.44 1604 1720 1.843 0 0 0 0 
81 4481.03 4468.72 4172.31 4245.13 4725.13 3900 4546.15 4530.26 4300.51 4275.38 4499.49 4314.87 4588.72 4478.97 1603 1721 1.843 0 0 0 0 
82 4479.49 4464.62 4170.77 4242.56 4721.54 3902.56 4553.33 4530.26 4297.95 4268.21 4496.92 4312.82 4577.44 4472.82 1604 1722 1.858 0 0 0 0 
83 4481.54 4462.05 4170.77 4242.05 4718.97 3906.15 4560.51 4532.82 4298.97 4269.74 4497.95 4311.28 4588.21 4475.9 1604 1723 1.858 0 0 0 0 
84 4483.59 4464.1 4169.74 4246.67 4721.03 3906.67 4556.92 4532.31 4300.51 4275.38 4496.92 4308.21 4591.28 4478.97 1605 1724 1.874 0 0 0 0 
85 4481.54 4462.56 4168.21 4248.72 4724.62 3906.67 4554.36 4527.18 4295.9 4271.28 4495.9 4306.15 4580.51 4475.38 1604 1726 1.874 0 0 0 0 
86 4482.56 4458.97 4169.23 4248.21 4724.62 3909.74 4559.49 4526.67 4292.82 4267.69 4495.38 4304.1 4580 4474.36 1605 1727 1.89 0 0 0 0 
87 4481.03 4458.97 4168.72 4249.74 4722.05 3913.33 4561.03 4529.74 4295.9 4272.31 4492.31 4303.08 4580 4471.28 1605 1728 1.89 0 0 0 0 
88 4470.77 4456.41 4160.51 4245.13 4717.44 3907.18 4552.82 4524.62 4293.85 4271.79 4487.69 4297.44 4566.67 4457.44 1606 1731 1.905 0 0 0 0 
89 4455.9 4447.18 4149.74 4231.28 4708.21 3895.9 4545.13 4514.36 4285.64 4258.46 4480 4283.59 4547.69 4438.46 1606 1732 1.905 0 0 0 0 
90 4441.54 4441.54 4146.15 4225.64 4703.08 3894.36 4549.74 4516.92 4284.1 4250.26 4477.44 4276.41 4533.85 4422.56 1606 1735 1.921 0 0 0 0 
91 4429.23 4441.54 4146.67 4228.72 4706.15 3899.49 4556.41 4525.13 4289.74 4251.79 4481.54 4281.54 4527.18 4410.26 1607 1736 1.921 0 0 0 0 
92 4416.41 4434.36 4137.95 4223.08 4707.69 3899.49 4554.36 4525.13 4289.74 4250.26 4477.44 4281.03 4518.97 4395.38 1604 1740 1.936 0 0 0 0 
93 4399.49 4423.59 4123.08 4212.82 4707.18 3901.54 4555.9 4523.59 4285.13 4248.72 4467.69 4274.36 4506.15 4373.85 1605 1742 1.936 0 0 0 0 
94 4382.05 4417.44 4119.49 4208.21 4706.15 3904.1 4558.46 4522.05 4285.13 4255.38 4468.21 4275.9 4500.51 4356.92 1604 1744 1.952 0 0 0 0 
95 4372.82 4412.82 4123.08 4207.18 4708.21 3904.62 4553.33 4520 4288.21 4260.51 4476.41 4280.51 4509.74 4353.33 1603 1747 1.952 0 0 0 0 
96 4363.08 4405.64 4118.46 4206.15 4715.38 3910.26 4556.92 4526.15 4292.31 4260 4482.05 4276.92 4514.87 4345.13 1602 1748 1.968 0 0 0 0 
97 4348.72 4394.36 4107.69 4197.95 4714.87 3914.36 4564.62 4534.36 4298.97 4263.08 4480.51 4268.21 4509.74 4325.13 1601 1747 1.968 0 0 0 0 
98 4338.97 4382.05 4106.67 4187.69 4708.21 3906.67 4555.38 4532.31 4301.54 4269.74 4474.87 4269.23 4510.26 4313.85 1601 1747 1.983 0 0 0 0 
99 4328.21 4370.77 4107.69 4181.54 4705.64 3910.26 4565.64 4532.82 4293.33 4265.13 4473.33 4271.28 4510.77 4307.18 1600 1747 1.983 0 0 0 0 
100 4313.85 4358.97 4099.49 4175.9 4707.69 3924.62 4595.9 4546.15 4291.79 4257.44 4473.85 4266.15 4504.62 4295.9 1600 1745 1.999 0 0 0 0 
101 4308.72 4352.31 4097.44 4175.9 4709.23 3921.03 4582.56 4558.97 4308.72 4269.23 4474.87 4267.18 4508.21 4293.33 1599 1748 1.999 0 0 0 0 
102 4309.23 4353.33 4103.59 4180 4709.23 3908.72 4554.87 4551.28 4318.46 4281.54 4476.41 4272.82 4516.41 4296.41 1601 1745 2.014 0 0 0 0 
103 4306.67 4351.28 4101.03 4175.9 4708.21 3913.33 4568.72 4531.28 4305.64 4273.33 4474.87 4273.33 4511.28 4289.74 1600 1745 2.014 0 0 0 0 
104 4308.72 4347.18 4094.87 4169.74 4706.15 3916.92 4572.31 4520 4292.82 4264.1 4474.36 4276.92 4506.67 4288.21 1602 1743 2.03 0 0 0 0 
105 4321.03 4354.36 4100.51 4173.85 4705.13 3903.08 4541.03 4527.69 4299.49 4270.26 4478.46 4282.56 4517.95 4302.56 1602 1740 2.03 0 0 0 0 
106 4334.36 4360.51 4107.18 4176.92 4701.03 3896.92 4536.92 4538.97 4305.13 4274.36 4481.03 4281.03 4523.59 4313.33 1604 1737 2.046 0 0 0 0 
107 4343.08 4355.9 4106.67 4166.67 4693.85 3899.49 4551.28 4531.28 4293.33 4257.95 4477.44 4281.54 4514.87 4316.92 1604 1734 2.046 0 0 0 0 
108 4356.41 4357.44 4110.77 4162.56 4690.77 3894.87 4538.46 4510.77 4281.03 4242.56 4477.44 4286.67 4514.87 4329.74 1604 1732 2.061 0 0 0 0 
109 4377.95 4371.28 4121.54 4174.36 4694.36 3894.87 4529.74 4495.9 4275.38 4245.13 4480 4289.23 4528.21 4351.79 1605 1728 2.061 0 0 0 0 
110 4394.87 4378.46 4129.23 4182.05 4697.44 3900 4542.05 4497.95 4275.9 4250.26 4476.41 4291.28 4534.87 4370.77 1605 1727 2.077 0 0 0 0 
111 4403.08 4375.38 4131.79 4177.95 4694.36 3897.44 4548.72 4514.36 4282.56 4248.21 4471.79 4292.82 4527.69 4380.51 1606 1723 2.077 0 0 0 0 
112 4410.26 4378.46 4132.82 4178.97 4691.79 3889.74 4538.97 4519.49 4284.62 4243.59 4473.33 4291.28 4523.59 4382.05 1604 1723 2.092 0 0 0 0 
113 4414.87 4388.72 4134.87 4186.67 4694.87 3892.82 4540 4507.69 4279.49 4244.62 4478.97 4288.72 4532.31 4382.56 1606 1720 2.092 0 0 0 0 
114 4409.74 4390.26 4132.31 4183.59 4696.92 3897.44 4549.23 4506.15 4281.54 4250.77 4480.51 4286.67 4537.44 4380 1604 1721 2.108 0 0 0 0 
115 4399.49 4381.54 4123.08 4173.85 4691.79 3892.82 4542.56 4513.85 4286.15 4254.36 4478.97 4282.05 4531.28 4369.74 1605 1721 2.108 0 0 0 0 
116 4390.26 4378.46 4117.44 4172.82 4693.85 3892.31 4537.95 4513.33 4286.15 4255.38 4480 4278.97 4529.23 4360 1604 1720 2.124 0 0 0 0 
117 4380.51 4376.92 4118.46 4172.31 4701.03 3897.95 4546.67 4507.18 4286.67 4255.9 4482.05 4278.46 4530.77 4351.79 1603 1721 2.124 0 0 0 0 
118 4370.26 4367.18 4118.46 4164.1 4700 3898.97 4554.36 4508.21 4287.69 4258.46 4478.97 4277.95 4522.56 4340 1604 1721 2.139 0 0 0 0 
119 4361.03 4358.46 4115.9 4160.51 4697.95 3899.49 4557.95 4514.87 4287.69 4261.03 4474.87 4276.92 4511.28 4328.21 1604 1722 2.139 0 0 0 0 
120 4349.74 4354.36 4112.31 4162.56 4702.05 3904.62 4561.03 4517.95 4292.31 4264.1 4480 4276.41 4507.18 4314.36 1604 1722 2.155 0 0 0 0 
121 4339.49 4349.74 4109.74 4158.97 4703.59 3906.67 4561.54 4517.95 4298.46 4263.08 4484.62 4276.92 4506.67 4303.08 1605 1724 2.155 0 0 0 0 
122 4332.31 4342.05 4106.67 4152.82 4700.51 3902.56 4560 4519.49 4297.44 4260 4477.44 4275.9 4505.64 4297.95 1604 1724 2.17 0 0 0 0 
123 4325.13 4333.85 4100.51 4148.72 4696.41 3897.44 4558.97 4515.9 4291.79 4256.92 4468.72 4268.21 4497.44 4287.69 1605 1727 2.17 0 0 0 0 
124 4313.85 4327.18 4086.67 4141.54 4691.28 3892.82 4552.31 4504.1 4288.21 4249.23 4465.64 4263.08 4483.08 4272.31 1606 1730 2.186 0 0 0 0 
125 4304.62 4322.05 4074.36 4132.31 4686.15 3887.69 4544.1 4498.46 4286.15 4238.97 4463.59 4262.05 4472.82 4262.05 1606 1734 2.186 0 0 0 0 
126 4303.59 4321.54 4073.85 4132.82 4685.64 3885.13 4542.56 4503.08 4287.18 4236.41 4464.1 4264.1 4474.87 4261.54 1606 1735 2.202 0 0 0 0 
127 4305.64 4325.13 4078.97 4136.41 4686.15 3886.15 4542.56 4506.15 4290.26 4241.54 4467.18 4269.23 4479.49 4264.1 1606 1739 2.202 0 0 0 0 
128 4304.62 4328.21 4083.59 4137.95 4685.64 3887.18 4540.51 4507.18 4290.26 4245.64 4467.69 4275.38 4481.03 4266.67 1605 1742 2.217 0 0 0 0 
0 4304.62 4327.18 4087.69 4140 4686.67 3885.64 4540 4506.67 4287.69 4246.15 4467.69 4274.36 4485.64 4269.23 1605 1745 2.217 0 0 0 0 
1 4308.72 4326.15 4086.67 4138.46 4684.62 3883.08 4538.46 4502.56 4284.62 4243.08 4464.62 4270.26 4485.13 4269.74 1604 1746 2.233 0 0 0 0 
2 4314.87 4325.64 4085.13 4135.38 4677.44 3879.49 4531.79 4501.03 4282.56 4237.44 4462.05 4272.31 4478.97 4271.28 1602 1749 2.233 0 0 0 0 
3 4322.05 4324.1 4089.23 4137.44 4673.33 3875.9 4525.13 4503.08 4281.54 4232.31 4466.67 4275.9 4482.56 4282.56 1603 1750 2.248 0 0 0 0 
4 4335.9 4322.05 4092.31 4138.97 4668.72 3871.79 4520.51 4497.95 4271.79 4221.54 4466.67 4275.38 4486.67 4297.44 1600 1750 2.248 0 0 0 0 
5 4353.85 4330.26 4094.36 4141.03 4662.05 3865.64 4510.26 4488.21 4261.54 4212.31 4462.05 4274.36 4482.56 4310.26 1602 1749 2.264 0 0 0 0 
6 4368.72 4339.49 4099.49 4145.64 4655.9 3861.54 4511.28 4489.23 4258.97 4206.15 4464.1 4276.92 4484.62 4325.13 1600 1745 2.264 0 0 0 0 
7 4378.97 4335.9 4099.49 4145.64 4655.38 3870.77 4539.49 4501.54 4255.9 4196.92 4464.62 4277.95 4490.26 4337.44 1600 1746 2.28 0 0 0 0 
8 4388.21 4338.46 4100 4148.21 4657.44 3874.36 4540 4504.62 4254.87 4194.87 4461.54 4280 4494.36 4345.64 1600 1744 2.28 0 0 0 0 
9 4393.85 4346.67 4103.59 4154.36 4656.92 3855.9 4494.87 4486.67 4253.85 4196.92 4463.59 4282.56 4496.41 4352.31 1601 1742 2.295 0 0 0 0 
10 4390.26 4343.59 4101.03 4155.38 4652.82 3845.13 4477.44 4470.77 4247.69 4191.28 4464.1 4281.03 4497.44 4355.9 1602 1738 2.311 0 0 0 0 
11 4387.18 4342.56 4097.44 4154.36 4652.31 3855.38 4496.92 4473.85 4246.15 4189.74 4462.56 4281.54 4500.51 4354.36 1602 1734 2.311 0 0 0 0 
12 4391.79 4350.77 4100.51 4159.49 4657.95 3858.46 4489.23 4477.95 4251.79 4198.46 4466.15 4284.1 4504.1 4350.26 1604 1730 2.311 0 0 0 0 
13 4385.64 4348.72 4098.97 4159.49 4660.51 3847.69 4464.62 4468.72 4250.26 4197.95 4463.59 4279.49 4496.41 4341.54 1604 1728 2.326 0 0 0 0 
14 4363.08 4334.87 4087.18 4145.13 4656.92 3846.67 4470.26 4452.82 4238.97 4185.64 4451.28 4267.18 4476.92 4322.05 1605 1727 2.326 0 0 0 0 
15 4351.79 4331.28 4083.08 4136.41 4658.46 3857.95 4488.72 4448.21 4236.92 4184.62 4449.23 4264.62 4464.1 4303.59 1604 1724 2.342 0 0 0 0 
16 4350.77 4330.77 4091.28 4138.46 4660.51 3863.08 4492.31 4457.95 4246.67 4191.79 4461.54 4270.26 4471.79 4294.87 1605 1723 2.342 0 0 0 0 
17 4341.03 4325.13 4095.38 4136.92 4662.05 3858.97 4483.59 4465.13 4255.38 4198.97 4466.15 4275.9 4480.51 4290.26 1605 1720 2.358 0 0 0 0 
18 4328.21 4317.44 4088.72 4125.13 4662.05 3854.87 4476.92 4460 4250.77 4199.49 4456.41 4273.85 4468.21 4280 1605 1720 2.358 0 0 0 0 
19 4315.9 4308.72 4075.9 4110.77 4653.33 3849.74 4473.33 4454.36 4238.97 4191.28 4449.74 4267.69 4454.87 4267.69 1605 1716 2.373 0 0 0 0 
20 4300.51 4298.46 4068.21 4104.62 4646.15 3844.1 4469.23 4454.87 4236.41 4186.15 4452.31 4261.03 4455.9 4255.9 1604 1718 2.373 0 0 0 0 
21 4287.18 4288.72 4062.56 4095.9 4646.15 3840.51 4468.72 4446.67 4234.36 4184.62 4451.79 4253.33 4445.13 4236.92 1605 1716 2.389 0 0 0 0 
22 4280 4283.08 4057.44 4086.67 4645.64 3837.44 4465.64 4438.46 4228.21 4182.56 4445.64 4252.31 4431.28 4226.15 1604 1717 2.389 0 0 0 0 
23 4277.44 4287.69 4061.03 4088.21 4645.64 3840 4464.1 4446.67 4231.28 4186.15 4448.21 4257.95 4435.9 4227.18 1604 1717 2.404 0 0 0 0 
24 4274.87 4290.77 4066.15 4094.36 4648.72 3846.67 4468.72 4454.36 4239.49 4191.28 4452.82 4258.46 4437.44 4224.62 1604 1719 2.404 0 0 0 0 
25 4270.26 4282.05 4062.56 4090.77 4647.18 3842.05 4467.69 4449.23 4239.49 4190.26 4450.26 4255.38 4431.28 4218.46 1604 1719 2.42 0 0 0 0 
26 4266.15 4275.9 4057.44 4085.13 4642.05 3835.9 4457.44 4444.1 4236.41 4187.69 4448.21 4255.38 4433.33 4215.38 1603 1720 2.436 0 0 0 0 
27 4268.21 4279.49 4062.05 4088.21 4643.08 3841.03 4457.44 4447.69 4238.46 4192.82 4450.26 4258.97 4437.95 4213.33 1605 1722 2.436 0 0 0 0 
28 4270.26 4282.56 4069.74 4095.38 4646.67 3845.64 4466.15 4450.26 4239.49 4195.9 4453.33 4261.03 4435.38 4211.79 1604 1724 2.436 0 0 0 0 
29 4267.18 4278.46 4065.64 4095.38 4646.15 3840 4461.54 4447.69 4235.9 4189.74 4451.28 4260.51 4431.28 4211.79 1604 1727 2.451 0 0 0 0 
30 4266.67 4275.38 4061.54 4094.87 4645.13 3836.41 4455.9 4446.67 4236.41 4186.67 4450.26 4262.56 4434.87 4215.9 1606 1728 2.467 0 0 0 0 
31 4274.36 4278.46 4067.69 4098.46 4644.62 3835.9 4458.46 4447.69 4238.46 4188.21 4451.79 4266.15 4442.56 4226.15 1605 1732 2.467 0 0 0 0 
32 4287.69 4287.18 4073.33 4102.56 4638.97 3831.79 4453.33 4445.64 4235.9 4186.67 4450.26 4266.15 4446.15 4236.41 1606 1733 2.482 0 0 0 0 
33 4306.15 4299.49 4080 4110.77 4638.46 3832.82 4448.72 4447.69 4236.41 4188.72 4454.36 4269.74 4457.44 4255.9 1605 1736 2.482 0 0 0 0 
34 4326.67 4308.21 4090.77 4122.56 4643.59 3834.87 4452.31 4449.74 4236.92 4187.69 4464.1 4275.38 4472.31 4282.05 1606 1740 2.482 0 0 0 0 
35 4343.59 4312.82 4096.41 4128.21 4642.05 3831.28 4450.26 4444.1 4228.72 4177.95 4462.05 4275.38 4475.38 4297.44 1605 1743 2.498 0 0 0 0 
36 4354.87 4317.44 4099.49 4129.74 4638.97 3829.74 4444.62 4441.54 4223.59 4176.41 4454.36 4278.46 4473.85 4306.67 1605 1745 2.514 0 0 0 0 
37 4360.51 4320 4102.05 4133.33 4640.51 3827.18 4444.1 4445.64 4222.56 4177.95 4455.38 4281.54 4477.44 4316.41 1604 1748 2.514 0 0 0 0 
38 4367.18 4322.05 4103.59 4138.97 4638.46 3824.1 4443.59 4446.15 4218.97 4171.28 4458.46 4277.44 4482.05 4326.67 1605 1749 2.514 0 0 0 0 
39 4374.87 4322.56 4104.1 4141.03 4635.9 3827.18 4441.54 4442.05 4217.44 4169.23 4458.97 4275.9 4484.62 4335.38 1603 1750 2.529 0 0 0 0 
40 4372.31 4322.05 4106.15 4143.08 4636.41 3830.77 4445.64 4445.13 4221.03 4171.79 4461.03 4278.46 4484.62 4337.95 1602 1750 2.545 0 0 0 0 
41 4364.1 4316.92 4103.59 4140.51 4631.79 3831.28 4458.97 4453.85 4216.92 4162.05 4456.41 4274.36 4471.79 4330.77 1602 1747 2.545 0 0 0 0 
42 4355.9 4309.23 4093.33 4128.21 4623.08 3831.28 4464.1 4455.38 4210.26 4149.74 4445.64 4267.69 4454.87 4319.49 1601 1747 2.56 0 0 0 0 
43 4347.69 4306.15 4086.15 4122.56 4622.56 3824.62 4447.69 4449.74 4212.31 4153.33 4446.67 4268.72 4454.36 4313.33 1602 1746 2.56 0 0 0 0 
44 4333.85 4302.56 4080 4123.08 4623.59 3815.38 4434.87 4443.08 4211.28 4154.36 4453.33 4268.21 4459.49 4304.62 1601 1743 2.56 0 0 0 0 
45 4322.05 4297.95 4073.85 4120.51 4622.56 3818.46 4434.87 4433.33 4204.1 4149.23 4448.72 4262.05 4453.85 4295.38 1602 1742 2.576 0 0 0 0 
46 4319.49 4297.44 4071.28 4119.49 4623.08 3821.03 4428.21 4432.82 4207.18 4155.38 4443.59 4260.51 4447.18 4290.77 1603 1737 2.576 0 0 0 0 
47 4312.82 4294.87 4068.72 4117.44 4622.56 3815.38 4416.41 4443.08 4213.85 4160.51 4448.21 4261.54 4446.15 4283.08 1603 1734 2.592 0 0 0 0 
48 4298.97 4287.18 4063.08 4107.69 4620 3813.85 4416.92 4437.95 4209.23 4156.92 4449.23 4254.87 4441.54 4271.28 1604 1731 2.607 0 0 0 0 
49 4286.67 4282.56 4052.82 4094.87 4617.95 3816.92 4423.59 4415.38 4196.92 4149.74 4440 4247.18 4427.69 4257.44 1604 1729 2.607 0 0 0 0 
50 4276.41 4278.46 4046.67 4088.21 4614.87 3814.87 4422.56 4404.62 4190.77 4143.08 4435.38 4245.13 4415.9 4241.54 1605 1725 2.623 0 0 0 0 
51 4269.23 4272.31 4049.74 4087.18 4615.38 3812.82 4415.9 4412.31 4193.33 4143.08 4439.49 4246.15 4412.82 4231.79 1605 1723 2.623 0 0 0 0 
52 4263.59 4270.26 4049.23 4084.1 4617.95 3814.87 4412.31 4420.51 4200.51 4149.74 4441.03 4248.72 4414.36 4233.33 1605 1721 2.638 0 0 0 0 
53 4253.33 4273.33 4043.08 4077.95 4617.95 3816.41 4420.51 4426.15 4207.18 4150.26 4439.49 4250.26 4411.28 4229.23 1605 1720 2.638 0 0 0 0 
54 4243.08 4274.36 4039.49 4073.33 4616.92 3811.79 4419.49 4420 4201.54 4146.15 4440 4247.69 4406.15 4218.97 1604 1720 2.654 0 0 0 0 
55 4242.05 4272.82 4038.97 4070.77 4615.38 3804.62 4406.15 4404.62 4191.28 4147.69 4440 4242.56 4405.64 4215.9 1605 1719 2.654 0 0 0 0 
56 4242.56 4273.85 4037.95 4071.79 4617.95 3811.28 4413.33 4407.18 4198.97 4153.85 4440 4244.62 4409.74 4215.9 1604 1719 2.67 0 0 0 0 
57 4244.1 4276.92 4042.05 4079.49 4624.62 3822.56 4430.77 4422.56 4213.85 4160 4444.1 4251.28 4414.36 4219.49 1605 1719 2.67 0 0 0 0 
58 4246.15 4277.95 4047.18 4085.64 4625.64 3822.05 4436.41 4424.62 4212.82 4165.64 4445.13 4254.36 4413.85 4225.13 1605 1719 2.685 0 0 0 0 
59 4249.23 4283.08 4047.18 4088.21 4623.08 3822.05 4438.46 4420.51 4211.28 4169.74 4444.62 4252.31 4417.44 4228.21 1604 1721 2.685 0 0 0 0 
60 4251.79 4288.21 4045.64 4089.23 4624.62 3827.18 4441.54 4423.08 4218.46 4170.77 4449.74 4254.36 4426.15 4231.79 1606 1720 2.701 0 0 0 0 
61 4254.87 4287.18 4046.15 4091.28 4625.13 3828.21 4441.54 4426.15 4220 4172.82 4452.31 4260.51 4427.69 4241.54 1604 1723 2.701 0 0 0 0 
62 4264.62 4290.26 4050.26 4098.46 4623.59 3824.62 4441.03 4424.1 4216.92 4175.38 4449.23 4262.56 4429.74 4253.85 1607 1725 2.716 0 0 0 0 
63 4280 4300.51 4058.97 4110.77 4627.18 3827.18 4444.62 4423.08 4218.46 4176.92 4452.31 4265.13 4443.08 4269.23 1606 1726 2.716 0 0 0 0 
64 4298.97 4309.23 4071.28 4124.1 4629.23 3834.36 4447.18 4426.15 4223.59 4182.05 4461.54 4271.28 4461.54 4292.31 1606 1729 2.732 0 0 0 0 
65 4320.51 4315.38 4077.44 4131.79 4626.67 3832.82 4446.15 4428.21 4222.05 4184.1 4463.08 4274.87 4470.77 4316.92 1607 1729 2.732 0 0 0 0 
66 4334.87 4319.49 4075.38 4133.33 4627.18 3824.1 4440.51 4423.08 4213.33 4176.41 4454.87 4274.87 4471.28 4329.74 1607 1732 2.748 0 0 0 0 
67 4335.9 4318.97 4073.33 4132.31 4625.13 3821.54 4437.95 4417.95 4208.21 4170.77 4446.67 4269.74 4468.72 4328.72 1606 1732 2.748 0 0 0 0 
68 4341.54 4323.59 4076.41 4136.41 4623.59 3828.72 4444.62 4424.1 4213.85 4177.44 4451.79 4269.23 4476.41 4337.44 1606 1736 2.763 0 0 0 0 
69 4357.44 4336.41 4083.08 4147.18 4631.79 3835.9 4450.77 4434.87 4222.56 4187.69 4462.56 4275.38 4494.36 4358.97 1605 1737 2.763 0 0 0 0 
70 4359.49 4337.95 4080.51 4148.21 4632.31 3830.26 4443.59 4430.77 4216.92 4183.08 4459.49 4273.33 4493.85 4359.49 1605 1741 2.779 0 0 0 0 
71 4352.31 4330.77 4070.77 4143.08 4625.13 3824.62 4436.41 4423.59 4209.23 4175.9 4452.82 4267.18 4486.67 4349.23 1604 1741 2.779 0 0 0 0 
72 4351.79 4333.33 4072.82 4148.72 4628.72 3832.31 4446.67 4429.74 4218.97 4184.1 4453.85 4269.23 4492.31 4352.82 1602 1742 2.794 0 0 0 0 
73 4349.74 4333.33 4075.38 4152.82 4633.85 3838.97 4457.44 4435.9 4225.13 4187.18 4453.85 4268.21 4489.74 4351.28 1603 1742 2.794 0 0 0 0 
74 4341.03 4325.64 4067.18 4145.64 4629.74 3836.92 4457.44 4435.38 4220 4178.97 4455.38 4261.54 4482.05 4342.56 1602 1741 2.81 0 0 0 0 
75 4327.18 4321.54 4060 4138.46 4629.23 3841.03 4462.56 4438.97 4221.03 4175.9 4456.41 4262.56 4482.56 4335.38 1603 1741 2.81 0 0 0 0 
76 4313.33 4314.36 4057.44 4136.92 4630.77 3849.74 4470.26 4444.62 4226.67 4172.82 4449.74 4260 4472.31 4321.03 1602 1739 2.826 0 0 0 0 
77 4305.64 4306.15 4053.33 4135.38 4628.72 3850.77 4466.67 4437.95 4223.59 4165.64 4446.67 4253.33 4454.87 4305.13 1602 1737 2.826 0 0 0 0 
78 4295.9 4302.05 4048.21 4127.69 4626.15 3844.1 4456.92 4427.18 4218.97 4162.56 4450.77 4254.36 4449.74 4292.82 1602 1736 2.841 0 0 0 0 
79 4284.1 4298.97 4047.69 4121.54 4621.03 3833.33 4450.26 4428.72 4223.59 4167.18 4448.21 4258.97 4449.74 4289.23 1601 1736 2.841 0 0 0 0 
80 4287.69 4300.51 4053.85 4126.15 4619.49 3829.23 4443.08 4433.85 4232.31 4178.97 4447.18 4262.05 4457.95 4298.46 1603 1734 2.857 0 0 0 0 
81 4292.31 4306.67 4058.46 4131.79 4627.69 3834.36 4438.46 4439.49 4242.05 4192.31 4456.41 4266.15 4471.79 4304.1 1602 1735 2.857 0 0 0 0 
82 4281.54 4305.13 4055.38 4127.69 4634.87 3838.46 4436.41 4444.62 4247.18 4197.95 4464.62 4264.62 4472.31 4294.87 1604 1733 2.872 0 0 0 0 
83 4266.15 4301.03 4051.79 4126.67 4634.36 3843.08 4443.59 4438.97 4244.1 4192.82 4460.51 4257.44 4463.08 4284.62 1602 1732 2.872 0 0 0 0 
84 4253.85 4301.54 4053.85 4127.69 4632.82 3847.69 4454.36 4434.87 4237.95 4187.18 4451.28 4258.46 4458.46 4281.54 1604 1731 2.888 0 0 0 0 
85 4244.62 4297.95 4054.36 4121.03 4633.33 3843.59 4447.69 4431.28 4234.87 4187.18 4452.31 4262.56 4453.85 4278.46 1603 1728 2.888 0 0 0 0 
86 4241.54 4296.92 4055.38 4120 4634.87 3843.59 4439.49 4422.05 4235.38 4193.33 4456.41 4261.54 4447.18 4273.85 1604 1728 2.904 0 0 0 0 
87 4236.41 4302.05 4055.38 4122.56 4635.38 3850.77 4448.72 4420 4236.92 4193.85 4457.44 4258.97 4447.69 4265.64 1604 1727 2.904 0 0 0 0 
88 4227.18 4301.03 4051.28 4116.41 4633.33 3848.21 4447.69 4430.26 4239.49 4190.77 4458.97 4258.46 4452.82 4260.51 1604 1726 2.919 0 0 0 0 
89 4220.51 4293.33 4051.28 4112.31 4634.87 3845.64 4438.97 4438.97 4243.08 4197.44 4458.97 4260.51 4452.31 4262.05 1604 1725 2.919 0 0 0 0 
90 4212.82 4287.18 4051.28 4110.77 4633.85 3850.26 4446.15 4443.59 4242.05 4195.9 4454.36 4258.46 4446.67 4260 1604 1726 2.935 0 0 0 0 
91 4208.21 4288.72 4047.69 4109.23 4632.31 3846.67 4445.64 4440 4237.44 4188.21 4454.87 4254.87 4447.18 4256.41 1605 1725 2.935 0 0 0 0 
92 4212.31 4294.36 4051.28 4114.87 4638.97 3843.08 4430.26 4429.23 4237.95 4195.38 4457.95 4256.41 4454.36 4260 1604 1726 2.95 0 0 0 0 
93 4209.74 4292.82 4054.87 4117.95 4642.05 3845.64 4426.15 4424.1 4237.44 4201.54 4452.82 4256.92 4452.31 4260.51 1605 1726 2.95 0 0 0 0 
94 4203.08 4289.23 4049.74 4113.85 4634.87 3842.56 4429.23 4420.51 4229.74 4194.87 4451.79 4254.36 4449.23 4258.97 1604 1726 2.966 0 0 0 0 
95 4212.82 4295.9 4047.69 4114.36 4633.85 3838.97 4428.21 4413.85 4224.62 4189.74 4456.41 4259.49 4455.9 4265.13 1606 1727 2.966 0 0 0 0 
96 4232.82 4306.15 4060 4125.13 4641.03 3840.51 4432.82 4414.36 4227.18 4193.33 4458.97 4270.26 4467.18 4284.1 1605 1727 2.982 0 0 0 0 
97 4249.23 4317.44 4074.87 4138.97 4641.54 3844.1 4443.08 4424.1 4231.79 4199.49 4462.56 4278.46 4478.46 4311.79 1605 1729 2.982 0 0 0 0 
98 4261.54 4326.67 4076.92 4145.64 4637.44 3843.08 4445.64 4426.67 4227.18 4196.41 4463.59 4280.51 4480.51 4326.15 1606 1730 2.997 0 0 0 0 
99 4272.31 4330.77 4080.51 4149.23 4640.51 3843.59 4444.62 4425.13 4227.18 4190.77 4462.56 4280.51 4486.15 4332.31 1605 1732 2.997 0 0 0 0 
100 4283.59 4336.41 4092.82 4159.49 4648.21 3848.21 4448.21 4430.26 4237.95 4201.54 4466.67 4284.62 4502.05 4352.82 1606 1732 3.013 0 0 0 0 
101 4292.31 4343.08 4095.38 4166.15 4647.69 3847.69 4448.21 4431.28 4239.49 4210.26 4468.72 4285.64 4507.69 4369.74 1605 1733 3.013 0 0 0 0 
102 4290.77 4342.05 4084.1 4160 4639.49 3840.51 4441.03 4426.15 4228.21 4199.49 4463.08 4280.51 4500 4366.15 1605 1735 3.028 0 0 0 0 
103 4281.54 4333.33 4076.92 4148.72 4631.79 3831.79 4434.87 4421.54 4222.05 4187.69 4455.9 4272.82 4488.21 4355.9 1605 1736 3.028 0 0 0 0 
104 4278.46 4330.26 4079.49 4148.72 4631.28 3829.23 4432.82 4418.97 4223.59 4189.74 4455.38 4270.26 4485.13 4356.41 1605 1737 3.044 0 0 0 0 
105 4279.49 4332.31 4082.05 4153.85 4630.77 3836.41 4438.46 4419.49 4225.13 4192.82 4464.1 4272.31 4493.85 4358.97 1604 1741 3.044 0 0 0 0 
106 4266.67 4325.64 4075.9 4145.13 4626.67 3839.49 4443.59 4419.49 4221.54 4184.62 4466.15 4267.18 4494.36 4349.74 1604 1740 3.06 0 0 0 0 
107 4246.15 4311.28 4067.69 4134.36 4625.13 3833.33 4439.49 4418.97 4218.97 4176.41 4453.33 4258.46 4476.92 4332.31 1603 1741 3.06 0 0 0 0 
108 4238.97 4304.62 4067.69 4133.85 4626.15 3835.9 4439.49 4419.49 4221.54 4177.95 4446.15 4258.97 4465.13 4321.54 1604 1740 3.075 0 0 0 0 
109 4237.44 4304.62 4067.18 4134.87 4624.1 3842.56 4443.08 4424.1 4225.13 4185.13 4452.31 4263.08 4474.87 4317.44 1603 1739 3.075 0 0 0 0 
110 4222.56 4297.95 4057.95 4130.26 4622.56 3837.44 4438.97 4440 4229.74 4185.64 4452.31 4259.49 4476.92 4305.13 1604 1737 3.091 0 0 0 0 
111 4202.56 4286.67 4048.21 4120.51 4620.51 3832.82 4440.51 4445.64 4225.64 4174.87 4444.1 4251.28 4460 4286.15 1603 1736 3.091 0 0 0 0 
112 4195.38 4284.62 4047.69 4116.41 4620 3840.51 4444.1 4422.05 4216.92 4171.28 4444.62 4247.18 4451.28 4276.41 1604 1734 3.106 0 0 0 0 
113 4194.36 4290.26 4049.23 4120.51 4626.15 3843.08 4432.31 4408.21 4221.03 4181.54 4447.18 4247.69 4454.87 4273.85 1603 1733 3.106 0 0 0 0 
114 4182.56 4285.13 4044.1 4116.92 4626.15 3833.85 4417.95 4423.59 4227.69 4184.1 4443.08 4248.21 4447.18 4264.1 1604 1732 3.122 0 0 0 0 
115 4165.64 4274.87 4036.92 4104.62 4617.44 3829.74 4420.51 4425.13 4222.56 4174.36 4437.44 4241.54 4437.44 4249.74 1604 1731 3.122 0 0 0 0 
116 4157.44 4271.79 4034.36 4101.54 4616.41 3833.33 4426.67 4406.67 4217.44 4172.31 4439.49 4233.85 4440.51 4244.62 1602 1732 3.138 0 0 0 0 
117 4157.95 4274.87 4036.41 4106.15 4622.56 3836.41 4424.1 4404.1 4222.56 4182.05 4444.62 4236.41 4442.05 4244.62 1604 1731 3.138 0 0 0 0 
118 4160 4275.38 4040 4108.72 4626.67 3834.87 4416.41 4415.9 4228.21 4189.74 4445.64 4245.13 4440 4244.1 1602 1730 3.153 0 0 0 0 
119 4156.41 4275.38 4039.49 4109.23 4625.13 3831.79 4414.87 4417.44 4228.21 4188.21 4446.15 4246.15 4444.62 4246.67 1603 1729 3.153 0 0 0 0 
120 4149.74 4272.31 4035.38 4104.1 4621.03 3830.26 4418.97 4413.33 4225.13 4184.62 4447.18 4244.1 4445.13 4243.59 1602 1728 3.169 0 0 0 0 
121 4149.74 4268.72 4036.92 4101.54 4617.95 3829.23 4420 4413.85 4223.59 4185.64 4447.18 4246.67 4438.97 4235.9 1602 1728 3.169 0 0 0 0 
122 4152.82 4271.79 4044.62 4107.18 4620.51 3836.41 4430.26 4422.56 4228.21 4190.77 4451.28 4249.23 4443.59 4237.44 1602 1728 3.184 0 0 0 0 
123 4149.23 4269.23 4045.13 4105.13 4623.59 3844.1 4447.69 4429.23 4232.82 4191.28 4454.87 4249.74 4454.36 4242.05 1604 1728 3.184 0 0 0 0 
124 4151.28 4268.72 4043.08 4105.64 4627.18 3843.08 4443.59 4428.21 4232.82 4192.31 4451.28 4252.82 4455.38 4246.15 1603 1727 3.2 0 0 0 0 
125 4162.05 4277.44 4051.79 4115.9 4631.79 3841.03 4429.23 4425.64 4233.33 4199.49 4448.21 4256.92 4453.33 4251.79 1604 1728 3.2 0 0 0 0 
126 4167.69 4282.56 4060 4118.46 4631.79 3841.03 4429.23 4425.64 4238.97 4205.13 4452.82 4258.97 4461.03 4261.03 1604 1727 3.216 0 0 0 0 
127 4169.74 4277.44 4054.87 4113.33 4626.67 3833.85 4429.23 4424.62 4238.97 4203.08 4453.85 4260.51 4469.23 4272.31 1605 1729 3.216 0 0 0 0 
128 4183.59 4284.1 4053.33 4118.97 4622.56 3827.69 4421.03 4422.56 4233.33 4197.95 4450.77 4262.56 4467.18 4286.67 1606 1729 3.231 0 0 0 0 
0 4204.62 4301.03 4066.67 4130.77 4627.69 3834.87 4426.15 4423.59 4235.38 4199.49 4451.28 4267.18 4467.69 4301.54 1605 1732 3.231 0 0 0 0 
1 4223.59 4309.74 4077.95 4141.54 4638.46 3845.13 4440 4429.74 4244.62 4206.67 4455.9 4273.33 4484.1 4323.08 1607 1733 3.247 0 0 0 0 
2 4240.51 4316.92 4084.1 4153.85 4641.54 3845.13 4439.49 4434.87 4247.69 4213.85 4464.1 4275.38 4506.67 4348.72 1606 1733 3.247 0 0 0 0 
3 4254.36 4326.15 4091.28 4164.1 4641.03 3842.05 4436.92 4436.92 4250.26 4214.87 4466.67 4276.41 4516.41 4365.64 1606 1736 3.262 0 0 0 0 
4 4261.54 4332.82 4093.85 4167.69 4641.54 3845.64 4443.08 4434.36 4251.79 4211.79 4462.56 4275.38 4510.26 4372.31 1606 1738 3.262 0 0 0 0 
5 4260.51 4333.33 4089.74 4167.18 4642.05 3847.18 4442.05 4431.79 4248.21 4211.28 4462.05 4270.26 4508.21 4373.85 1606 1741 3.278 0 0 0 0 
6 4261.03 4332.31 4087.18 4167.69 4643.59 3844.62 4440 4434.36 4251.28 4213.33 4464.1 4268.21 4517.95 4376.92 1605 1744 3.278 0 0 0 0 
7 4257.44 4327.18 4082.56 4165.64 4641.54 3844.1 4440.51 4431.79 4250.26 4206.15 4461.03 4268.72 4514.87 4372.82 1605 1747 3.294 0 0 0 0 
8 4246.67 4320.51 4076.41 4161.03 4635.9 3843.08 4437.44 4426.67 4244.1 4199.49 4457.44 4263.08 4499.49 4362.56 1604 1748 3.294 0 0 0 0 
9 4235.38 4316.92 4077.44 4157.95 4636.41 3844.1 4440.51 4431.28 4246.67 4202.56 4456.41 4259.49 4499.49 4356.41 1603 1750 3.309 0 0 0 0 
10 4226.15 4309.74 4076.41 4151.79 4636.92 3844.62 4442.56 4433.33 4248.72 4200 4455.9 4259.49 4500.51 4348.72 1603 1748 3.309 0 0 0 0 
11 4216.41 4306.15 4068.72 4146.15 4633.85 3843.59 4438.97 4429.23 4243.08 4195.9 4454.87 4254.87 4484.62 4335.9 1602 1748 3.325 0 0 0 0 
12 4205.13 4301.54 4062.05 4146.15 4634.36 3847.69 4453.33 4431.28 4240.51 4192.31 4449.23 4249.74 4472.31 4321.54 1602 1746 3.325 0 0 0 0 
13 4190.77 4293.85 4060.51 4142.05 4633.85 3852.31 4466.67 4444.1 4241.54 4185.64 4444.1 4249.74 4471.28 4308.72 1600 1745 3.34 0 0 0 0 
14 4183.59 4295.9 4062.05 4143.59 4631.79 3846.67 4451.79 4468.21 4251.28 4193.85 4448.21 4251.28 4474.87 4305.64 1601 1744 3.34 0 0 0 0 
15 4187.18 4301.03 4063.59 4151.28 4636.92 3841.03 4435.9 4473.33 4261.54 4210.26 4451.28 4254.36 4476.41 4308.21 1601 1743 3.356 0 0 0 0 
16 4186.15 4294.87 4065.64 4148.21 4645.13 3852.31 4453.33 4455.38 4254.87 4207.69 4449.74 4257.95 4475.38 4303.59 1601 1740 3.356 0 0 0 0 
17 4176.92 4287.69 4067.69 4142.05 4648.72 3861.54 4471.79 4464.1 4253.85 4202.05 4449.74 4257.44 4474.36 4294.36 1602 1738 3.372 0 0 0 0 
18 4170.77 4290.26 4065.13 4143.59 4647.69 3849.23 4452.31 4484.62 4264.1 4207.18 4451.79 4251.79 4474.87 4287.18 1603 1736 3.372 0 0 0 0 
19 4167.69 4289.74 4062.05 4145.64 4650.77 3843.59 4435.38 4472.31 4264.62 4211.79 4454.87 4250.77 4476.92 4283.59 1603 1734 3.387 0 0 0 0 
20 4164.1 4289.23 4060.51 4145.13 4656.92 3858.46 4454.87 4460 4258.46 4211.28 4455.9 4252.31 4474.36 4282.05 1602 1733 3.387 0 0 0 0 
21 4158.97 4293.33 4057.44 4146.15 4662.05 3865.64 4466.67 4469.23 4261.03 4210.77 4453.85 4251.28 4471.28 4277.44 1604 1730 3.403 0 0 0 0 
22 4156.92 4292.31 4056.92 4143.59 4664.1 3857.44 4453.33 4477.95 4264.1 4212.82 4451.79 4250.26 4473.85 4270.77 1603 1728 3.403 0 0 0 0 
23 4154.36 4287.18 4055.38 4135.38 4660 3856.92 4454.36 4487.18 4263.08 4215.38 4449.74 4252.31 4469.23 4264.1 1605 1726 3.418 0 0 0 0 
24 4147.69 4285.64 4052.82 4133.33 4658.97 3864.1 4468.21 4507.69 4266.67 4216.92 4450.26 4256.41 4463.08 4262.05 1603 1723 3.418 0 0 0 0 
25 4145.64 4288.72 4055.38 4136.92 4663.59 3861.03 4465.13 4516.41 4270.77 4217.95 4453.33 4255.9 4469.23 4263.08 1603 1723 3.434 0 0 0 0 
26 4149.23 4288.21 4058.97 4139.49 4663.59 3857.44 4459.49 4512.82 4269.23 4220 4453.85 4253.85 4475.38 4266.15 1603 1722 3.434 0 0 0 0 
27 4153.33 4288.21 4061.03 4141.54 4663.08 3862.05 4464.62 4510.26 4265.64 4220.51 4451.79 4258.46 4472.31 4271.28 1602 1722 3.45 0 0 0 0 
28 4154.36 4293.85 4065.13 4144.62 4669.74 3866.15 4470.77 4515.38 4268.21 4222.05 4452.31 4264.1 4477.95 4276.92 1602 1721 3.45 0 0 0 0 
29 4161.54 4300.51 4071.79 4151.28 4676.41 3867.18 4469.23 4528.72 4274.87 4232.31 4457.44 4266.67 4492.31 4288.21 1601 1722 3.465 0 0 0 0 
30 4170.26 4304.1 4071.79 4156.41 4673.85 3865.64 4460.51 4533.33 4272.31 4237.44 4462.56 4267.18 4495.38 4296.92 1602 1721 3.465 0 0 0 0 
31 4177.44 4305.64 4069.23 4153.85 4669.23 3861.03 4457.95 4529.23 4264.62 4228.21 4461.03 4265.64 4489.74 4300.51 1602 1723 3.481 0 0 0 0 
32 4193.33 4314.36 4073.85 4158.97 4669.23 3861.03 4468.72 4531.28 4264.1 4224.62 4461.03 4267.18 4492.31 4314.87 1603 1725 3.481 0 0 0 0 
33 4215.38 4325.13 4081.54 4175.38 4674.87 3864.62 4477.95 4534.87 4266.67 4232.31 4466.15 4275.38 4503.59 4341.03 1603 1728 3.496 0 0 0 0 
34 4229.23 4327.69 4085.13 4182.56 4677.95 3867.18 4477.44 4529.74 4267.69 4232.31 4468.21 4281.54 4512.31 4357.44 1604 1728 3.496 0 0 0 0 
35 4235.9 4329.74 4085.13 4179.49 4674.36 3866.15 4475.38 4516.92 4264.1 4224.1 4466.15 4277.95 4513.85 4361.54 1604 1730 3.512 0 0 0 0 
36 4241.54 4333.85 4083.59 4180.51 4666.67 3860 4470.77 4501.54 4254.87 4214.36 4462.56 4273.33 4510.26 4367.69 1605 1732 3.512 0 0 0 0 
37 4244.62 4336.41 4085.64 4184.62 4665.13 3856.41 4465.64 4490.77 4252.82 4210.77 4460.51 4275.38 4508.72 4374.36 1605 1734 3.528 0 0 0 0 
38 4248.21 4337.95 4088.72 4182.05 4666.15 3857.44 4464.62 4483.59 4256.92 4216.41 4462.05 4274.87 4516.92 4379.49 1605 1736 3.528 0 0 0 0 
39 4254.36 4339.49 4091.28 4183.59 4665.64 3863.08 4467.69 4481.03 4256.41 4225.13 4468.72 4275.38 4529.23 4387.69 1605 1739 3.543 0 0 0 0 
40 4251.79 4336.92 4091.79 4188.72 4668.72 3868.72 4474.36 4484.62 4259.49 4229.74 4473.85 4278.46 4534.87 4392.31 1606 1741 3.543 0 0 0 0 
41 4236.92 4325.64 4084.62 4181.54 4668.72 3862.56 4471.28 4482.56 4260 4223.59 4465.13 4269.74 4527.69 4379.49 1604 1744 3.559 0 0 0 0 
42 4226.15 4321.03 4076.41 4172.31 4663.59 3855.38 4464.62 4472.31 4253.33 4216.41 4455.9 4261.03 4514.36 4362.05 1605 1746 3.559 0 0 0 0 
43 4222.56 4323.59 4074.36 4170.26 4658.97 3860 4466.67 4467.69 4250.77 4215.9 4459.49 4264.62 4506.67 4352.31 1604 1747 3.574 0 0 0 0 
44 4205.64 4318.97 4068.21 4166.15 4654.36 3861.03 4465.13 4469.74 4252.82 4214.87 4464.62 4261.03 4505.13 4341.54 1603 1746 3.574 0 0 0 0 
45 4185.13 4308.21 4055.38 4157.95 4650.77 3851.79 4457.95 4465.13 4248.72 4208.21 4454.36 4248.72 4496.92 4326.15 1603 1744 3.59 0 0 0 0 
46 4172.82 4295.38 4045.13 4147.69 4646.67 3851.28 4462.56 4460.51 4238.97 4195.9 4440 4243.08 4474.87 4304.62 1602 1743 3.59 0 0 0 0 
47 4157.95 4282.56 4036.92 4133.85 4641.54 3852.82 4464.62 4471.28 4234.87 4186.15 4441.54 4243.08 4451.28 4282.56 1602 1742 3.606 0 0 0 0 
48 4143.59 4275.9 4028.72 4125.64 4638.97 3842.56 4437.44 4477.44 4238.97 4185.64 4448.21 4241.54 4447.69 4272.82 1601 1742 3.606 0 0 0 0 
49 4142.05 4276.92 4031.79 4132.31 4642.05 3835.9 4408.72 4467.69 4243.59 4191.79 4448.21 4243.08 4461.54 4272.31 1601 1741 3.621 0 0 0 0 
50 4145.64 4281.54 4041.03 4143.08 4648.72 3843.59 4406.67 4456.41 4244.62 4198.46 4446.67 4248.21 4470.26 4273.33 1602 1740 3.621 0 0 0 0 
51 4144.1 4288.72 4047.18 4148.72 4655.38 3852.82 4414.87 4455.38 4248.72 4207.18 4448.21 4253.33 4472.31 4275.9 1603 1736 3.637 0 0 0 0 
52 4143.59 4290.26 4049.23 4149.23 4653.85 3848.21 4408.72 4464.62 4255.9 4212.31 4449.74 4257.44 4472.82 4273.85 1601 1734 3.637 0 0 0 0 
53 4142.56 4283.59 4046.67 4145.13 4647.18 3840.51 4396.92 4463.59 4249.74 4205.64 4446.67 4254.87 4465.13 4262.56 1603 1732 3.652 0 0 0 0 
54 4137.44 4284.62 4042.05 4143.59 4648.21 3848.72 4407.69 4448.72 4235.9 4198.46 4445.64 4249.23 4454.87 4256.92 1603 1730 3.652 0 0 0 0 
55 4130.77 4281.54 4039.49 4144.1 4653.85 3858.97 4422.05 4442.05 4232.82 4197.95 4447.69 4248.21 4458.46 4261.54 1603 1729 3.668 0 0 0 0 
56 4128.21 4260.51 4036.92 4142.56 4653.33 3850.77 4412.31 4451.28 4243.08 4201.03 4450.26 4251.28 4464.1 4263.08 1604 1728 3.668 0 0 0 0 
57 4126.15 4243.59 4035.38 4140.51 4648.72 3848.72 4410.77 4461.03 4252.31 4207.18 4452.82 4251.28 4464.62 4260 1603 1727 3.684 0 0 0 0 
58 4124.62 4238.97 4042.56 4142.56 4650.77 3861.54 4428.72 4462.05 4251.28 4210.77 4453.85 4251.79 4467.69 4261.03 1604 1726 3.684 0 0 0 0 
59 4130.77 4229.23 4047.69 4144.1 4655.38 3857.95 4426.15 4457.95 4243.59 4206.15 4451.28 4253.85 4466.67 4264.1 1604 1726 3.699 0 0 0 0 
60 4136.92 4221.03 4045.64 4142.56 4652.31 3845.13 4407.18 4450.26 4237.95 4198.46 4448.72 4251.79 4463.08 4271.28 1604 1725 3.699 0 0 0 0 
61 4143.08 4222.05 4046.15 4143.08 4644.1 3842.05 4403.08 4444.62 4233.85 4192.31 4448.72 4251.28 4464.1 4277.44 1604 1726 3.715 0 0 0 0 
62 4162.05 4227.18 4053.85 4149.74 4644.62 3842.56 4408.21 4446.67 4233.85 4191.28 4448.21 4257.44 4473.85 4288.72 1605 1727 3.715 0 0 0 0 
63 4184.1 4234.36 4063.08 4162.05 4646.67 3840.51 4410.26 4448.72 4234.87 4195.38 4452.31 4265.13 4487.69 4312.82 1604 1727 3.73 0 0 0 0 
64 4194.87 4241.03 4066.67 4168.72 4640.51 3837.95 4407.69 4442.56 4227.69 4193.33 4456.92 4267.69 4496.41 4333.33 1605 1729 3.73 0 0 0 0 
65 4208.72 4243.59 4069.23 4173.85 4643.08 3840.51 4408.72 4438.97 4223.08 4188.72 4457.44 4269.23 4500 4344.62 1605 1728 3.746 0 0 0 0 
66 4225.13 4249.23 4074.87 4183.08 4653.85 3845.13 4416.92 4441.54 4226.67 4190.77 4457.95 4271.28 4504.1 4357.95 1605 1732 3.746 0 0 0 0 
67 4230.26 4257.44 4080 4192.82 4654.87 3843.59 4421.03 4442.05 4228.72 4194.36 4462.56 4275.9 4513.85 4372.31 1606 1732 3.762 0 0 0 0 
68 4231.28 4261.03 4081.03 4197.44 4651.28 3840.51 4418.46 4442.05 4227.18 4194.36 4467.18 4276.92 4523.59 4378.97 1605 1734 3.762 0 0 0 0 
69 4234.36 4260.51 4077.44 4197.95 4654.87 3845.13 4424.1 4449.23 4233.33 4198.97 4468.21 4275.9 4523.59 4378.46 1606 1735 3.777 0 0 0 0 
70 4233.33 4261.54 4074.87 4205.13 4664.1 3853.33 4438.97 4457.95 4246.67 4212.31 4467.69 4277.44 4523.59 4378.97 1606 1736 3.777 0 0 0 0 
71 4228.21 4257.95 4075.38 4211.79 4666.67 3855.9 4444.1 4458.46 4250.77 4215.38 4468.72 4274.87 4529.74 4376.92 1606 1738 3.793 0 0 0 0 
72 4217.44 4245.64 4070.77 4207.18 4663.08 3856.41 4445.13 4457.95 4247.69 4208.72 4468.21 4269.23 4527.69 4367.69 1606 1740 3.793 0 0 0 0 
73 4202.56 4237.44 4061.03 4200.51 4664.1 3856.41 4450.77 4458.97 4248.72 4209.74 4462.56 4264.1 4508.72 4353.33 1606 1741 3.808 0 0 0 0 
74 4193.85 4236.41 4056.41 4197.95 4665.13 3854.36 4449.74 4454.36 4244.62 4210.26 4457.44 4258.46 4498.46 4338.46 1604 1744 3.808 0 0 0 0 
75 4187.18 4226.15 4055.9 4196.41 4659.49 3854.36 4449.23 4448.72 4234.36 4201.03 4457.44 4253.33 4498.46 4323.08 1605 1747 3.824 0 0 0 0 
76 4171.79 4209.74 4050.26 4191.79 4652.31 3860.51 4457.95 4452.31 4233.85 4189.23 4451.79 4251.79 4479.49 4302.56 1604 1747 3.824 0 0 0 0 
77 4156.41 4202.56 4043.08 4184.1 4648.21 3865.64 4460 4457.44 4240 4184.62 4447.18 4250.26 4461.54 4287.69 1603 1747 3.84 0 0 0 0 
78 4147.69 4197.95 4041.54 4179.49 4644.1 3868.21 4466.15 4460.51 4239.49 4186.15 4446.67 4247.18 4460.51 4279.49 1603 1743 3.84 0 0 0 0 
79 4133.85 4189.74 4041.54 4175.38 4637.95 3869.23 4483.59 4462.05 4237.44 4186.67 4444.62 4243.59 4452.82 4265.64 1602 1742 3.855 0 0 0 0 
80 4124.1 4189.74 4044.1 4177.95 4639.49 3866.15 4479.49 4471.79 4248.72 4195.9 4447.69 4245.64 4454.87 4260.51 1602 1740 3.855 0 0 0 0 
81 4132.31 4194.87 4050.26 4188.72 4643.08 3863.59 4466.67 4491.79 4267.18 4211.79 4454.36 4255.9 4477.95 4271.28 1601 1739 3.871 0 0 0 0 
82 4141.03 4193.33 4056.41 4195.9 4643.59 3869.74 4473.85 4490.26 4266.67 4214.87 4454.87 4260 4483.08 4274.87 1601 1739 3.871 0 0 0 0 
83 4140 4193.33 4060 4195.9 4647.69 3872.82 4471.79 4467.18 4261.03 4214.36 4455.9 4261.03 4475.9 4271.79 1602 1737 3.886 0 0 0 0 
84 4140 4195.9 4058.46 4199.49 4652.82 3865.13 4453.85 4465.64 4270.77 4224.62 4455.38 4265.13 4480 4275.9 1602 1734 3.886 0 0 0 0 
85 4138.97 4195.38 4051.79 4201.54 4650.77 3860.51 4453.85 4486.67 4278.46 4226.15 4450.26 4263.59 4482.56 4274.36 1602 1731 3.902 0 0 0 0 
86 4135.38 4190.26 4053.33 4197.95 4649.23 3863.08 4460.51 4481.54 4269.23 4216.92 4453.33 4258.46 4484.1 4267.18 1603 1730 3.902 0 0 0 0 
87 4136.41 4189.23 4060 4202.05 4655.9 3868.21 4463.59 4450.77 4254.36 4214.87 4461.03 4259.49 4488.72 4271.28 1603 1727 3.918 0 0 0 0 
88 4147.18 4193.85 4062.05 4210.26 4661.54 3874.87 4476.41 4443.59 4251.28 4217.95 4461.03 4262.56 4490.26 4282.05 1604 1726 3.918 0 0 0 0 
89 4161.54 4199.49 4064.62 4213.33 4661.54 3873.33 4480 4468.21 4260 4217.95 4460.51 4263.08 4492.82 4291.79 1603 1724 3.933 0 0 0 0 
90 4176.92 4207.69 4074.87 4218.46 4661.54 3869.74 4470.26 4482.56 4267.18 4219.49 4464.62 4268.21 4500.51 4309.23 1604 1722 3.933 0 0 0 0 
91 4203.08 4223.08 4085.64 4234.87 4667.18 3871.28 4472.82 4476.92 4267.69 4223.08 4469.74 4280.51 4515.9 4340.51 1603 1722 3.949 0 0 0 0 
92 4229.23 4230.77 4088.21 4244.62 4669.74 3868.21 4473.85 4469.23 4262.05 4219.49 4469.23 4285.13 4521.54 4363.08 1603 1722 3.949 0 0 0 0 
93 4235.38 4227.18 4088.21 4240 4662.56 3862.56 4466.67 4461.03 4249.74 4209.23 4463.08 4278.97 4513.33 4366.15 1603 1723 3.964 0 0 0 0 
94 4235.38 4231.79 4087.18 4240 4658.97 3862.05 4465.13 4453.33 4243.08 4202.05 4461.54 4277.95 4510.77 4373.33 1604 1724 3.964 0 0 0 0 
95 4246.67 4242.05 4084.62 4244.1 4661.54 3861.54 4464.1 4452.82 4245.64 4201.54 4465.64 4284.1 4520 4389.74 1603 1725 3.98 0 0 0 0 
96 4253.33 4244.62 4082.05 4243.08 4662.56 3861.54 4458.97 4455.38 4246.15 4203.59 4468.21 4283.59 4529.74 4395.9 1603 1727 3.98 0 0 0 0 
97 4246.15 4242.56 4077.95 4241.03 4660.51 3861.03 4457.95 4452.82 4240.51 4201.54 4467.18 4280 4532.82 4389.23 1604 1727 3.996 0 0 0 0 
98 4238.97 4238.97 4075.9 4241.03 4661.54 3861.03 4461.54 4452.82 4242.05 4200 4465.13 4280 4533.85 4383.59 1603 1730 3.996 0 0 0 0 
99 4234.87 4229.74 4074.87 4236.41 4662.05 3864.62 4461.54 4457.95 4247.69 4203.59 4460.51 4277.44 4520 4374.36 1604 1732 4.011 0 0 0 0 
100 4228.21 4222.05 4071.79 4225.64 4659.49 3863.08 4458.46 4456.41 4246.67 4203.08 4452.82 4268.21 4502.05 4355.9 1604 1733 4.011 0 0 0 0 
101 4212.31 4221.54 4066.15 4216.41 4656.92 3855.38 4455.38 4447.69 4239.49 4195.9 4452.82 4258.97 4500 4335.9 1604 1734 4.027 0 0 0 0 
102 4195.38 4222.05 4061.03 4211.28 4656.41 3854.87 4453.85 4445.13 4234.36 4193.33 4457.44 4257.95 4500.51 4323.08 1604 1736 4.027 0 0 0 0 
103 4193.85 4218.97 4064.1 4215.9 4664.1 3865.13 4462.05 4458.97 4245.13 4204.62 4455.9 4265.13 4495.38 4319.49 1604 1738 4.042 0 0 0 0 
104 4193.33 4213.85 4066.67 4216.41 4669.23 3869.74 4465.64 4467.18 4258.46 4215.38 4452.82 4270.26 4495.9 4312.82 1604 1740 4.042 0 0 0 0 
105 4176.41 4209.74 4060.51 4205.64 4663.59 3863.08 4458.97 4462.56 4255.38 4215.9 4454.87 4265.13 4498.46 4299.49 1604 1742 4.058 0 0 0 0 
106 4165.13 4208.72 4060 4206.67 4665.64 3866.67 4461.54 4469.74 4258.97 4218.97 4459.49 4263.59 4500 4294.36 1604 1742 4.058 0 0 0 0 
107 4170.77 4207.69 4063.59 4212.82 4673.33 3876.41 4471.79 4480.51 4273.33 4225.13 4461.03 4267.18 4506.15 4292.31 1603 1744 4.074 0 0 0 0 
108 4165.64 4205.64 4054.87 4204.1 4669.74 3875.9 4473.85 4473.85 4272.31 4222.05 4453.85 4263.08 4501.54 4281.03 1603 1744 4.074 0 0 0 0 
109 4155.9 4205.13 4049.74 4196.92 4666.67 3872.82 4473.85 4472.31 4268.21 4220 4448.72 4260.51 4489.23 4273.85 1602 1745 4.089 0 0 0 0 
110 4156.41 4207.69 4057.44 4203.59 4674.87 3878.46 4480.51 4485.64 4280 4226.67 4455.9 4265.64 4492.82 4274.87 1603 1744 4.089 0 0 0 0 
111 4153.33 4207.69 4055.9 4202.05 4678.97 3885.13 4492.82 4487.18 4282.05 4223.08 4456.41 4267.18 4497.95 4273.33 1601 1742 4.105 0 0 0 0 
112 4148.72 4208.21 4053.33 4194.87 4673.85 3886.15 4501.54 4489.74 4276.41 4216.92 4446.67 4265.64 4490.26 4270.26 1601 1743 4.105 0 0 0 0 
113 4153.85 4211.79 4061.03 4201.03 4674.36 3883.59 4495.9 4513.85 4294.36 4228.21 4451.79 4273.33 4490.77 4276.92 1601 1743 4.12 0 0 0 0 
114 4159.49 4216.41 4057.95 4207.18 4678.46 3882.56 4483.08 4521.54 4304.62 4234.36 4460 4280 4498.97 4284.62 1601 1744 4.12 0 0 0 0 
115 4154.87 4216.41 4043.59 4198.97 4674.36 3878.97 4474.36 4485.13 4277.44 4218.97 4452.82 4273.85 4490.77 4278.46 1600 1742 4.136 0 0 0 0 
116 4153.33 4211.79 4043.08 4190.26 4666.15 3873.33 4472.31 4451.79 4254.36 4208.21 4446.67 4269.23 4481.03 4272.82 1602 1739 4.136 0 0 0 0 
117 4159.49 4211.28 4052.31 4191.79 4666.67 3874.87 4483.08 4472.31 4266.67 4213.85 4450.77 4274.87 4490.26 4283.08 1602 1734 4.152 0 0 0 0 
118 4175.38 4225.64 4062.56 4202.05 4675.38 3882.05 4492.31 4515.9 4288.21 4224.1 4457.95 4281.54 4504.62 4303.59 1602 1732 4.152 0 0 0 0 
119 4198.46 4245.13 4072.31 4214.36 4680.51 3884.1 4488.72 4512.31 4291.28 4227.69 4461.54 4284.1 4513.33 4323.59 1604 1728 4.167 0 0 0 0 
120 4214.87 4254.36 4075.9 4216.41 4676.41 3884.1 4494.87 4470.77 4272.82 4212.82 4455.38 4280 4514.87 4335.9 1603 1725 4.167 0 0 0 0 
121 4235.38 4269.23 4085.64 4224.1 4676.92 3887.69 4502.56 4468.21 4267.69 4209.23 4456.41 4283.59 4529.74 4358.46 1604 1723 4.183 0 0 0 0 
122 4266.15 4295.9 4106.67 4244.1 4691.79 3891.79 4497.95 4503.08 4293.33 4238.46 4473.85 4302.56 4560.51 4396.92 1604 1720 4.183 0 0 0 0 
123 4283.59 4308.72 4114.87 4253.33 4698.97 3895.38 4499.49 4509.74 4305.64 4255.38 4480 4311.79 4572.82 4420 1605 1718 4.198 0 0 0 0 
124 4288.72 4311.28 4111.28 4253.85 4695.38 3895.38 4501.03 4491.28 4293.85 4248.21 4474.87 4305.64 4572.82 4425.64 1605 1716 4.198 0 0 0 0 
125 4294.87 4316.92 4109.74 4252.31 4695.38 3884.62 4484.62 4480.51 4286.15 4242.56 4476.41 4302.56 4585.13 4432.82 1605 1716 4.214 0 0 0 0 
126 4290.26 4315.38 4105.64 4242.05 4693.85 3876.92 4476.92 4477.44 4282.56 4237.95 4472.82 4296.41 4589.23 4428.21 1605 1715 4.214 0 0 0 0 
127 4278.97 4311.79 4104.1 4238.97 4692.82 3885.13 4491.28 4482.56 4281.54 4236.41 4463.59 4285.64 4576.92 4415.38 1605 1716 4.23 0 0 0 0 
128 4277.44 4316.41 4109.74 4249.23 4698.46 3896.41 4505.13 4496.92 4295.38 4250.26 4468.72 4285.13 4576.92 4412.82 1605 1715 4.23 0 0 0 0 
0 4269.74 4313.85 4105.13 4244.62 4700 3896.92 4509.74 4502.05 4302.56 4258.46 4470.77 4286.15 4575.9 4401.54 1604 1717 4.245 0 0 0 0 
1 4252.82 4302.05 4092.31 4227.18 4695.38 3894.36 4506.15 4496.41 4292.31 4248.21 4461.03 4278.97 4561.54 4377.95 1605 1716 4.245 0 0 0 0 
2 4242.05 4296.92 4089.23 4224.1 4697.95 3901.54 4507.18 4497.44 4293.33 4243.59 4460.51 4272.82 4558.46 4373.33 1604 1719 4.261 0 0 0 0 
3 4230.77 4293.85 4088.21 4223.59 4698.97 3904.62 4511.79 4500.51 4300.51 4246.67 4464.62 4269.74 4558.46 4369.23 1605 1720 4.261 0 0 0 0 
4 4214.87 4285.64 4079.49 4215.9 4690.77 3893.33 4505.64 4495.9 4294.36 4243.59 4459.49 4268.72 4544.1 4348.72 1605 1721 4.276 0 0 0 0 
5 4207.69 4282.56 4072.82 4211.79 4691.79 3891.28 4503.59 4494.87 4297.44 4241.54 4455.9 4272.31 4538.46 4338.46 1604 1726 4.276 0 0 0 0 
6 4207.18 4284.62 4071.79 4211.79 4698.46 3901.54 4509.74 4500.51 4308.21 4246.67 4459.49 4270.26 4539.49 4338.97 1606 1727 4.292 0 0 0 0 
7 4204.62 4285.64 4075.9 4214.36 4698.46 3903.08 4510.77 4506.15 4307.18 4252.31 4457.95 4269.74 4528.72 4332.82 1604 1731 4.292 0 0 0 0 
8 4197.95 4288.72 4080 4217.44 4696.92 3898.46 4513.85 4509.23 4304.1 4254.87 4454.87 4275.9 4523.08 4326.15 1605 1733 4.308 0 0 0 0 
9 4190.26 4287.18 4075.9 4214.87 4697.95 3898.46 4515.9 4509.74 4309.74 4254.87 4454.87 4274.87 4533.85 4323.59 1605 1737 4.308 0 0 0 0 
10 4190.26 4279.49 4074.87 4211.79 4700 3900 4512.31 4510.26 4313.33 4254.87 4455.9 4270.77 4538.97 4321.03 1605 1740 4.323 0 0 0 0 
11 4193.85 4280.51 4082.56 4215.38 4701.03 3902.56 4514.36 4515.38 4314.87 4262.05 4457.44 4272.82 4537.95 4320.51 1604 1743 4.323 0 0 0 0 
12 4190.26 4287.18 4086.15 4218.97 4700.51 3906.15 4520 4523.08 4319.49 4271.28 4459.49 4271.28 4542.56 4320.51 1604 1746 4.339 0 0 0 0 
13 4182.56 4283.59 4085.13 4218.46 4700 3905.64 4516.41 4525.64 4321.03 4269.23 4457.44 4268.21 4544.62 4316.41 1603 1751 4.339 0 0 0 0 
14 4178.97 4277.44 4081.54 4213.85 4698.97 3899.49 4509.23 4520 4313.85 4258.97 4451.79 4269.23 4534.36 4310.26 1602 1752 4.354 0 0 0 0 
15 4176.41 4275.9 4073.85 4205.13 4693.85 3893.33 4508.72 4514.87 4304.62 4251.79 4449.23 4262.56 4524.1 4303.08 1602 1752 4.354 0 0 0 0 
16 4177.44 4274.87 4072.31 4205.64 4689.74 3890.77 4502.05 4522.05 4307.69 4253.85 4451.28 4258.97 4525.13 4306.15 1601 1750 4.37 0 0 0 0 
17 4182.05 4276.41 4078.46 4213.85 4690.77 3896.92 4502.56 4526.67 4308.72 4249.23 4451.79 4263.59 4525.64 4315.9 1601 1750 4.37 0 0 0 0 
18 4182.05 4275.38 4075.9 4209.74 4687.69 3906.67 4533.33 4526.15 4293.33 4228.21 4444.1 4262.05 4511.28 4313.33 1601 1748 4.386 0 0 0 0 
19 4194.36 4273.85 4075.9 4205.64 4682.05 3898.46 4537.44 4547.69 4295.38 4220.51 4442.05 4263.08 4508.72 4320.51 1602 1747 4.386 0 0 0 0 
20 4224.62 4291.28 4090.77 4224.62 4685.64 3885.13 4500.51 4561.54 4312.31 4237.95 4454.36 4276.92 4533.85 4355.38 1603 1743 4.401 0 0 0 0 
21 4250.26 4314.36 4101.03 4242.56 4693.33 3891.79 4487.69 4533.85 4304.62 4241.54 4460 4287.18 4554.87 4380.51 1603 1740 4.401 0 0 0 0 
22 4258.46 4317.95 4099.49 4241.03 4691.79 3894.36 4501.03 4515.38 4287.69 4227.69 4456.92 4285.64 4551.28 4383.59 1605 1737 4.417 0 0 0 0 
23 4264.1 4316.92 4102.05 4240 4688.21 3885.64 4498.46 4541.54 4296.41 4229.23 4458.97 4289.23 4552.82 4396.41 1604 1732 4.417 0 0 0 0 
24 4273.85 4321.54 4110.77 4246.67 4693.85 3887.69 4492.31 4560 4306.67 4241.54 4466.15 4294.36 4572.82 4414.87 1605 1731 4.432 0 0 0 0 
25 4280 4327.69 4117.95 4252.82 4700.51 3894.36 4492.82 4543.08 4298.46 4243.59 4467.18 4292.31 4581.54 4422.56 1606 1728 4.432 0 0 0 0 
26 4280 4332.31 4116.41 4252.31 4701.54 3892.82 4487.69 4530.26 4293.33 4240.51 4465.64 4289.74 4569.74 4422.05 1605 1726 4.448 0 0 0 0 
27 4270.77 4329.74 4104.62 4241.03 4695.9 3890.26 4490.26 4536.92 4294.36 4237.44 4461.03 4284.62 4562.56 4414.87 1605 1724 4.448 0 0 0 0 
28 4263.59 4325.64 4101.54 4231.28 4692.82 3891.28 4498.97 4547.69 4294.36 4237.95 4459.49 4282.56 4568.72 4409.23 1605 1722 4.464 0 0 0 0 
29 4258.46 4323.59 4108.72 4227.69 4695.9 3891.28 4495.9 4550.77 4293.33 4238.97 4463.59 4285.64 4566.67 4405.13 1604 1720 4.464 0 0 0 0 
30 4247.69 4318.46 4105.64 4223.08 4700 3888.21 4488.72 4550.26 4296.41 4234.87 4457.95 4285.13 4550.77 4394.87 1603 1721 4.479 0 0 0 0 
31 4242.05 4313.33 4095.38 4221.54 4699.49 3883.59 4486.67 4546.67 4300 4237.44 4451.28 4279.49 4544.1 4384.62 1604 1720 4.479 0 0 0 0 
32 4237.44 4314.36 4090.77 4224.1 4703.08 3889.74 4491.79 4540 4297.95 4245.13 4454.36 4276.92 4546.15 4376.92 1602 1721 4.495 0 0 0 0 
33 4225.13 4310.77 4091.28 4220.51 4712.31 3898.46 4495.38 4535.9 4298.97 4247.69 4455.38 4279.49 4543.59 4366.15 1603 1721 4.495 0 0 0 0 
34 4209.74 4299.49 4087.69 4208.21 4707.18 3890.77 4491.79 4527.69 4297.95 4240 4447.18 4277.44 4534.87 4351.28 1602 1721 4.51 0 0 0 0 
35 4202.05 4292.31 4086.67 4203.08 4699.49 3887.69 4493.85 4522.56 4297.44 4240 4448.72 4275.38 4526.67 4341.03 1602 1724 4.51 0 0 0 0 
36 4198.97 4291.28 4092.31 4209.23 4706.67 3898.46 4501.03 4526.15 4306.67 4252.31 4458.46 4278.46 4525.13 4340.51 1603 1723 4.526 0 0 0 0 
37 4188.72 4284.62 4089.74 4202.05 4707.69 3896.92 4499.49 4522.56 4310.26 4251.28 4452.82 4274.87 4518.97 4334.36 1601 1726 4.526 0 0 0 0 
38 4176.92 4274.87 4083.59 4191.28 4700.51 3890.26 4494.87 4516.92 4303.08 4244.62 4447.18 4272.31 4511.28 4323.08 1604 1727 4.542 0 0 0 0 
39 4176.41 4277.95 4089.74 4198.46 4703.08 3898.97 4501.03 4523.08 4306.15 4253.33 4453.85 4275.38 4514.87 4320 1603 1730 4.542 0 0 0 0 
40 4180 4283.08 4095.9 4204.1 4709.23 3906.15 4509.23 4527.69 4315.38 4262.05 4456.92 4275.38 4520 4320 1604 1732 4.557 0 0 0 0 
41 4173.33 4281.54 4089.23 4194.87 4705.13 3898.46 4504.62 4521.54 4310.26 4254.87 4449.23 4272.82 4513.33 4309.74 1605 1734 4.557 0 0 0 0 
42 4163.59 4277.95 4080.51 4189.74 4702.56 3892.31 4494.87 4514.87 4301.54 4247.69 4447.18 4269.74 4504.1 4298.46 1605 1736 4.573 0 0 0 0 
43 4162.56 4278.97 4079.49 4194.36 4705.13 3895.38 4492.31 4514.36 4303.08 4250.77 4451.79 4267.69 4504.62 4297.44 1605 1738 4.573 0 0 0 0 
44 4165.64 4281.54 4085.13 4196.92 4707.18 3897.95 4497.95 4516.41 4311.28 4254.87 4451.28 4268.72 4506.67 4295.9 1606 1741 4.588 0 0 0 0 
45 4166.15 4284.62 4087.69 4195.38 4707.18 3899.49 4499.49 4515.9 4312.31 4253.85 4448.72 4270.77 4506.15 4289.74 1606 1742 4.588 0 0 0 0 
46 4164.1 4286.67 4086.67 4196.92 4705.13 3900 4497.95 4512.31 4306.67 4251.28 4451.79 4269.74 4511.28 4293.33 1605 1746 4.604 0 0 0 0 
47 4168.21 4287.18 4087.69 4202.05 4703.08 3897.44 4497.95 4513.33 4304.1 4251.28 4454.87 4272.82 4512.82 4303.08 1605 1747 4.604 0 0 0 0 
48 4174.36 4287.69 4089.23 4201.03 4702.05 3893.33 4493.33 4513.85 4304.1 4246.67 4452.82 4275.9 4507.69 4303.08 1603 1751 4.62 0 0 0 0 
49 4184.62 4292.31 4089.74 4200.51 4699.49 3892.82 4490.26 4510.77 4299.49 4241.54 4452.31 4276.92 4511.28 4308.21 1602 1751 4.62 0 0 0 0 
50 4203.08 4297.95 4092.31 4205.64 4692.82 3890.26 4489.23 4507.69 4289.23 4238.97 4455.9 4278.46 4522.05 4326.15 1601 1751 4.635 0 0 0 0 
51 4225.64 4305.13 4095.9 4212.82 4687.69 3880.51 4479.49 4501.54 4281.03 4233.85 4456.92 4280 4529.74 4345.64 1600 1748 4.635 0 0 0 0 
52 4243.08 4312.31 4097.44 4212.82 4688.21 3884.1 4495.38 4493.33 4269.74 4217.95 4451.79 4277.44 4527.18 4361.54 1600 1744 4.651 0 0 0 0 
53 4252.31 4310.26 4100.51 4209.74 4685.64 3895.9 4524.1 4501.03 4264.1 4206.67 4452.31 4277.44 4521.03 4374.87 1600 1742 4.651 0 0 0 0 
54 4257.44 4304.1 4103.59 4210.26 4678.46 3890.77 4512.31 4520.51 4271.28 4208.21 4456.41 4277.95 4520 4381.03 1600 1738 4.666 0 0 0 0 
55 4262.05 4305.64 4098.97 4205.13 4674.87 3873.85 4475.38 4509.74 4265.64 4204.1 4451.28 4273.85 4517.95 4382.56 1600 1736 4.666 0 0 0 0 
56 4263.08 4310.77 4100.51 4200 4676.92 3866.67 4461.54 4480 4256.41 4202.05 4450.77 4276.92 4525.13 4390.26 1600 1733 4.682 0 0 0 0 
57 4255.38 4310.77 4106.15 4202.56 4674.87 3862.56 4458.46 4476.41 4258.97 4205.13 4456.92 4281.54 4530.26 4388.72 1601 1731 4.682 0 0 0 0 
58 4259.49 4313.85 4102.56 4207.18 4670.26 3859.49 4456.41 4486.15 4258.97 4201.54 4455.38 4277.44 4522.56 4385.13 1602 1727 4.698 0 0 0 0 
59 4273.85 4325.64 4099.49 4209.74 4675.9 3869.74 4463.08 4476.41 4254.87 4204.62 4455.9 4275.9 4529.23 4399.49 1601 1727 4.698 0 0 0 0 
60 4265.64 4326.15 4099.49 4203.59 4683.59 3873.85 4460.51 4456.92 4253.33 4212.31 4461.03 4276.92 4544.1 4399.49 1603 1725 4.713 0 0 0 0 
61 4240.51 4312.82 4089.74 4189.23 4675.38 3867.18 4456.92 4455.38 4250.26 4205.64 4456.41 4270.26 4528.72 4372.82 1603 1724 4.713 0 0 0 0 
62 4229.23 4302.56 4078.97 4178.46 4666.15 3862.05 4457.44 4468.21 4249.74 4198.46 4448.21 4264.62 4501.03 4353.33 1604 1723 4.729 0 0 0 0 
63 4218.46 4298.46 4077.95 4173.85 4670.26 3857.44 4449.23 4471.79 4254.87 4204.62 4445.64 4262.56 4495.38 4343.08 1604 1721 4.729 0 0 0 0 
64 4199.49 4298.46 4077.44 4167.69 4674.36 3857.95 4449.74 4467.18 4253.85 4204.62 4447.18 4259.49 4498.97 4327.18 1603 1721 4.744 0 0 0 0 
65 4196.41 4300.51 4075.38 4162.56 4670.26 3862.56 4452.31 4469.74 4256.41 4204.62 4448.72 4262.05 4496.92 4317.95 1603 1720 4.744 0 0 0 0 
66 4193.85 4296.92 4072.82 4157.44 4665.64 3860.51 4447.18 4474.36 4261.54 4209.74 4447.18 4264.62 4480.51 4309.74 1603 1720 4.76 0 0 0 0 
67 4176.41 4287.69 4065.64 4148.72 4665.64 3856.41 4446.67 4472.31 4259.49 4207.18 4443.08 4257.95 4461.54 4289.74 1603 1720 4.76 0 0 0 0 
68 4166.15 4285.64 4065.64 4145.13 4669.74 3861.54 4454.36 4471.79 4259.49 4206.15 4442.56 4256.41 4465.13 4277.44 1604 1723 4.776 0 0 0 0 
69 4167.18 4288.21 4076.92 4147.18 4672.82 3867.69 4459.49 4481.54 4266.67 4219.49 4443.08 4263.59 4472.82 4281.54 1603 1724 4.776 0 0 0 0 
70 4164.62 4288.21 4082.05 4151.28 4672.31 3864.62 4460 4489.74 4271.79 4228.21 4444.62 4265.64 4468.21 4279.49 1604 1726 4.791 0 0 0 0 
71 4161.54 4291.79 4077.44 4156.92 4672.82 3864.1 4462.05 4487.18 4272.82 4224.62 4447.69 4262.05 4471.79 4270.77 1604 1727 4.791 0 0 0 0 
72 4163.08 4293.85 4071.28 4154.36 4674.87 3864.1 4458.97 4480.51 4274.36 4223.08 4447.18 4262.56 4477.95 4269.74 1605 1729 4.807 0 0 0 0 
73 4158.97 4286.67 4070.26 4148.21 4668.72 3857.95 4453.33 4475.9 4270.77 4225.13 4446.67 4265.13 4477.44 4271.28 1605 1731 4.807 0 0 0 0 
74 4156.41 4283.59 4072.82 4149.74 4664.62 3857.44 4453.85 4478.46 4268.21 4224.62 4449.23 4265.64 4482.05 4267.69 1606 1733 4.822 0 0 0 0 
75 4157.44 4287.18 4067.69 4148.21 4669.74 3865.13 4458.46 4482.56 4268.72 4220.51 4446.67 4262.56 4480.51 4262.56 1606 1734 4.822 0 0 0 0 
76 4152.31 4282.56 4061.54 4141.03 4671.28 3870.77 4463.59 4483.08 4265.64 4210.77 4437.44 4258.46 4466.15 4255.9 1606 1737 4.838 0 0 0 0 
77 4144.62 4273.85 4061.54 4133.85 4666.15 3869.74 4464.62 4481.03 4259.49 4198.97 4434.87 4255.38 4457.95 4244.62 1606 1738 4.838 0 0 0 0 
78 4148.21 4275.38 4061.54 4131.79 4662.05 3864.1 4461.03 4477.95 4260 4194.36 4440 4255.9 4457.95 4243.08 1605 1743 4.854 0 0 0 0 
79 4160 4284.1 4063.08 4140.51 4662.05 3857.95 4457.44 4475.9 4267.18 4202.05 4442.05 4260.51 4464.1 4255.38 1606 1744 4.854 0 0 0 0 
80 4170.26 4292.82 4069.23 4149.23 4659.49 3850.77 4453.33 4471.79 4264.1 4203.59 4442.56 4262.05 4475.38 4267.18 1605 1746 4.869 0 0 0 0 
81 4182.05 4300 4075.38 4151.79 4654.87 3846.15 4448.21 4464.62 4253.85 4193.33 4445.13 4263.08 4482.56 4277.44 1604 1749 4.869 0 0 0 0 
82 4200 4306.15 4082.56 4157.44 4655.38 3849.74 4452.82 4462.56 4250.26 4189.74 4449.23 4269.23 4489.23 4296.92 1603 1749 4.885 0 0 0 0 
83 4219.49 4314.87 4090.26 4166.67 4654.87 3851.79 4454.36 4462.56 4246.15 4190.77 4450.26 4272.82 4496.41 4320.51 1601 1748 4.885 0 0 0 0 
84 4240 4322.56 4101.54 4174.36 4653.33 3845.64 4440.51 4458.46 4240.51 4186.67 4448.21 4273.85 4499.49 4338.46 1600 1744 4.9 0 0 0 0 
85 4252.82 4318.97 4107.18 4172.82 4648.72 3851.79 4455.9 4456.41 4236.92 4174.36 4446.15 4275.38 4497.44 4347.18 1600 1743 4.9 0 0 0 0 
86 4254.36 4309.23 4103.08 4162.56 4642.05 3860.51 4486.15 4469.23 4233.85 4161.03 4446.15 4273.85 4496.41 4352.31 1600 1741 4.916 0 0 0 0 
87 4261.03 4312.31 4108.21 4165.64 4643.59 3849.23 4463.08 4476.92 4235.9 4163.59 4447.18 4275.38 4501.54 4364.62 1600 1740 4.916 0 0 0 0 
88 4270.26 4320.51 4116.41 4174.36 4647.69 3836.41 4425.64 4454.36 4233.33 4167.18 4445.13 4274.87 4496.92 4368.72 1600 1736 4.932 0 0 0 0 
89 4266.15 4315.38 4106.67 4162.05 4642.05 3837.44 4429.74 4430.77 4215.9 4150.26 4439.49 4267.69 4484.1 4356.41 1600 1732 4.932 0 0 0 0 
90 4261.54 4310.26 4100.51 4155.38 4637.44 3833.85 4432.31 4437.95 4212.82 4143.08 4439.49 4266.67 4491.28 4354.87 1601 1728 4.947 0 0 0 0 
91 4263.59 4318.46 4110.77 4167.69 4644.62 3830.26 4416.41 4454.87 4231.28 4160.51 4448.72 4273.85 4508.21 4363.08 1601 1726 4.947 0 0 0 0 
92 4257.95 4324.1 4110.77 4165.13 4651.28 3840.51 4422.05 4454.36 4237.95 4169.74 4447.69 4271.28 4499.49 4350.77 1603 1726 4.963 0 0 0 0 
93 4244.1 4315.9 4095.9 4150.77 4650.77 3848.72 4431.79 4439.49 4225.64 4161.54 4436.92 4261.03 4480.51 4329.74 1602 1724 4.963 0 0 0 0 
94 4233.33 4308.21 4086.15 4145.13 4649.23 3843.08 4425.64 4429.74 4218.97 4159.49 4438.46 4257.95 4480 4320.51 1602 1725 4.978 0 0 0 0 
95 4220.51 4308.21 4085.64 4141.03 4646.15 3836.92 4417.95 4432.31 4223.59 4162.56 4442.56 4257.95 4484.1 4311.28 1603 1723 4.978 0 0 0 0 
96 4211.28 4307.69 4084.62 4130.77 4640 3832.31 4409.74 4440.51 4226.67 4164.1 4436.92 4254.87 4477.95 4300 1604 1723 4.994 0 0 0 0 
97 4203.08 4301.03 4078.46 4119.49 4634.87 3829.74 4412.31 4445.13 4221.54 4159.49 4432.82 4252.31 4465.13 4291.79 1603 1721 4.994 0 0 0 0 
98 4186.67 4286.15 4071.79 4107.18 4630.26 3827.69 4415.38 4436.92 4211.79 4146.15 4430.77 4247.69 4449.23 4276.41 1603 1722 5.01 0 0 0 0 
99 4173.33 4275.9 4068.21 4101.54 4627.18 3825.64 4404.1 4421.03 4205.13 4137.95 4427.69 4238.97 4443.59 4259.49 1604 1722 5.01 0 0 0 0 
100 4172.82 4278.97 4069.74 4104.62 4629.23 3825.13 4397.95 4420.51 4208.72 4147.69 4428.72 4237.44 4450.26 4255.38 1602 1723 5.025 0 0 0 0 
101 4169.23 4275.38 4068.72 4098.46 4627.18 3821.03 4400.51 4428.21 4210.77 4152.31 4426.67 4240 4444.1 4250.26 1604 1724 5.025 0 0 0 0 
102 4158.46 4260.51 4061.54 4083.08 4617.95 3818.46 4400.51 4426.15 4202.56 4143.08 4423.08 4238.46 4426.15 4235.38 1603 1724 5.041 0 0 0 0 
103 4156.92 4256.41 4056.92 4081.54 4617.44 3818.46 4402.05 4428.72 4202.05 4143.59 4424.1 4241.03 4424.62 4228.72 1603 1728 5.041 0 0 0 0 
104 4158.97 4261.54 4064.62 4090.77 4624.62 3820.51 4410.77 4435.38 4210.77 4154.36 4423.59 4246.67 4428.72 4230.77 1604 1727 5.056 0 0 0 0 
105 4155.9 4258.97 4070.77 4091.79 4624.1 3822.05 4408.72 4432.31 4211.79 4150.77 4422.56 4244.1 4422.05 4227.69 1603 1730 5.056 0 0 0 0 
106 4152.82 4253.85 4058.97 4085.13 4619.49 3819.49 4401.03 4424.62 4203.08 4137.44 4422.56 4236.92 4418.46 4217.95 1604 1732 5.072 0 0 0 0 
107 4153.33 4255.38 4049.74 4084.1 4618.46 3816.41 4400 4421.03 4201.54 4134.87 4414.36 4238.46 4423.08 4214.36 1604 1735 5.072 0 0 0 0 
108 4156.92 4257.44 4055.38 4085.13 4619.49 3816.41 4401.03 4424.1 4205.13 4138.46 4408.72 4243.59 4424.62 4221.03 1605 1736 5.088 0 0 0 0 
109 4166.15 4256.92 4062.05 4087.69 4620 3814.87 4400 4426.67 4204.1 4136.92 4414.87 4247.18 4426.15 4231.79 1605 1738 5.088 0 0 0 0 
110 4180.51 4261.03 4061.03 4091.79 4619.49 3809.23 4397.95 4422.56 4200 4133.85 4417.44 4244.62 4431.79 4244.1 1606 1740 5.103 0 0 0 0 
111 4196.41 4269.74 4061.54 4094.36 4615.38 3805.64 4394.87 4412.82 4195.38 4131.79 4413.33 4238.97 4438.97 4258.97 1605 1743 5.103 0 0 0 0 
112 4219.49 4276.92 4066.15 4101.03 4614.87 3803.08 4388.72 4406.67 4191.28 4128.21 4413.85 4241.03 4442.56 4274.87 1606 1745 5.119 0 0 0 0 
113 4237.95 4274.87 4068.72 4105.64 4615.38 3796.92 4381.54 4407.18 4185.64 4118.97 4415.9 4245.64 4441.54 4289.23 1605 1746 5.119 0 0 0 0 
114 4242.56 4268.21 4068.72 4100 4605.13 3791.79 4380 4406.15 4180 4109.23 4413.85 4244.1 4440 4298.46 1605 1749 5.134 0 0 0 0 
115 4251.79 4277.44 4073.85 4105.64 4601.54 3797.44 4386.67 4408.21 4184.1 4110.77 4416.92 4245.64 4444.62 4308.72 1605 1746 5.134 0 0 0 0 
