8 4254.87 4183.59 4018.97 3982.56 4585.13 3742.05 4286.67 4314.36 4158.46 4106.15 4391.79 4215.38 4354.36 4201.54 1604 1725 0.062 0 0 0 0 
9 4240 4175.9 4013.85 3974.87 4586.67 3740.51 4293.33 4318.97 4159.49 4106.15 4383.08 4213.33 4342.56 4188.21 1605 1725 0.078 0 0 0 0 
10 4236.92 4176.92 4016.41 3974.36 4591.79 3744.62 4294.36 4324.1 4161.54 4109.23 4378.97 4214.87 4338.97 4181.03 1604 1724 0.078 0 0 0 0 
11 4237.44 4180.51 4021.54 3979.49 4598.46 3755.38 4301.03 4324.62 4165.13 4114.87 4384.1 4215.38 4343.08 4181.03 1605 1726 0.093 0 0 0 0 
12 4231.79 4177.95 4024.1 3984.1 4600.51 3755.9 4304.1 4324.62 4168.72 4121.03 4386.67 4218.97 4342.56 4182.05 1605 1727 0.093 0 0 0 0 
13 4231.79 4179.49 4029.74 3991.28 4604.62 3755.38 4305.13 4336.41 4174.36 4128.72 4386.67 4227.69 4349.74 4186.15 1606 1727 0.109 0 0 0 0 
14 4237.95 4188.72 4040.51 3995.9 4612.82 3764.1 4312.31 4346.15 4181.03 4135.9 4392.82 4233.33 4365.13 4193.85 1605 1727 0.109 0 0 0 0 
15 4241.03 4193.33 4046.67 3995.9 4615.9 3766.15 4315.9 4347.18 4185.64 4143.08 4397.44 4233.33 4369.23 4194.36 1606 1729 0.124 0 0 0 0 
16 4240 4193.85 4044.62 3998.46 4613.85 3757.95 4310.26 4348.72 4185.64 4147.69 4391.28 4232.82 4367.69 4190.26 1606 1730 0.124 0 0 0 0 
17 4236.41 4193.85 4046.15 4003.08 4612.31 3758.46 4311.28 4353.85 4185.64 4148.21 4386.67 4231.79 4370.77 4187.69 1605 1732 0.14 0 0 0 0 
18 4238.97 4196.41 4052.82 4007.18 4614.36 3768.21 4322.56 4357.44 4192.31 4147.18 4390.77 4232.31 4374.36 4188.21 1606 1732 0.14 0 0 0 0 
19 4243.59 4200.51 4056.41 4009.23 4619.49 3771.79 4324.62 4355.38 4196.41 4148.21 4394.87 4234.36 4375.9 4193.33 1605 1734 0.156 0 0 0 0 
20 4240.51 4198.46 4054.87 4008.21 4620 3765.64 4315.38 4350.26 4190.77 4147.69 4394.87 4233.33 4378.46 4198.97 1606 1735 0.156 0 0 0 0 
21 4239.49 4195.38 4052.82 4004.1 4610.77 3757.44 4308.21 4346.67 4183.08 4138.97 4391.79 4231.28 4376.41 4195.38 1605 1736 0.171 0 0 0 0 
22 4246.67 4200.51 4051.79 4003.59 4608.72 3756.41 4310.26 4341.54 4180.51 4129.23 4389.23 4229.23 4372.31 4195.38 1605 1739 0.171 0 0 0 0 
23 4256.41 4209.23 4057.44 4012.82 4614.87 3760.51 4312.31 4337.44 4179.49 4131.79 4390.77 4232.31 4378.97 4210.26 1605 1739 0.187 0 0 0 0 
24 4265.13 4214.36 4065.64 4020 4612.31 3755.38 4303.59 4333.85 4177.95 4134.87 4390.77 4234.36 4384.62 4225.13 1605 1741 0.187 0 0 0 0 
25 4277.44 4220 4065.64 4020 4607.69 3748.21 4296.92 4328.21 4173.33 4127.18 4389.23 4232.82 4383.59 4234.87 1604 1741 0.202 0 0 0 0 
26 4295.9 4229.23 4068.72 4026.67 4610.77 3754.36 4304.1 4324.62 4169.74 4122.05 4392.31 4233.33 4387.69 4249.74 1604 1743 0.202 0 0 0 0 
27 4307.69 4233.85 4077.95 4036.41 4610.77 3759.49 4309.74 4328.21 4171.79 4124.62 4394.87 4236.41 4395.9 4264.62 1604 1741 0.218 0 0 0 0 
28 4309.74 4233.85 4083.08 4034.36 4608.72 3757.44 4309.23 4328.72 4173.33 4123.59 4394.87 4234.87 4393.33 4272.31 1603 1743 0.218 0 0 0 0 
29 4315.38 4234.87 4084.62 4033.33 4611.28 3761.03 4311.79 4318.46 4166.15 4121.54 4395.9 4234.36 4392.31 4279.49 1605 1742 0.234 0 0 0 0 
30 4324.62 4231.28 4088.21 4041.54 4613.33 3764.62 4312.82 4314.87 4163.59 4124.62 4395.38 4242.56 4402.56 4291.79 1603 1741 0.234 0 0 0 0 
31 4324.1 4221.54 4091.79 4046.67 4616.41 3760.51 4304.62 4323.59 4171.79 4131.28 4393.85 4245.13 4409.23 4297.95 1604 1739 0.249 0 0 0 0 
32 4316.92 4206.67 4089.23 4043.59 4619.49 3759.49 4301.03 4327.69 4176.41 4134.36 4397.44 4237.44 4409.74 4289.23 1604 1737 0.249 0 0 0 0 
33 4310.26 4193.33 4085.13 4041.54 4620 3769.23 4318.46 4328.72 4177.95 4135.38 4400.51 4233.85 4411.28 4281.03 1604 1737 0.265 0 0 0 0 
34 4303.59 4185.13 4087.18 4041.54 4623.08 3777.44 4333.85 4333.85 4184.62 4140.51 4398.46 4235.9 4408.21 4278.97 1604 1734 0.265 0 0 0 0 
35 4300 4182.05 4093.33 4046.67 4629.74 3776.41 4322.56 4336.92 4196.41 4154.36 4403.08 4237.44 4411.28 4275.9 1604 1734 0.28 0 0 0 0 
36 4297.95 4178.97 4095.38 4051.28 4635.9 3775.9 4314.36 4336.92 4206.15 4167.18 4410.77 4238.97 4424.62 4272.31 1605 1732 0.28 0 0 0 0 
37 4284.62 4171.28 4091.79 4043.59 4636.92 3780 4328.21 4331.79 4201.03 4164.1 4405.13 4236.41 4417.95 4264.1 1604 1730 0.296 0 0 0 0 
38 4272.31 4164.1 4090.77 4035.38 4633.33 3780 4330.26 4327.69 4191.79 4157.95 4397.44 4231.28 4398.46 4250.77 1605 1728 0.296 0 0 0 0 
39 4269.23 4159.49 4092.31 4036.41 4631.28 3777.44 4320.51 4336.41 4198.46 4161.54 4400 4230.77 4394.87 4236.92 1604 1727 0.312 0 0 0 0 
40 4261.03 4151.28 4093.33 4033.33 4633.85 3778.97 4326.67 4340.51 4205.13 4160.51 4400.51 4230.77 4395.38 4229.74 1606 1726 0.312 0 0 0 0 
41 4254.36 4148.72 4094.87 4028.72 4638.46 3780.51 4332.31 4328.21 4198.46 4156.92 4399.49 4230.26 4394.36 4233.33 1604 1724 0.327 0 0 0 0 
42 4254.87 4152.31 4096.92 4028.72 4641.03 3778.97 4322.05 4324.1 4198.97 4161.54 4403.59 4233.33 4395.38 4233.85 1606 1723 0.327 0 0 0 0 
43 4249.23 4148.72 4096.92 4028.72 4641.03 3776.92 4314.36 4328.72 4204.1 4165.13 4402.05 4231.79 4389.74 4222.56 1605 1720 0.343 0 0 0 0 
44 4244.62 4146.67 4098.97 4032.31 4646.15 3781.54 4321.54 4325.64 4204.62 4168.21 4397.95 4229.23 4392.82 4220.51 1605 1721 0.343 0 0 0 0 
45 4252.31 4153.85 4104.62 4041.54 4654.87 3792.31 4331.28 4327.69 4209.74 4177.95 4403.59 4233.85 4409.23 4232.82 1605 1719 0.358 0 0 0 0 
46 4254.87 4154.87 4108.21 4044.62 4657.44 3798.46 4334.36 4337.95 4216.41 4185.64 4409.23 4238.97 4413.85 4235.38 1604 1721 0.358 0 0 0 0 
47 4248.72 4147.69 4106.67 4039.49 4655.38 3793.85 4331.28 4337.95 4213.33 4181.54 4404.1 4238.46 4407.18 4230.26 1604 1721 0.374 0 0 0 0 
48 4250.77 4146.15 4107.18 4040 4660 3793.85 4332.31 4334.36 4210.77 4177.95 4402.05 4241.03 4409.23 4232.82 1604 1722 0.374 0 0 0 0 
49 4255.9 4150.26 4110.26 4045.13 4665.64 3799.49 4339.49 4340 4215.9 4182.05 4406.67 4243.59 4412.82 4233.85 1604 1723 0.39 0 0 0 0 
50 4256.41 4153.85 4110.77 4045.13 4662.05 3795.38 4337.44 4342.05 4215.38 4181.03 4404.1 4239.49 4409.23 4232.82 1604 1725 0.39 0 0 0 0 
51 4260 4157.44 4114.87 4049.74 4658.97 3792.31 4332.31 4341.03 4214.36 4178.46 4401.54 4240 4414.36 4245.64 1605 1727 0.405 0 0 0 0 
52 4269.23 4157.44 4121.03 4058.46 4662.05 3797.44 4334.87 4344.62 4219.49 4184.1 4409.23 4246.67 4424.62 4260 1604 1729 0.405 0 0 0 0 
53 4280.51 4156.92 4123.08 4062.56 4664.1 3798.97 4336.92 4345.64 4223.08 4189.23 4413.33 4247.18 4424.1 4265.13 1604 1731 0.421 0 0 0 0 
54 4292.82 4164.1 4126.15 4064.62 4661.03 3791.79 4330.26 4343.08 4220.51 4183.59 4411.28 4247.18 4425.13 4277.44 1604 1734 0.421 0 0 0 0 
55 4311.28 4176.41 4134.36 4073.33 4660 3788.21 4328.72 4345.64 4219.49 4181.54 4413.33 4255.9 4441.54 4303.59 1604 1735 0.436 0 0 0 0 
56 4328.72 4186.15 4138.97 4083.59 4663.59 3793.85 4337.44 4351.79 4222.05 4188.21 4416.41 4260 4451.79 4321.54 1604 1738 0.436 0 0 0 0 
57 4335.38 4186.15 4141.03 4085.13 4662.56 3797.44 4341.03 4348.21 4220 4184.62 4414.87 4254.36 4445.64 4327.69 1604 1739 0.452 0 0 0 0 
58 4343.08 4190.77 4148.72 4092.82 4663.59 3801.54 4344.1 4349.74 4224.62 4184.62 4418.97 4258.46 4455.38 4345.13 1604 1740 0.452 0 0 0 0 
59 4358.97 4199.49 4156.92 4105.64 4670.77 3805.13 4348.21 4357.95 4231.79 4194.36 4423.59 4265.13 4476.41 4364.62 1605 1740 0.468 0 0 0 0 
60 4362.56 4195.9 4154.36 4104.62 4669.74 3802.56 4352.82 4353.85 4221.54 4186.15 4417.44 4256.41 4471.28 4360.51 1603 1741 0.468 0 0 0 0 
61 4349.74 4188.21 4148.21 4093.85 4662.56 3807.69 4362.56 4353.33 4215.38 4175.38 4411.79 4248.21 4457.44 4345.64 1605 1741 0.483 0 0 0 0 
62 4341.03 4189.74 4148.21 4094.36 4663.59 3814.36 4362.05 4367.18 4233.33 4187.18 4416.41 4250.26 4459.49 4343.08 1605 1738 0.483 0 0 0 0 
63 4343.08 4194.87 4149.23 4105.13 4671.79 3811.79 4349.23 4371.28 4251.28 4202.56 4422.05 4252.82 4467.18 4344.62 1604 1738 0.499 0 0 0 0 
64 4342.56 4191.79 4148.21 4110.77 4676.92 3814.36 4348.21 4364.62 4252.82 4208.21 4422.05 4252.31 4468.72 4340 1605 1735 0.499 0 0 0 0 
65 4327.69 4181.03 4139.49 4100.51 4674.36 3819.49 4352.82 4363.08 4247.69 4207.69 4418.46 4242.05 4460 4323.08 1605 1735 0.514 0 0 0 0 
66 4307.69 4173.33 4126.67 4085.64 4669.74 3811.79 4348.21 4358.46 4239.49 4200 4413.85 4226.67 4448.21 4303.08 1605 1734 0.514 0 0 0 0 
67 4303.59 4173.85 4126.67 4088.72 4676.92 3808.72 4345.13 4352.82 4241.03 4200.51 4414.87 4227.69 4450.77 4300.51 1604 1733 0.53 0 0 0 0 
68 4305.64 4173.33 4131.79 4095.9 4683.08 3817.44 4345.13 4360.51 4251.79 4210.77 4418.97 4232.31 4455.9 4302.05 1605 1733 0.53 0 0 0 0 
69 4295.38 4166.15 4127.18 4088.72 4680.51 3821.54 4346.67 4366.67 4250.77 4210.77 4416.92 4225.13 4446.67 4289.74 1604 1733 0.546 0 0 0 0 
70 4284.62 4163.59 4125.64 4084.62 4680.51 3818.97 4352.31 4361.03 4243.59 4204.62 4413.85 4222.05 4439.49 4279.49 1605 1732 0.546 0 0 0 0 
71 4280.51 4164.1 4131.79 4087.69 4683.08 3816.41 4353.85 4355.9 4243.59 4203.59 4413.85 4227.18 4442.56 4275.38 1603 1732 0.561 0 0 0 0 
72 4276.92 4160 4130.77 4086.67 4684.1 3821.03 4354.87 4366.15 4248.72 4208.21 4414.87 4232.31 4446.67 4271.28 1604 1732 0.561 0 0 0 0 
73 4276.41 4156.41 4127.69 4086.67 4688.21 3828.72 4368.21 4376.92 4252.31 4215.9 4416.92 4235.38 4447.69 4269.23 1604 1731 0.577 0 0 0 0 
74 4274.36 4155.9 4126.67 4086.15 4689.23 3827.69 4375.38 4372.82 4251.79 4214.87 4417.95 4231.28 4443.59 4266.15 1603 1732 0.577 0 0 0 0 
75 4268.21 4154.87 4122.56 4077.95 4686.15 3820.51 4365.64 4370.77 4252.31 4209.23 4415.9 4228.21 4437.95 4257.95 1604 1731 0.592 0 0 0 0 
76 4269.74 4156.92 4123.08 4079.49 4690.26 3822.56 4361.54 4377.95 4259.49 4218.97 4417.95 4234.36 4446.67 4259.49 1603 1732 0.592 0 0 0 0 
77 4275.38 4161.03 4127.69 4086.67 4695.9 3825.13 4371.28 4376.92 4264.62 4228.21 4421.54 4235.38 4455.38 4266.67 1605 1732 0.608 0 0 0 0 
78 4270.77 4155.9 4123.08 4077.95 4691.28 3818.97 4372.82 4367.69 4256.92 4218.97 4419.49 4227.69 4446.15 4260 1604 1731 0.608 0 0 0 0 
79 4265.64 4147.18 4114.87 4069.74 4687.69 3815.9 4363.08 4362.56 4245.64 4209.23 4416.41 4226.15 4437.44 4250.77 1605 1732 0.624 0 0 0 0 
80 4268.21 4144.1 4112.82 4072.31 4687.69 3817.44 4358.97 4355.9 4239.49 4205.13 4414.87 4225.13 4436.41 4251.28 1605 1732 0.624 0 0 0 0 
81 4271.79 4144.62 4114.87 4070.26 4685.64 3810.26 4359.49 4348.72 4234.87 4198.97 4412.31 4223.59 4432.31 4250.26 1606 1733 0.639 0 0 0 0 
82 4281.03 4150.77 4118.46 4071.28 4684.1 3807.18 4357.95 4349.74 4236.92 4199.49 4411.79 4231.79 4433.33 4252.31 1605 1733 0.639 0 0 0 0 
83 4295.38 4157.44 4121.54 4081.03 4686.15 3813.33 4361.03 4348.72 4240.51 4206.15 4408.21 4241.54 4440 4262.05 1606 1734 0.655 0 0 0 0 
84 4307.18 4160.51 4126.15 4086.67 4691.79 3815.9 4370.26 4346.15 4241.03 4207.18 4407.18 4242.56 4443.59 4271.79 1606 1734 0.655 0 0 0 0 
85 4320.51 4166.15 4130.26 4086.67 4693.33 3814.36 4373.33 4349.74 4240.51 4204.62 4414.36 4241.54 4451.79 4283.59 1605 1736 0.67 0 0 0 0 
86 4338.46 4176.92 4131.28 4092.82 4689.74 3812.31 4367.18 4350.26 4239.49 4203.08 4418.46 4243.59 4461.03 4302.05 1606 1735 0.67 0 0 0 0 
87 4357.95 4182.56 4129.23 4097.44 4687.69 3812.82 4371.79 4347.18 4236.41 4198.97 4414.87 4245.64 4462.05 4314.87 1605 1737 0.686 0 0 0 0 
88 4369.74 4181.54 4125.64 4090.77 4686.15 3810.77 4375.9 4344.62 4226.67 4185.13 4412.82 4244.62 4458.46 4318.46 1606 1739 0.686 0 0 0 0 
89 4376.41 4182.05 4127.69 4090.77 4681.54 3802.56 4363.08 4343.59 4220 4177.44 4413.85 4244.62 4456.92 4327.69 1605 1740 0.702 0 0 0 0 
90 4389.23 4187.18 4135.9 4102.05 4683.59 3802.05 4357.44 4347.18 4224.62 4187.18 4416.41 4250.26 4464.62 4344.1 1604 1741 0.702 0 0 0 0 
91 4402.56 4192.31 4138.97 4109.23 4691.79 3810.77 4367.18 4349.23 4224.1 4191.79 4419.49 4252.31 4474.87 4352.31 1604 1741 0.717 0 0 0 0 
92 4406.67 4198.46 4137.95 4110.26 4695.9 3814.36 4368.72 4351.28 4224.62 4187.18 4419.49 4250.77 4474.36 4349.74 1604 1741 0.733 0 0 0 0 
93 4398.97 4196.92 4138.97 4108.72 4697.95 3820 4375.38 4362.56 4234.36 4185.64 4414.87 4246.15 4460.51 4335.38 1603 1741 0.733 0 0 0 0 
94 4387.18 4186.15 4136.41 4104.1 4700.51 3837.44 4405.64 4381.03 4238.46 4183.59 4410.26 4238.97 4447.18 4314.36 1604 1741 0.733 0 0 0 0 
95 4380.51 4176.92 4128.21 4095.9 4697.95 3839.49 4415.9 4394.87 4242.05 4185.64 4409.23 4236.92 4438.97 4302.56 1604 1737 0.748 0 0 0 0 
96 4381.54 4173.33 4123.59 4088.72 4692.82 3824.62 4395.38 4393.85 4252.82 4194.87 4410.77 4243.08 4443.08 4301.54 1603 1735 0.764 0 0 0 0 
97 4382.05 4173.33 4128.72 4090.26 4699.49 3830.77 4393.33 4388.21 4261.03 4207.69 4418.46 4247.69 4461.54 4303.59 1605 1732 0.764 0 0 0 0 
98 4375.9 4172.82 4129.74 4092.82 4706.67 3841.54 4406.67 4389.23 4255.9 4210.77 4422.05 4243.59 4465.13 4297.44 1604 1731 0.78 0 0 0 0 
99 4368.72 4167.18 4119.49 4085.64 4700.51 3828.72 4392.82 4381.03 4248.72 4206.15 4417.95 4238.97 4449.23 4284.1 1604 1730 0.78 0 0 0 0 
100 4369.23 4166.15 4110.26 4084.62 4699.49 3817.95 4366.15 4360 4247.69 4211.28 4416.92 4238.97 4450.26 4281.03 1604 1728 0.78 0 0 0 0 
101 4374.36 4171.79 4109.23 4089.74 4708.72 3827.18 4366.15 4351.79 4249.23 4220.51 4418.46 4241.54 4461.54 4285.64 1604 1728 0.795 0 0 0 0 
102 4376.92 4169.74 4108.72 4086.15 4710.77 3834.36 4386.67 4362.05 4250.77 4218.97 4415.9 4240 4454.36 4278.97 1604 1726 0.811 0 0 0 0 
103 4374.36 4163.59 4107.69 4082.05 4708.21 3833.33 4394.36 4371.28 4251.79 4215.9 4413.85 4234.87 4445.64 4267.69 1603 1726 0.811 0 0 0 0 
104 4376.41 4166.15 4108.72 4085.13 4711.28 3837.44 4390.77 4377.44 4260 4222.05 4415.9 4236.92 4451.28 4268.72 1603 1725 0.811 0 0 0 0 
105 4382.56 4168.21 4108.72 4085.64 4715.38 3844.62 4401.03 4385.13 4266.67 4228.72 4417.44 4241.03 4455.9 4269.74 1602 1726 0.826 0 0 0 0 
106 4387.18 4167.18 4110.26 4087.18 4719.49 3848.21 4413.33 4394.36 4271.28 4234.87 4418.97 4241.03 4456.41 4269.23 1602 1725 0.842 0 0 0 0 
107 4389.74 4171.28 4111.79 4090.26 4724.1 3852.82 4412.31 4400 4280 4241.54 4422.05 4242.05 4464.1 4276.92 1601 1726 0.842 0 0 0 0 
108 4395.38 4174.36 4109.23 4088.72 4722.56 3849.23 4409.74 4397.95 4280.51 4241.54 4421.03 4241.54 4468.72 4275.38 1601 1727 0.858 0 0 0 0 
109 4401.54 4174.36 4106.15 4087.18 4718.97 3845.13 4410.26 4395.38 4277.95 4240.51 4420 4241.03 4465.64 4267.69 1602 1729 0.858 0 0 0 0 
110 4406.67 4175.9 4107.69 4089.23 4719.49 3848.21 4411.79 4398.46 4281.54 4242.05 4422.05 4241.03 4464.1 4271.79 1602 1730 0.858 0 0 0 0 
111 4412.82 4175.9 4109.74 4089.74 4719.49 3849.74 4412.82 4398.46 4280.51 4240 4421.03 4237.95 4465.64 4274.36 1602 1731 0.873 0 0 0 0 
112 4414.36 4174.87 4108.72 4086.15 4715.38 3844.1 4407.69 4393.33 4270.77 4237.44 4418.97 4237.95 4463.59 4267.69 1603 1732 0.873 0 0 0 0 
113 4418.97 4174.36 4108.72 4086.15 4714.36 3842.05 4404.62 4390.26 4270.77 4238.46 4420.51 4243.08 4466.15 4270.26 1604 1734 0.889 0 0 0 0 
114 4429.74 4174.36 4111.79 4088.21 4717.95 3844.1 4408.72 4392.82 4273.33 4238.97 4421.03 4240 4471.28 4275.38 1604 1736 0.904 0 0 0 0 
115 4435.9 4174.36 4112.31 4088.21 4718.97 3842.05 4409.74 4393.85 4265.13 4234.36 4415.9 4233.33 4463.59 4269.23 1604 1740 0.904 0 0 0 0 
116 4438.46 4171.79 4109.74 4086.15 4715.9 3839.49 4401.03 4386.15 4258.46 4227.69 4412.82 4235.9 4453.85 4265.13 1606 1740 0.904 0 0 0 0 
117 4448.21 4169.74 4110.26 4086.67 4713.85 3838.46 4398.46 4383.59 4258.97 4224.62 4414.87 4240 4457.95 4269.74 1605 1742 0.92 0 0 0 0 
118 4464.62 4175.9 4118.46 4093.33 4717.44 3839.49 4401.54 4387.18 4261.03 4224.62 4417.44 4244.62 4464.1 4281.03 1606 1744 0.936 0 0 0 0 
119 4483.59 4187.18 4124.62 4101.03 4720 3840.51 4397.44 4384.62 4258.97 4222.56 4418.46 4250.26 4466.15 4294.87 1605 1745 0.936 0 0 0 0 
120 4508.21 4192.82 4128.21 4106.67 4716.92 3840.51 4392.31 4378.97 4257.44 4219.49 4416.41 4251.28 4473.33 4308.21 1605 1746 0.951 0 0 0 0 
121 4533.85 4196.92 4134.87 4113.33 4713.85 3840.51 4393.85 4378.46 4255.9 4215.38 4416.92 4251.79 4478.46 4321.03 1605 1746 0.951 0 0 0 0 
122 4560.51 4207.18 4143.59 4122.56 4716.41 3837.44 4396.92 4380 4257.44 4214.36 4420 4259.49 4485.13 4343.08 1605 1744 0.967 0 0 0 0 
123 4588.72 4217.44 4152.31 4134.36 4716.41 3835.9 4395.9 4374.36 4254.87 4215.38 4422.56 4266.15 4497.95 4368.21 1604 1741 0.967 0 0 0 0 
124 4601.54 4215.38 4151.28 4135.38 4709.23 3841.54 4409.23 4372.31 4244.1 4208.21 4418.97 4260.51 4494.36 4374.87 1605 1740 0.982 0 0 0 0 
125 4603.59 4207.69 4146.67 4130.26 4705.13 3850.77 4431.79 4396.41 4242.56 4198.46 4413.33 4255.9 4480.51 4372.82 1605 1737 0.982 0 0 0 0 
126 4618.46 4213.33 4150.26 4133.33 4704.62 3845.64 4416.41 4408.72 4247.69 4200 4406.15 4263.59 4482.56 4380.51 1604 1736 0.982 0 0 0 0 
127 4632.82 4221.03 4153.33 4137.44 4705.13 3834.87 4388.72 4380 4241.03 4202.05 4398.46 4267.69 4491.28 4387.18 1605 1733 0.998 0 0 0 0 
128 4634.36 4221.54 4148.21 4133.85 4707.18 3835.38 4387.18 4360.51 4234.36 4197.95 4397.95 4260.51 4492.82 4387.18 1603 1732 1.014 0 0 0 0 
0 4636.92 4219.49 4147.18 4130.77 4706.67 3835.9 4383.08 4369.23 4237.95 4198.97 4401.03 4256.92 4492.31 4384.1 1604 1730 1.014 0 0 0 0 
1 4644.1 4217.44 4150.26 4135.38 4708.72 3831.79 4368.21 4362.05 4236.92 4204.62 4405.13 4260 4490.77 4376.41 1603 1727 1.029 0 0 0 0 
2 4644.1 4219.49 4145.13 4136.41 4715.38 3830.26 4367.69 4347.18 4235.38 4207.18 4407.18 4256.41 4485.64 4367.18 1603 1726 1.029 0 0 0 0 
3 4638.46 4222.05 4137.44 4130.77 4720.51 3837.95 4381.54 4359.49 4245.13 4211.28 4406.67 4250.26 4482.05 4360 1602 1723 1.045 0 0 0 0 
4 4633.85 4221.03 4137.95 4128.21 4722.56 3849.74 4403.59 4380 4254.87 4218.97 4412.31 4252.82 4481.54 4349.74 1602 1721 1.045 0 0 0 0 
5 4631.28 4218.46 4137.95 4123.08 4722.05 3852.82 4417.44 4391.28 4261.03 4224.1 4416.92 4254.87 4480.51 4335.38 1602 1720 1.06 0 0 0 0 
6 4631.28 4215.9 4131.79 4117.95 4723.08 3850.26 4409.23 4397.95 4270.77 4231.28 4413.85 4250.26 4477.95 4328.21 1602 1718 1.06 0 0 0 0 
7 4633.33 4213.85 4122.56 4117.44 4726.15 3851.79 4400.51 4393.33 4275.9 4236.92 4411.28 4246.67 4477.95 4325.64 1602 1717 1.076 0 0 0 0 
8 4634.36 4211.79 4116.41 4112.82 4724.1 3852.31 4395.9 4375.38 4269.74 4235.38 4414.87 4245.64 4481.54 4320.51 1600 1718 1.076 0 0 0 0 
9 4631.28 4208.21 4113.85 4101.54 4718.97 3842.05 4383.59 4364.1 4265.13 4233.33 4410.26 4242.56 4477.44 4309.74 1601 1717 1.092 0 0 0 0 
10 4629.23 4202.56 4110.26 4095.38 4715.9 3832.31 4380.51 4368.21 4262.56 4230.77 4402.56 4241.54 4464.62 4295.9 1601 1718 1.092 0 0 0 0 
11 4633.33 4205.13 4109.74 4097.44 4715.9 3839.49 4388.21 4372.31 4261.54 4230.77 4406.15 4243.59 4460.51 4290.77 1602 1719 1.107 0 0 0 0 
12 4637.44 4210.26 4113.85 4097.44 4718.46 3850.26 4392.82 4376.41 4269.74 4238.46 4408.21 4247.69 4469.23 4292.31 1603 1719 1.107 0 0 0 0 
13 4638.46 4205.64 4113.33 4095.38 4721.54 3851.28 4394.87 4384.62 4274.36 4243.59 4405.13 4250.26 4474.36 4290.77 1603 1720 1.123 0 0 0 0 
14 4642.56 4202.05 4109.23 4094.36 4722.05 3850.26 4397.44 4392.82 4272.82 4244.1 4410.26 4248.72 4471.28 4286.67 1604 1720 1.123 0 0 0 0 
15 4645.13 4203.59 4107.69 4092.31 4717.44 3849.74 4395.9 4392.31 4272.82 4244.62 4412.82 4247.18 4468.21 4280 1604 1724 1.138 0 0 0 0 
16 4646.15 4205.13 4105.13 4089.23 4712.31 3846.15 4390.77 4387.18 4276.92 4241.54 4407.69 4246.67 4467.69 4274.87 1606 1725 1.138 0 0 0 0 
17 4653.85 4208.21 4106.67 4091.28 4714.87 3849.74 4392.82 4390.26 4282.05 4243.59 4407.18 4247.69 4466.67 4277.44 1606 1727 1.154 0 0 0 0 
18 4664.62 4214.87 4115.38 4097.95 4719.49 3856.92 4397.95 4396.41 4283.08 4250.26 4412.31 4248.72 4462.56 4281.03 1607 1730 1.154 0 0 0 0 
19 4669.74 4219.49 4120.51 4102.05 4719.49 3853.33 4397.44 4397.95 4282.05 4249.74 4412.82 4250.26 4464.62 4280.51 1607 1733 1.17 0 0 0 0 
20 4674.36 4219.49 4121.03 4101.03 4718.46 3851.79 4396.92 4398.46 4284.62 4247.18 4413.85 4250.26 4469.74 4283.59 1609 1735 1.17 0 0 0 0 
21 4688.72 4222.56 4124.62 4104.1 4720.51 3858.46 4402.05 4404.62 4289.23 4250.77 4416.92 4251.28 4473.33 4290.77 1608 1739 1.185 0 0 0 0 
22 4709.23 4233.33 4128.21 4112.31 4723.08 3860 4405.64 4406.67 4289.74 4252.82 4418.46 4253.33 4479.49 4300.51 1610 1743 1.185 0 0 0 0 
23 4723.59 4241.03 4124.1 4114.87 4721.03 3852.31 4399.49 4398.46 4282.56 4244.62 4415.9 4250.77 4480 4308.21 1611 1744 1.201 0 0 0 0 
24 4735.38 4245.13 4123.08 4116.92 4715.9 3847.18 4393.85 4391.79 4271.79 4234.36 4412.82 4249.74 4477.44 4317.95 1610 1748 1.201 0 0 0 0 
25 4757.95 4257.44 4131.28 4127.69 4715.38 3850.77 4393.85 4392.31 4267.18 4230.26 4414.87 4253.85 4482.56 4333.33 1611 1750 1.216 0 0 0 0 
26 4780.51 4267.69 4137.44 4133.85 4715.9 3848.72 4390.77 4389.74 4265.13 4227.69 4417.44 4259.49 4490.26 4349.74 1609 1754 1.216 0 0 0 0 
27 4793.85 4266.15 4138.97 4130.26 4710.77 3842.05 4386.15 4385.13 4260 4222.05 4417.95 4257.95 4489.74 4358.46 1610 1755 1.232 0 0 0 0 
28 4805.64 4266.67 4141.54 4131.28 4705.64 3840 4378.46 4377.95 4252.31 4215.9 4415.9 4255.9 4486.67 4364.62 1608 1754 1.232 0 0 0 0 
29 4818.97 4274.36 4145.64 4135.38 4705.64 3842.56 4380 4377.95 4248.72 4215.9 4414.36 4260 4489.74 4372.82 1608 1753 1.248 0 0 0 0 
30 4823.08 4277.44 4143.59 4136.92 4708.72 3851.28 4403.59 4397.44 4252.82 4214.36 4413.33 4259.49 4493.33 4374.87 1606 1750 1.248 0 0 0 0 
31 4823.08 4276.41 4138.97 4140 4708.21 3853.33 4410.77 4411.28 4258.46 4213.33 4411.79 4257.44 4488.72 4372.31 1606 1749 1.263 0 0 0 0 
32 4825.64 4281.54 4136.92 4143.08 4704.1 3844.62 4389.23 4399.49 4260.51 4218.46 4410.26 4258.97 4481.54 4370.77 1605 1746 1.263 0 0 0 0 
33 4822.05 4285.64 4135.38 4138.97 4704.62 3845.13 4385.13 4387.18 4258.97 4219.49 4412.82 4256.92 4482.05 4364.1 1604 1739 1.279 0 0 0 0 
34 4816.92 4283.08 4133.33 4138.46 4713.33 3855.9 4396.92 4394.36 4265.13 4218.46 4418.97 4256.41 4489.23 4353.33 1603 1735 1.279 0 0 0 0 
35 4814.36 4281.54 4132.31 4143.08 4718.97 3856.92 4389.74 4404.62 4277.44 4228.72 4420 4260.51 4496.41 4349.74 1603 1733 1.294 0 0 0 0 
36 4808.72 4283.59 4128.21 4141.03 4719.49 3847.18 4370.77 4395.38 4282.05 4236.41 4415.9 4256.41 4495.9 4346.67 1602 1731 1.294 0 0 0 0 
37 4803.59 4283.08 4123.59 4135.9 4726.15 3849.23 4365.13 4375.9 4280 4237.44 4414.87 4249.74 4492.31 4336.41 1602 1728 1.31 0 0 0 0 
38 4798.97 4278.46 4122.05 4130.26 4730.26 3861.54 4378.46 4372.82 4280 4240 4416.92 4250.26 4488.21 4326.67 1602 1727 1.31 0 0 0 0 
39 4785.13 4269.74 4115.9 4116.92 4722.05 3860 4389.74 4380.51 4274.36 4232.82 4410.26 4241.54 4474.87 4311.28 1602 1726 1.326 0 0 0 0 
40 4774.87 4266.67 4111.28 4108.72 4717.44 3848.72 4383.08 4382.05 4269.74 4223.59 4406.67 4234.36 4467.18 4297.44 1601 1724 1.326 0 0 0 0 
41 4780.51 4272.82 4115.9 4112.82 4724.1 3850.77 4378.46 4384.1 4277.95 4229.23 4412.31 4241.54 4472.82 4298.97 1602 1723 1.341 0 0 0 0 
42 4782.05 4276.92 4117.44 4112.82 4727.18 3861.03 4390.77 4392.31 4284.62 4237.95 4415.38 4247.18 4471.28 4301.03 1602 1722 1.341 0 0 0 0 
43 4771.79 4273.33 4114.36 4109.23 4722.56 3861.03 4397.44 4391.28 4278.46 4236.92 4411.28 4247.18 4466.15 4294.87 1601 1724 1.357 0 0 0 0 
44 4769.23 4272.31 4116.41 4110.26 4718.46 3855.9 4390.26 4385.64 4274.36 4233.33 4409.23 4247.69 4469.74 4291.28 1602 1722 1.357 0 0 0 0 
45 4775.38 4274.36 4120 4112.82 4720 3854.36 4387.18 4386.15 4280 4237.95 4411.79 4250.26 4470.77 4290.77 1601 1724 1.372 0 0 0 0 
46 4775.38 4275.38 4119.49 4113.33 4721.03 3857.95 4392.31 4390.77 4286.67 4246.15 4414.87 4253.33 4466.15 4287.69 1602 1725 1.372 0 0 0 0 
47 4772.31 4275.38 4119.49 4113.85 4720.51 3862.56 4397.44 4393.33 4288.21 4248.21 4416.92 4255.38 4467.18 4288.72 1603 1726 1.388 0 0 0 0 
48 4772.31 4271.79 4120 4108.72 4719.49 3856.92 4391.28 4389.23 4280.51 4239.49 4415.38 4252.82 4464.1 4287.18 1603 1727 1.388 0 0 0 0 
49 4768.72 4267.69 4114.87 4100 4715.9 3847.18 4387.18 4382.05 4268.72 4229.74 4410.77 4248.72 4454.87 4278.46 1603 1728 1.404 0 0 0 0 
50 4766.67 4269.74 4112.82 4099.49 4709.23 3846.67 4388.72 4382.05 4269.23 4229.23 4408.72 4251.79 4456.92 4281.03 1604 1729 1.404 0 0 0 0 
51 4773.85 4275.38 4116.41 4102.56 4707.18 3847.18 4385.64 4382.56 4272.31 4228.21 4411.28 4257.95 4464.62 4291.79 1604 1729 1.419 0 0 0 0 
52 4786.15 4281.54 4122.56 4110.77 4709.74 3841.54 4385.13 4378.97 4269.23 4224.1 4414.87 4263.08 4469.23 4300 1605 1732 1.419 0 0 0 0 
53 4798.97 4291.79 4126.67 4122.05 4708.72 3842.56 4392.31 4379.49 4268.72 4225.13 4415.9 4265.64 4473.85 4314.87 1605 1732 1.435 0 0 0 0 
54 4812.82 4305.13 4128.72 4128.72 4705.13 3847.69 4391.79 4381.03 4267.69 4225.64 4415.9 4266.15 4481.03 4332.82 1605 1734 1.435 0 0 0 0 
55 4827.69 4313.33 4130.77 4133.85 4704.1 3844.62 4387.18 4378.97 4263.59 4222.05 4416.41 4267.69 4486.67 4346.15 1606 1735 1.45 0 0 0 0 
56 4827.18 4312.82 4129.23 4136.92 4703.59 3841.03 4386.67 4374.87 4260 4217.95 4416.92 4266.15 4486.67 4355.38 1603 1738 1.45 0 0 0 0 
57 4796.92 4312.82 4128.21 4134.87 4701.03 3841.03 4386.67 4371.79 4256.41 4217.44 4415.9 4261.54 4487.69 4362.05 1605 1740 1.466 0 0 0 0 
58 4759.49 4318.46 4132.31 4135.38 4702.56 3842.05 4387.69 4374.36 4255.9 4221.54 4416.41 4260.51 4495.38 4367.18 1604 1740 1.466 0 0 0 0 
59 4732.82 4324.1 4132.31 4140 4705.13 3839.49 4387.69 4375.9 4257.44 4218.97 4417.95 4264.1 4497.44 4374.87 1603 1742 1.482 0 0 0 0 
60 4702.05 4323.59 4126.67 4137.95 4701.54 3834.87 4384.1 4372.82 4251.28 4206.67 4414.87 4260.51 4487.69 4376.92 1602 1741 1.482 0 0 0 0 
61 4665.13 4317.44 4124.62 4129.23 4696.92 3837.44 4396.41 4377.44 4246.67 4198.46 4409.23 4249.74 4472.82 4364.62 1603 1742 1.497 0 0 0 0 
62 4640 4312.82 4125.13 4125.13 4698.97 3848.72 4416.41 4392.82 4256.41 4203.08 4412.31 4251.79 4470.77 4355.9 1602 1740 1.497 0 0 0 0 
63 4627.18 4317.95 4126.15 4132.31 4706.67 3851.79 4407.69 4402.56 4272.31 4217.95 4420 4262.05 4485.13 4360 1603 1740 1.513 0 0 0 0 
64 4608.72 4317.44 4124.1 4130.77 4704.1 3845.13 4390.26 4396.41 4272.31 4220.51 4416.41 4256.41 4482.56 4350.26 1602 1737 1.513 0 0 0 0 
65 4586.15 4307.18 4114.87 4121.03 4698.97 3848.21 4401.54 4390.77 4264.1 4212.31 4412.31 4246.15 4467.69 4330.77 1602 1737 1.528 0 0 0 0 
66 4575.9 4308.72 4110.77 4126.67 4707.18 3853.33 4411.28 4392.31 4270.26 4223.08 4417.44 4251.79 4475.9 4328.72 1604 1733 1.528 0 0 0 0 
67 4566.67 4313.85 4114.87 4134.36 4714.36 3849.74 4398.46 4393.85 4283.59 4241.54 4423.08 4258.46 4489.74 4334.87 1602 1733 1.544 0 0 0 0 
68 4548.72 4308.21 4116.41 4127.69 4712.31 3848.72 4391.28 4398.46 4285.64 4240 4420.51 4251.28 4481.03 4326.67 1603 1731 1.544 0 0 0 0 
69 4533.85 4305.13 4115.38 4123.08 4712.31 3851.79 4394.87 4399.49 4278.97 4233.33 4418.46 4245.64 4476.41 4312.82 1603 1730 1.56 0 0 0 0 
70 4525.13 4311.79 4118.97 4127.18 4717.95 3857.44 4400.51 4393.33 4282.05 4243.08 4421.03 4252.31 4486.15 4310.77 1604 1729 1.56 0 0 0 0 
71 4515.38 4316.92 4122.56 4128.21 4720.51 3865.13 4408.21 4396.92 4290.26 4249.74 4421.54 4262.56 4488.21 4311.79 1603 1727 1.575 0 0 0 0 
72 4504.1 4313.85 4121.03 4126.67 4720.51 3865.13 4408.21 4405.13 4289.23 4246.67 4423.59 4267.69 4484.1 4309.23 1604 1727 1.575 0 0 0 0 
73 4492.82 4311.79 4116.41 4125.13 4720 3859.49 4403.59 4403.59 4283.08 4245.64 4423.59 4270.26 4480.51 4305.13 1603 1727 1.591 0 0 0 0 
74 4480 4313.33 4114.36 4120.51 4719.49 3860 4404.62 4402.56 4281.03 4244.62 4418.46 4270.77 4474.36 4301.03 1604 1728 1.591 0 0 0 0 
75 4476.41 4318.97 4117.95 4123.59 4725.13 3867.69 4405.64 4408.72 4286.15 4247.69 4418.97 4275.9 4479.49 4304.1 1604 1727 1.606 0 0 0 0 
76 4475.38 4322.05 4117.95 4128.21 4727.69 3869.74 4404.62 4411.28 4290.77 4254.36 4424.62 4283.08 4490.26 4308.21 1603 1728 1.606 0 0 0 0 
77 4465.13 4318.97 4116.41 4124.62 4722.56 3862.56 4405.13 4404.1 4289.74 4254.36 4424.1 4281.54 4488.72 4308.21 1605 1726 1.622 0 0 0 0 
78 4458.97 4320 4121.54 4125.64 4724.62 3862.56 4407.18 4402.05 4291.28 4253.85 4424.1 4280 4486.15 4307.18 1604 1728 1.622 0 0 0 0 
79 4458.46 4326.67 4126.67 4132.31 4732.82 3869.23 4408.72 4403.59 4294.36 4257.95 4427.69 4284.62 4488.72 4310.77 1605 1729 1.638 0 0 0 0 
80 4457.95 4331.28 4127.18 4134.87 4734.36 3867.69 4410.26 4397.95 4296.41 4256.92 4427.18 4287.69 4489.74 4318.46 1605 1728 1.638 0 0 0 0 
81 4461.03 4333.85 4130.26 4139.49 4733.85 3866.15 4413.85 4395.9 4299.49 4256.92 4430.26 4289.74 4493.85 4328.72 1606 1730 1.653 0 0 0 0 
82 4467.69 4341.03 4137.44 4148.21 4738.97 3872.31 4414.87 4402.05 4301.03 4265.64 4436.41 4296.92 4505.13 4337.95 1606 1731 1.653 0 0 0 0 
83 4472.31 4348.72 4138.97 4151.79 4740.51 3874.87 4411.79 4402.05 4300.51 4269.74 4433.85 4301.03 4507.18 4344.62 1606 1732 1.669 0 0 0 0 
84 4476.41 4350.77 4135.9 4150.77 4736.41 3871.28 4404.62 4391.79 4294.36 4260 4430.26 4298.97 4501.54 4351.79 1607 1732 1.669 0 0 0 0 
85 4483.59 4355.9 4140 4155.38 4734.36 3871.28 4401.03 4390.77 4288.21 4255.9 4432.31 4304.62 4508.21 4369.23 1606 1733 1.684 0 0 0 0 
86 4491.79 4367.18 4146.15 4165.13 4736.92 3874.87 4406.15 4396.92 4291.28 4263.08 4434.87 4316.92 4520.51 4386.15 1606 1734 1.684 0 0 0 0 
87 4494.36 4372.31 4142.56 4166.67 4734.87 3872.82 4405.64 4393.33 4292.82 4260.51 4432.31 4314.87 4517.95 4386.67 1605 1737 1.7 0 0 0 0 
88 4490.26 4369.23 4136.92 4160.51 4728.72 3867.69 4398.97 4390.26 4285.64 4252.31 4431.28 4305.64 4509.23 4387.18 1605 1738 1.7 0 0 0 0 
89 4489.23 4368.72 4140.51 4161.03 4726.15 3867.18 4399.49 4392.82 4285.13 4252.31 4432.31 4309.23 4517.95 4398.46 1605 1739 1.716 0 0 0 0 
90 4491.28 4371.79 4143.59 4165.64 4726.67 3869.23 4403.59 4391.28 4288.72 4254.87 4433.33 4314.87 4528.21 4405.64 1605 1738 1.716 0 0 0 0 
91 4488.21 4371.28 4137.44 4164.62 4728.72 3872.82 4403.59 4387.18 4281.03 4248.21 4430.26 4309.23 4521.03 4401.03 1604 1738 1.731 0 0 0 0 
92 4471.79 4365.64 4127.18 4156.41 4728.72 3880.51 4412.31 4393.33 4272.31 4234.87 4421.03 4301.54 4502.56 4386.67 1603 1736 1.731 0 0 0 0 
93 4451.28 4360 4126.15 4149.74 4725.13 3880 4417.95 4402.05 4275.9 4226.67 4414.87 4298.97 4487.69 4371.28 1603 1737 1.747 0 0 0 0 
94 4445.13 4362.05 4128.72 4150.26 4725.64 3872.31 4401.54 4395.38 4281.03 4234.87 4421.03 4301.03 4489.74 4369.74 1603 1736 1.747 0 0 0 0 
95 4445.64 4367.18 4131.28 4158.46 4729.74 3871.79 4394.36 4391.28 4289.23 4253.85 4432.31 4308.72 4506.15 4377.44 1602 1737 1.762 0 0 0 0 
96 4435.38 4365.13 4135.38 4161.54 4727.18 3876.41 4403.59 4399.49 4298.46 4264.62 4435.38 4313.33 4515.38 4375.9 1602 1737 1.762 0 0 0 0 
97 4421.54 4358.46 4136.41 4153.85 4720 3872.31 4399.49 4395.9 4295.38 4262.56 4432.31 4312.31 4508.72 4365.13 1601 1738 1.778 0 0 0 0 
98 4411.28 4354.36 4134.36 4152.31 4724.1 3869.23 4392.31 4389.23 4296.41 4264.62 4432.31 4311.28 4504.62 4356.41 1603 1738 1.778 0 0 0 0 
99 4399.49 4351.79 4133.85 4153.33 4730.26 3872.82 4391.79 4397.44 4303.59 4270.26 4432.82 4310.26 4503.59 4348.72 1603 1736 1.794 0 0 0 0 
100 4386.67 4345.13 4128.21 4145.13 4726.15 3872.82 4390.77 4398.46 4300.51 4265.64 4427.69 4305.13 4492.82 4339.49 1603 1737 1.794 0 0 0 0 
101 4372.31 4335.9 4118.46 4134.36 4721.03 3873.85 4398.97 4390.26 4293.85 4255.38 4421.54 4301.03 4481.54 4327.69 1604 1735 1.809 0 0 0 0 
102 4363.08 4332.31 4117.44 4131.79 4722.05 3876.41 4411.79 4399.49 4297.95 4256.41 4423.59 4301.54 4480 4316.41 1604 1735 1.809 0 0 0 0 
103 4361.03 4337.44 4121.54 4134.87 4726.67 3878.46 4408.21 4411.28 4303.59 4265.13 4430.26 4302.56 4483.59 4312.31 1604 1733 1.825 0 0 0 0 
104 4356.92 4343.59 4121.54 4139.49 4732.31 3884.1 4405.64 4404.1 4305.13 4268.72 4428.72 4302.56 4486.67 4316.92 1605 1732 1.825 0 0 0 0 
105 4350.26 4343.08 4120 4142.56 4736.92 3887.69 4411.79 4393.33 4304.1 4267.69 4425.64 4302.56 4485.13 4315.9 1606 1729 1.84 0 0 0 0 
106 4348.72 4344.62 4122.05 4144.1 4740.51 3887.18 4414.36 4396.41 4304.1 4273.85 4432.31 4307.18 4489.23 4312.31 1605 1728 1.84 0 0 0 0 
107 4349.74 4352.82 4126.15 4149.23 4743.59 3888.72 4410.77 4405.13 4309.74 4282.56 4437.44 4313.33 4499.49 4318.97 1607 1727 1.856 0 0 0 0 
108 4345.64 4354.36 4126.67 4147.18 4743.08 3885.64 4398.97 4413.33 4313.85 4281.03 4433.85 4312.31 4499.49 4322.05 1606 1728 1.856 0 0 0 0 
109 4340.51 4351.79 4128.21 4142.05 4744.1 3878.46 4394.36 4427.18 4313.33 4281.54 4431.79 4311.79 4495.38 4316.41 1607 1728 1.872 0 0 0 0 
110 4337.44 4355.38 4132.82 4148.21 4749.74 3884.1 4406.67 4436.92 4314.87 4288.72 4434.87 4315.9 4502.05 4317.44 1606 1727 1.872 0 0 0 0 
111 4340 4360.51 4136.41 4156.41 4751.28 3894.36 4414.87 4434.36 4317.95 4290.77 4438.46 4316.41 4508.21 4323.08 1606 1728 1.887 0 0 0 0 
112 4341.03 4361.03 4137.44 4153.33 4747.69 3893.85 4412.31 4438.46 4314.87 4286.15 4435.38 4314.36 4505.13 4323.08 1606 1727 1.887 0 0 0 0 
113 4336.92 4358.97 4136.92 4149.74 4746.15 3889.74 4416.92 4452.82 4311.79 4283.59 4432.82 4315.9 4504.1 4322.05 1604 1727 1.903 0 0 0 0 
114 4340 4361.54 4138.46 4154.87 4749.23 3894.87 4424.62 4460 4314.36 4285.13 4436.41 4318.97 4509.74 4329.23 1605 1728 1.903 0 0 0 0 
115 4348.72 4368.21 4141.54 4160.51 4752.31 3898.46 4423.08 4459.49 4314.36 4283.59 4436.41 4318.97 4514.36 4339.49 1603 1728 1.918 0 0 0 0 
116 4360.51 4376.41 4147.69 4167.18 4755.9 3897.95 4423.08 4464.62 4311.79 4283.59 4435.9 4322.56 4519.49 4355.9 1604 1728 1.918 0 0 0 0 
117 4380.51 4382.56 4156.92 4177.95 4757.44 3897.95 4427.18 4468.21 4312.82 4285.13 4441.54 4330.26 4527.18 4376.41 1603 1729 1.934 0 0 0 0 
118 4396.92 4387.69 4158.97 4183.59 4756.41 3894.36 4425.64 4459.49 4309.74 4282.05 4441.54 4332.31 4531.79 4392.31 1604 1730 1.934 0 0 0 0 
119 4403.59 4388.72 4158.46 4183.59 4755.9 3891.79 4423.59 4450.26 4304.1 4280 4436.41 4333.33 4535.38 4404.62 1602 1732 1.95 0 0 0 0 
120 4412.31 4387.18 4164.1 4187.18 4755.38 3896.41 4424.62 4445.13 4305.64 4283.59 4439.49 4336.41 4542.56 4414.87 1603 1733 1.95 0 0 0 0 
121 4419.49 4389.74 4170.26 4191.79 4751.79 3895.38 4421.54 4434.87 4305.13 4280 4441.54 4334.36 4547.18 4420 1603 1733 1.965 0 0 0 0 
122 4417.44 4394.36 4166.15 4192.31 4748.72 3887.69 4415.38 4423.59 4299.49 4271.28 4435.9 4329.74 4546.15 4420 1603 1736 1.965 0 0 0 0 
123 4412.31 4392.82 4157.95 4189.23 4749.23 3889.23 4416.41 4418.97 4296.92 4270.77 4432.82 4329.74 4545.64 4418.97 1603 1737 1.981 0 0 0 0 
124 4409.74 4390.26 4155.9 4190.26 4751.28 3896.41 4426.15 4418.97 4301.03 4277.95 4433.85 4331.28 4546.15 4418.97 1603 1741 1.981 0 0 0 0 
125 4402.05 4390.26 4151.79 4190.26 4751.28 3892.82 4427.69 4412.82 4301.54 4277.44 4431.28 4327.18 4538.97 4412.82 1603 1742 1.996 0 0 0 0 
126 4386.67 4387.69 4144.1 4184.62 4749.23 3891.79 4425.13 4404.1 4296.41 4269.23 4428.21 4323.08 4532.31 4397.95 1603 1745 1.996 0 0 0 0 
127 4374.36 4384.1 4140.51 4182.05 4751.79 3900.51 4435.38 4402.56 4301.03 4272.31 4430.77 4322.05 4536.41 4388.21 1604 1745 2.012 0 0 0 0 
128 4367.18 4381.03 4137.44 4181.03 4754.87 3903.59 4440 4406.15 4308.21 4279.49 4430.77 4317.95 4534.87 4382.05 1604 1746 2.012 0 0 0 0 
0 4356.41 4372.82 4131.28 4178.46 4752.31 3900 4434.36 4406.15 4306.67 4275.38 4425.64 4315.38 4522.56 4369.23 1604 1746 2.028 0 0 0 0 
1 4339.49 4361.03 4125.64 4170.77 4748.21 3906.67 4450.26 4406.67 4303.08 4267.69 4423.59 4313.85 4514.87 4355.38 1604 1745 2.028 0 0 0 0 
2 4326.15 4354.36 4122.56 4165.13 4742.56 3911.28 4463.08 4415.38 4307.69 4270.77 4425.13 4310.26 4512.82 4346.67 1605 1744 2.043 0 0 0 0 
3 4323.59 4354.87 4122.56 4167.18 4743.59 3901.54 4444.1 4424.1 4316.92 4280.51 4424.62 4311.28 4512.31 4345.64 1604 1741 2.043 0 0 0 0 
4 4320.51 4353.33 4122.05 4167.69 4749.74 3901.54 4446.15 4419.49 4315.9 4282.05 4422.56 4314.87 4514.36 4344.1 1604 1741 2.059 0 0 0 0 
5 4312.82 4349.23 4122.56 4164.1 4750.26 3915.9 4473.85 4411.28 4309.74 4276.92 4423.08 4312.82 4513.33 4335.38 1606 1737 2.059 0 0 0 0 
6 4309.74 4351.28 4126.67 4167.18 4747.18 3909.74 4456.92 4411.79 4313.85 4280 4427.18 4312.82 4511.28 4331.79 1604 1736 2.074 0 0 0 0 
7 4316.92 4358.97 4131.79 4175.9 4753.85 3892.31 4417.44 4409.74 4325.64 4296.41 4433.33 4322.05 4519.49 4340 1606 1734 2.074 0 0 0 0 
8 4321.54 4362.05 4131.28 4175.9 4759.49 3896.41 4426.15 4395.9 4324.1 4301.03 4432.82 4325.13 4527.18 4344.1 1605 1732 2.09 0 0 0 0 
9 4314.87 4359.49 4129.23 4172.31 4754.36 3906.15 4446.15 4386.67 4313.33 4289.23 4428.72 4320.51 4524.62 4336.92 1605 1732 2.09 0 0 0 0 
10 4311.28 4361.54 4133.33 4175.38 4755.38 3904.1 4441.54 4391.79 4315.38 4289.74 4429.23 4322.56 4526.67 4337.95 1605 1730 2.106 0 0 0 0 
11 4312.82 4361.03 4133.85 4173.85 4757.95 3902.05 4436.41 4395.9 4321.03 4295.38 4431.79 4324.1 4531.79 4344.1 1605 1729 2.106 0 0 0 0 
12 4318.46 4357.44 4129.23 4166.67 4749.74 3900 4438.97 4391.79 4315.9 4288.72 4429.74 4321.54 4528.72 4348.72 1604 1727 2.121 0 0 0 0 
13 4333.33 4363.08 4136.41 4172.31 4746.15 3897.44 4442.05 4391.79 4312.82 4285.64 4429.74 4325.13 4528.72 4362.05 1603 1727 2.121 0 0 0 0 
14 4346.15 4370.77 4145.64 4180 4747.69 3894.87 4442.05 4393.33 4311.28 4283.59 4431.28 4330.77 4533.33 4380 1603 1725 2.137 0 0 0 0 
15 4359.49 4375.9 4147.69 4182.05 4747.69 3891.79 4438.97 4385.64 4303.59 4279.49 4434.87 4333.85 4542.56 4398.46 1604 1725 2.137 0 0 0 0 
16 4380.51 4391.28 4158.97 4194.87 4753.33 3898.97 4440.51 4383.08 4306.67 4287.69 4440 4341.03 4556.92 4420.51 1603 1725 2.152 0 0 0 0 
17 4390.77 4404.1 4167.69 4205.13 4762.56 3907.18 4448.72 4389.74 4316.92 4293.85 4440 4346.15 4559.49 4433.85 1604 1726 2.152 0 0 0 0 
18 4387.18 4402.05 4160 4201.03 4758.46 3901.03 4450.26 4384.1 4314.36 4282.56 4434.36 4341.54 4553.85 4431.28 1603 1726 2.168 0 0 0 0 
19 4389.74 4402.56 4154.87 4199.49 4750.77 3894.87 4441.03 4371.28 4309.23 4274.87 4431.79 4336.41 4555.9 4433.85 1604 1727 2.168 0 0 0 0 
20 4395.38 4405.64 4155.38 4205.13 4750.26 3895.38 4437.44 4369.74 4312.31 4277.44 4434.36 4337.44 4560.51 4442.05 1603 1728 2.184 0 0 0 0 
21 4386.15 4400.51 4148.72 4205.13 4751.79 3891.79 4438.46 4373.33 4315.38 4278.97 4433.85 4337.44 4557.44 4437.44 1604 1730 2.184 0 0 0 0 
22 4375.9 4397.95 4147.69 4204.1 4753.85 3893.85 4444.62 4377.95 4322.05 4286.15 4434.36 4335.38 4557.95 4430.77 1604 1729 2.199 0 0 0 0 
23 4374.36 4398.46 4155.9 4207.69 4761.03 3905.13 4455.9 4388.21 4330.77 4300.51 4440 4339.49 4566.67 4431.79 1604 1732 2.199 0 0 0 0 
24 4367.69 4392.31 4154.36 4207.69 4765.13 3907.18 4458.46 4389.23 4327.69 4303.08 4440.51 4344.1 4564.62 4424.62 1605 1731 2.215 0 0 0 0 
25 4350.77 4383.59 4147.18 4201.54 4762.56 3906.67 4456.41 4384.1 4320.51 4294.36 4434.87 4337.95 4554.36 4408.21 1604 1733 2.215 0 0 0 0 
26 4338.97 4379.49 4144.62 4197.95 4760.51 3908.21 4456.92 4385.64 4321.03 4292.82 4434.87 4331.79 4552.31 4401.03 1606 1732 2.23 0 0 0 0 
27 4337.44 4378.97 4144.1 4200 4759.49 3904.62 4452.82 4388.21 4325.13 4297.95 4438.46 4334.87 4554.36 4398.97 1605 1732 2.23 0 0 0 0 
28 4329.23 4376.41 4140 4196.92 4754.36 3898.97 4446.15 4388.72 4322.05 4292.31 4434.87 4331.79 4545.13 4385.13 1605 1733 2.246 0 0 0 0 
29 4314.36 4369.74 4132.82 4185.64 4749.74 3897.95 4447.69 4383.08 4310.26 4276.41 4428.72 4324.1 4528.72 4367.18 1605 1733 2.246 0 0 0 0 
30 4308.72 4365.64 4131.28 4187.69 4750.77 3903.08 4455.9 4378.97 4310.77 4275.38 4430.26 4326.15 4527.18 4363.59 1605 1733 2.262 0 0 0 0 
31 4313.33 4372.31 4139.49 4204.1 4760.51 3912.31 4453.85 4390.26 4329.74 4295.9 4437.44 4337.44 4540.51 4371.79 1604 1733 2.262 0 0 0 0 
32 4311.79 4376.41 4141.03 4206.15 4768.21 3913.33 4436.41 4396.41 4335.9 4307.18 4437.95 4338.46 4541.03 4369.74 1604 1734 2.277 0 0 0 0 
33 4299.49 4370.26 4133.85 4198.46 4761.54 3908.21 4433.33 4388.21 4329.23 4296.92 4430.77 4329.23 4526.67 4354.36 1604 1734 2.277 0 0 0 0 
34 4290.26 4367.18 4131.28 4197.95 4753.85 3910.26 4446.67 4384.62 4330.77 4290.26 4430.26 4328.21 4523.08 4345.64 1603 1736 2.293 0 0 0 0 
35 4291.28 4369.23 4132.82 4197.95 4752.31 3910.26 4443.08 4376.92 4327.18 4288.21 4432.31 4331.28 4525.64 4345.13 1604 1735 2.293 0 0 0 0 
36 4289.74 4364.62 4127.18 4192.82 4747.69 3905.13 4433.85 4364.62 4315.9 4276.92 4428.21 4327.69 4516.41 4338.97 1603 1737 2.308 0 0 0 0 
37 4281.54 4354.87 4118.97 4188.21 4741.54 3902.05 4438.46 4365.64 4310.77 4267.69 4426.15 4325.64 4510.26 4331.28 1604 1737 2.308 0 0 0 0 
38 4283.08 4354.36 4123.59 4188.72 4744.62 3903.08 4439.49 4373.33 4314.87 4279.49 4432.31 4333.85 4522.56 4338.46 1603 1736 2.324 0 0 0 0 
39 4291.79 4361.03 4132.82 4192.31 4748.21 3908.21 4431.79 4382.05 4326.67 4293.33 4439.49 4341.54 4536.92 4351.79 1603 1736 2.324 0 0 0 0 
40 4291.79 4358.97 4128.21 4189.23 4741.54 3908.21 4428.21 4383.08 4323.59 4283.08 4436.41 4339.49 4530.77 4352.31 1603 1734 2.34 0 0 0 0 
41 4290.77 4354.36 4118.97 4184.1 4731.79 3900 4432.31 4366.15 4304.1 4266.67 4431.28 4334.36 4518.46 4350.77 1604 1732 2.34 0 0 0 0 
42 4298.97 4357.95 4120.51 4182.56 4727.18 3893.85 4432.31 4351.28 4298.46 4263.08 4433.33 4333.33 4523.59 4360 1604 1731 2.355 0 0 0 0 
43 4315.38 4367.18 4127.18 4183.59 4726.67 3891.79 4420 4356.41 4308.21 4268.21 4436.41 4343.08 4537.44 4378.97 1605 1731 2.355 0 0 0 0 
44 4333.33 4372.82 4131.28 4189.23 4724.1 3887.18 4402.56 4352.31 4302.56 4267.69 4427.18 4346.67 4537.95 4393.85 1605 1730 2.371 0 0 0 0 
45 4341.03 4373.33 4131.79 4189.74 4718.46 3877.44 4392.31 4328.21 4284.1 4253.33 4416.41 4337.95 4530.77 4397.95 1604 1729 2.371 0 0 0 0 
46 4344.1 4375.9 4132.31 4186.15 4717.44 3872.31 4392.31 4320 4278.97 4244.62 4420.51 4336.92 4536.41 4405.64 1606 1727 2.386 0 0 0 0 
47 4350.26 4383.08 4131.28 4185.13 4717.44 3874.36 4390.26 4330.26 4280 4246.15 4425.13 4341.03 4541.54 4415.9 1605 1727 2.386 0 0 0 0 
48 4347.69 4381.54 4125.13 4181.54 4712.31 3872.31 4382.05 4332.82 4274.36 4242.05 4421.54 4337.95 4535.38 4413.33 1606 1728 2.402 0 0 0 0 
49 4340.51 4376.92 4125.64 4178.97 4711.28 3868.72 4384.62 4330.26 4272.82 4240.51 4426.67 4340 4537.95 4411.79 1605 1726 2.402 0 0 0 0 
50 4338.46 4380.51 4134.87 4184.62 4717.44 3872.31 4391.28 4337.95 4278.97 4250.26 4433.33 4348.21 4545.13 4417.95 1605 1728 2.418 0 0 0 0 
51 4332.31 4381.03 4137.44 4185.64 4720.51 3881.03 4393.33 4348.21 4282.56 4251.28 4429.23 4348.72 4535.38 4412.31 1605 1726 2.418 0 0 0 0 
52 4317.44 4372.82 4130.77 4179.49 4719.49 3881.03 4394.87 4348.72 4280 4242.05 4427.18 4343.08 4523.59 4395.38 1605 1727 2.433 0 0 0 0 
53 4302.05 4365.64 4121.54 4171.28 4712.82 3872.31 4393.33 4339.49 4272.82 4234.87 4426.67 4331.28 4517.44 4382.05 1605 1727 2.433 0 0 0 0 
54 4290.77 4362.05 4117.44 4167.69 4710.26 3867.69 4387.69 4333.33 4269.23 4233.85 4421.54 4323.59 4506.67 4372.82 1605 1729 2.449 0 0 0 0 
55 4284.1 4360 4120 4171.28 4715.9 3875.38 4390.77 4339.49 4276.41 4238.97 4421.54 4329.23 4502.05 4365.64 1605 1728 2.449 0 0 0 0 
56 4279.49 4360.51 4117.95 4174.36 4717.44 3886.15 4404.62 4347.18 4285.64 4243.08 4426.67 4332.82 4504.1 4357.44 1605 1729 2.464 0 0 0 0 
57 4269.74 4357.44 4109.23 4167.69 4714.36 3883.08 4409.23 4346.15 4285.13 4238.97 4422.05 4328.72 4499.49 4349.23 1605 1731 2.464 0 0 0 0 
58 4256.92 4350.77 4105.13 4163.08 4716.41 3877.44 4401.54 4343.59 4285.64 4240 4417.95 4326.67 4494.87 4343.08 1604 1732 2.48 0 0 0 0 
59 4250.26 4350.77 4106.15 4166.67 4721.03 3884.62 4396.92 4345.64 4290.26 4248.21 4423.08 4328.21 4496.41 4337.44 1605 1733 2.48 0 0 0 0 
60 4249.23 4351.79 4104.62 4169.23 4720.51 3885.64 4401.03 4344.1 4289.23 4244.62 4423.59 4326.67 4493.85 4331.28 1604 1732 2.496 0 0 0 0 
61 4248.21 4349.74 4107.18 4169.23 4721.54 3881.54 4407.18 4346.67 4290.77 4242.56 4423.08 4329.23 4493.85 4330.26 1603 1735 2.496 0 0 0 0 
62 4241.54 4350.26 4111.28 4172.31 4727.18 3892.31 4402.56 4356.41 4301.54 4257.44 4427.18 4335.9 4502.05 4330.77 1604 1735 2.511 0 0 0 0 
63 4236.41 4351.28 4108.21 4172.82 4729.23 3904.62 4394.87 4358.46 4311.28 4270.26 4430.26 4338.46 4510.26 4329.74 1604 1737 2.511 0 0 0 0 
64 4237.95 4352.31 4104.1 4174.36 4727.18 3901.54 4400 4358.97 4314.87 4268.72 4429.23 4337.95 4511.79 4328.21 1604 1737 2.527 0 0 0 0 
65 4237.44 4351.28 4104.1 4176.41 4725.13 3897.95 4409.23 4361.54 4314.36 4265.13 4425.64 4336.92 4507.69 4325.64 1603 1738 2.527 0 0 0 0 
66 4230.77 4348.72 4104.1 4174.36 4722.05 3900.51 4414.87 4363.59 4308.72 4263.59 4422.05 4337.95 4504.1 4320.51 1603 1738 2.542 0 0 0 0 
67 4227.69 4345.64 4106.15 4173.33 4721.54 3901.03 4420.51 4374.36 4311.79 4265.13 4428.21 4341.03 4508.72 4322.56 1603 1738 2.542 0 0 0 0 
68 4226.67 4341.54 4105.64 4174.87 4721.54 3905.64 4418.97 4377.44 4313.85 4264.62 4432.82 4340 4509.23 4326.15 1603 1738 2.558 0 0 0 0 
69 4224.1 4341.54 4103.08 4173.85 4718.97 3906.67 4403.59 4357.95 4303.08 4257.44 4425.13 4337.95 4503.59 4325.13 1603 1738 2.558 0 0 0 0 
70 4222.05 4344.1 4103.08 4169.74 4714.36 3893.33 4388.72 4345.64 4298.97 4255.9 4422.56 4338.97 4505.13 4325.13 1604 1737 2.574 0 0 0 0 
71 4219.49 4339.49 4102.05 4166.15 4711.79 3887.69 4394.87 4357.95 4302.56 4257.44 4428.21 4340 4507.18 4323.08 1604 1736 2.574 0 0 0 0 
72 4218.97 4333.85 4099.49 4163.08 4707.69 3894.36 4413.85 4360 4298.97 4248.72 4424.1 4336.92 4503.08 4320 1605 1734 2.589 0 0 0 0 
73 4224.1 4335.9 4100.51 4161.54 4702.56 3895.38 4424.62 4343.59 4290.26 4238.97 4418.97 4337.95 4502.05 4324.1 1605 1734 2.589 0 0 0 0 
74 4236.41 4344.1 4110.77 4169.23 4706.67 3893.33 4411.79 4344.1 4291.79 4249.23 4429.74 4346.67 4514.36 4341.54 1605 1733 2.605 0 0 0 0 
75 4257.44 4356.41 4121.03 4182.05 4713.85 3892.82 4378.46 4362.56 4305.13 4268.21 4437.95 4358.46 4532.82 4365.64 1605 1733 2.605 0 0 0 0 
76 4281.03 4370.77 4129.23 4193.33 4714.36 3888.21 4361.54 4367.18 4312.82 4271.28 4435.9 4367.18 4546.15 4390.77 1606 1732 2.62 0 0 0 0 
77 4299.49 4380.51 4138.46 4203.59 4715.38 3888.21 4382.56 4351.28 4302.56 4262.05 4438.97 4369.23 4549.74 4411.28 1604 1731 2.62 0 0 0 0 
78 4311.79 4386.67 4143.59 4209.23 4717.44 3893.33 4398.97 4335.38 4285.64 4252.82 4442.56 4367.18 4547.18 4418.46 1605 1729 2.636 0 0 0 0 
79 4317.44 4390.77 4147.18 4211.28 4715.9 3894.36 4396.41 4335.9 4286.15 4251.28 4442.05 4364.62 4546.15 4425.64 1605 1726 2.636 0 0 0 0 
80 4317.44 4390.26 4143.59 4204.62 4710.26 3894.36 4408.21 4340.51 4289.23 4248.72 4438.97 4358.97 4543.08 4430.26 1605 1727 2.652 0 0 0 0 
81 4312.82 4387.69 4132.82 4193.85 4707.69 3893.33 4407.18 4336.41 4281.03 4241.03 4433.33 4351.28 4538.97 4425.13 1605 1725 2.652 0 0 0 0 
82 4309.74 4387.69 4125.64 4191.28 4707.69 3890.77 4378.97 4334.36 4281.03 4240 4432.31 4347.69 4539.49 4421.54 1604 1726 2.667 0 0 0 0 
83 4308.21 4389.23 4127.69 4196.92 4712.82 3893.33 4378.46 4341.03 4291.28 4245.64 4433.33 4348.21 4539.49 4419.49 1605 1725 2.667 0 0 0 0 
84 4303.08 4389.23 4129.23 4198.97 4718.97 3897.44 4403.59 4347.18 4295.9 4251.79 4431.28 4349.74 4538.97 4414.87 1604 1725 2.683 0 0 0 0 
85 4294.87 4382.05 4125.64 4193.33 4712.31 3889.23 4401.54 4346.15 4291.28 4252.82 4432.31 4350.77 4542.05 4408.21 1604 1725 2.683 0 0 0 0 
86 4284.62 4372.82 4118.97 4183.59 4701.54 3880 4389.74 4341.03 4287.18 4246.15 4432.31 4347.18 4537.95 4398.46 1603 1726 2.698 0 0 0 0 
87 4273.85 4368.72 4116.41 4178.97 4705.13 3885.13 4396.92 4341.03 4289.74 4244.62 4424.1 4342.05 4524.62 4387.18 1604 1726 2.698 0 0 0 0 
88 4267.18 4368.72 4118.97 4181.54 4711.79 3891.28 4383.59 4342.56 4293.85 4247.18 4420.51 4343.59 4517.44 4381.54 1603 1727 2.714 0 0 0 0 
89 4264.62 4367.18 4120.51 4181.54 4708.21 3888.21 4360.51 4340.51 4290.77 4241.54 4423.59 4345.64 4519.49 4377.95 1604 1728 2.714 0 0 0 0 
90 4257.95 4362.05 4120.51 4177.95 4708.21 3892.82 4378.97 4340.51 4287.69 4238.46 4420.51 4342.05 4512.82 4366.67 1604 1728 2.73 0 0 0 0 
91 4243.08 4355.38 4115.38 4173.85 4714.87 3903.08 4412.31 4346.15 4291.28 4241.54 4413.33 4336.92 4498.97 4353.33 1604 1730 2.73 0 0 0 0 
92 4236.92 4351.28 4109.74 4170.26 4714.87 3909.74 4418.97 4354.36 4299.49 4245.13 4414.36 4338.46 4498.46 4348.21 1605 1730 2.745 0 0 0 0 
93 4242.56 4353.85 4115.9 4173.33 4712.31 3912.82 4423.08 4362.05 4312.31 4254.87 4423.59 4348.72 4513.33 4352.82 1604 1733 2.745 0 0 0 0 
94 4243.08 4359.49 4124.62 4182.05 4713.85 3904.62 4426.15 4362.56 4317.95 4267.18 4428.21 4355.38 4521.54 4356.41 1605 1734 2.761 0 0 0 0 
95 4243.08 4364.62 4126.67 4190.26 4717.44 3895.38 4398.97 4358.97 4316.92 4273.85 4424.62 4355.9 4522.56 4358.97 1604 1736 2.761 0 0 0 0 
96 4249.74 4368.21 4127.69 4193.85 4718.97 3900 4374.36 4360 4320.51 4276.41 4424.1 4356.92 4527.69 4364.1 1604 1740 2.776 0 0 0 0 
97 4251.28 4366.15 4127.18 4192.31 4719.49 3908.21 4390.77 4362.05 4324.1 4275.9 4427.18 4356.41 4530.26 4362.56 1604 1741 2.776 0 0 0 0 
98 4246.67 4362.05 4122.05 4187.18 4721.54 3910.26 4415.38 4357.95 4320 4272.31 4423.59 4352.82 4525.13 4356.92 1604 1743 2.792 0 0 0 0 
99 4241.03 4357.95 4117.44 4183.08 4721.03 3910.77 4411.79 4352.82 4312.82 4264.1 4417.44 4346.67 4522.05 4350.77 1604 1745 2.792 0 0 0 0 
100 4231.79 4357.95 4112.82 4181.03 4715.38 3909.23 4407.69 4350.26 4306.15 4253.85 4416.92 4342.05 4520 4345.13 1604 1745 2.808 0 0 0 0 
101 4227.69 4357.95 4109.23 4180 4709.74 3900 4413.85 4345.64 4300 4244.62 4416.41 4344.1 4513.85 4342.56 1603 1744 2.808 0 0 0 0 
102 4235.9 4355.9 4111.79 4184.1 4707.18 3894.87 4395.38 4341.03 4298.46 4243.08 4414.36 4348.21 4513.33 4343.59 1603 1746 2.823 0 0 0 0 
103 4241.03 4356.92 4118.46 4186.67 4703.08 3900 4373.33 4344.1 4296.92 4244.62 4415.38 4349.74 4518.97 4348.72 1603 1744 2.823 0 0 0 0 
104 4243.08 4363.59 4123.59 4187.69 4703.08 3902.56 4379.49 4354.36 4299.49 4246.67 4417.44 4353.85 4523.08 4359.49 1603 1744 2.839 0 0 0 0 
105 4251.28 4367.18 4125.13 4191.28 4705.13 3898.46 4401.54 4362.05 4308.72 4249.23 4416.41 4356.92 4525.64 4369.23 1604 1743 2.839 0 0 0 0 
106 4257.95 4365.64 4125.13 4190.77 4703.08 3896.41 4411.28 4358.97 4309.74 4251.79 4418.46 4353.33 4527.69 4374.87 1603 1741 2.854 0 0 0 0 
107 4266.15 4372.82 4126.67 4189.74 4704.62 3895.9 4402.56 4347.69 4304.62 4250.77 4420.51 4356.41 4534.36 4384.62 1604 1739 2.854 0 0 0 0 
108 4274.87 4375.38 4129.23 4189.23 4703.59 3894.36 4408.72 4346.15 4301.54 4240 4415.9 4357.44 4533.85 4393.33 1604 1736 2.87 0 0 0 0 
109 4281.54 4369.23 4132.31 4187.18 4697.95 3892.82 4413.33 4357.95 4302.56 4237.44 4417.44 4356.92 4532.82 4402.56 1604 1734 2.87 0 0 0 0 
110 4291.79 4381.54 4138.46 4195.9 4701.54 3891.79 4380 4356.41 4304.1 4252.82 4426.15 4367.18 4551.79 4420.51 1604 1731 2.886 0 0 0 0 
111 4301.03 4392.82 4136.41 4202.56 4704.62 3889.74 4353.85 4332.82 4293.85 4250.77 4423.59 4371.79 4562.56 4429.74 1604 1730 2.886 0 0 0 0 
112 4301.54 4381.54 4130.77 4193.85 4698.97 3889.23 4377.95 4322.05 4283.08 4234.87 4420.51 4365.13 4553.85 4426.15 1604 1727 2.901 0 0 0 0 
113 4304.1 4377.95 4137.44 4194.36 4700.51 3892.82 4403.08 4340.51 4293.85 4243.59 4427.18 4368.21 4553.85 4428.21 1603 1727 2.901 0 0 0 0 
114 4303.59 4389.74 4143.59 4202.05 4702.05 3891.28 4394.87 4354.36 4306.67 4253.33 4426.15 4374.87 4553.33 4429.74 1604 1724 2.917 0 0 0 0 
115 4292.82 4385.13 4133.85 4194.87 4695.38 3884.1 4391.28 4341.54 4295.38 4236.41 4416.92 4367.69 4538.46 4420 1603 1723 2.917 0 0 0 0 
116 4284.62 4373.33 4127.18 4190.77 4694.87 3884.62 4400.51 4328.21 4284.62 4227.18 4418.46 4361.54 4535.9 4413.33 1603 1721 2.932 0 0 0 0 
117 4275.38 4370.26 4124.62 4191.79 4696.92 3885.64 4390.77 4331.79 4286.15 4230.77 4420.51 4360.51 4534.36 4404.1 1602 1720 2.932 0 0 0 0 
118 4262.05 4363.59 4114.36 4183.59 4693.33 3876.92 4349.23 4335.38 4285.64 4226.67 4415.9 4357.44 4523.08 4387.69 1603 1719 2.948 0 0 0 0 
119 4255.9 4356.92 4109.74 4177.95 4689.74 3871.28 4324.1 4329.74 4283.08 4226.15 4413.85 4355.38 4517.44 4377.44 1602 1718 2.948 0 0 0 0 
120 4254.87 4355.38 4116.92 4182.05 4695.38 3880.51 4357.44 4330.26 4284.1 4232.31 4412.82 4358.97 4511.79 4371.28 1603 1718 2.964 0 0 0 0 
121 4246.67 4354.36 4118.46 4184.62 4701.54 3887.69 4395.9 4339.49 4288.72 4235.38 4413.85 4364.1 4512.82 4365.13 1604 1718 2.964 0 0 0 0 
122 4234.87 4344.1 4108.21 4174.36 4694.36 3880.51 4394.87 4341.03 4287.18 4229.74 4414.36 4359.49 4515.38 4351.28 1604 1719 2.979 0 0 0 0 
123 4225.13 4331.28 4100.51 4163.59 4685.64 3872.82 4389.23 4331.79 4276.92 4220 4408.21 4350.26 4502.56 4329.74 1605 1719 2.979 0 0 0 0 
124 4214.36 4324.62 4100.51 4161.54 4686.67 3875.38 4401.03 4327.69 4272.31 4216.92 4402.05 4348.72 4491.28 4317.44 1604 1721 2.995 0 0 0 0 
125 4204.1 4318.97 4100 4158.97 4692.31 3877.95 4394.87 4331.79 4276.92 4222.05 4404.62 4348.21 4492.31 4316.92 1606 1723 2.995 0 0 0 0 
126 4200.51 4315.9 4097.44 4155.9 4693.85 3875.9 4362.05 4335.9 4283.08 4226.67 4410.26 4346.15 4489.74 4313.33 1607 1726 3.01 0 0 0 0 
127 4195.38 4315.9 4093.33 4153.33 4690.77 3877.44 4336.92 4334.36 4280.51 4223.59 4410.26 4346.67 4482.56 4305.64 1607 1727 3.01 0 0 0 0 
128 4184.1 4310.26 4085.64 4147.18 4685.13 3872.82 4328.72 4327.69 4270.26 4211.79 4405.64 4340 4476.41 4298.46 1606 1729 3.026 0 0 0 0 
0 4178.46 4302.56 4081.03 4140 4681.03 3861.54 4315.9 4321.03 4264.1 4204.1 4398.97 4330.26 4468.21 4288.21 1606 1731 3.026 0 0 0 0 
1 4182.05 4305.13 4089.74 4146.15 4682.56 3865.64 4311.28 4327.69 4270.77 4212.82 4400 4336.92 4469.74 4286.67 1606 1734 3.042 0 0 0 0 
2 4183.59 4310.26 4095.9 4154.36 4686.67 3874.36 4330.26 4337.44 4274.87 4218.46 4404.62 4348.21 4475.38 4289.23 1605 1735 3.042 0 0 0 0 
3 4176.92 4303.59 4089.23 4146.67 4682.56 3866.15 4349.74 4329.74 4265.64 4207.69 4399.49 4346.15 4469.23 4283.08 1605 1739 3.057 0 0 0 0 
4 4174.36 4297.44 4086.15 4141.03 4674.36 3858.97 4366.67 4323.08 4262.05 4204.62 4393.85 4344.1 4463.08 4278.46 1605 1740 3.057 0 0 0 0 
5 4181.03 4301.03 4091.79 4145.13 4675.9 3866.15 4386.67 4330.26 4269.23 4213.85 4397.44 4350.26 4468.72 4284.62 1602 1743 3.073 0 0 0 0 
6 4186.67 4305.64 4094.36 4148.72 4680.51 3871.79 4396.41 4335.9 4273.85 4217.44 4401.54 4355.9 4477.44 4292.82 1604 1744 3.073 0 0 0 0 
7 4187.18 4304.62 4093.33 4147.69 4680 3869.23 4400 4335.9 4277.44 4218.46 4400.51 4354.36 4483.08 4295.9 1602 1743 3.088 0 0 0 0 
8 4189.23 4303.59 4093.33 4146.15 4676.92 3867.18 4401.03 4335.9 4278.97 4221.03 4398.97 4352.82 4483.08 4297.95 1602 1746 3.088 0 0 0 0 
9 4198.46 4311.28 4097.44 4150.26 4678.46 3871.79 4384.62 4341.03 4280 4224.1 4402.56 4360 4488.72 4308.72 1602 1745 3.104 0 0 0 0 
10 4212.82 4319.49 4105.13 4160.51 4682.56 3876.92 4354.36 4347.69 4282.56 4228.72 4406.15 4367.18 4501.54 4324.1 1603 1745 3.104 0 0 0 0 
11 4225.64 4323.59 4113.33 4168.21 4685.13 3875.38 4334.36 4349.74 4283.08 4230.77 4406.15 4369.23 4505.13 4335.38 1603 1743 3.12 0 0 0 0 
12 4243.08 4331.28 4116.92 4172.31 4685.64 3872.31 4330.26 4347.18 4281.03 4230.77 4407.69 4372.31 4510.77 4351.79 1604 1743 3.12 0 0 0 0 
13 4262.05 4340.51 4118.46 4178.97 4686.67 3875.9 4330.26 4343.59 4277.44 4229.74 4409.23 4373.85 4522.56 4371.79 1605 1740 3.135 0 0 0 0 
14 4271.28 4341.54 4118.97 4182.05 4687.69 3874.87 4326.15 4345.13 4274.36 4226.67 4407.69 4373.33 4525.64 4382.05 1604 1740 3.135 0 0 0 0 
15 4275.9 4344.62 4120 4178.97 4683.08 3865.13 4314.36 4344.62 4270.77 4222.56 4408.72 4376.41 4524.1 4386.67 1606 1737 3.151 0 0 0 0 
16 4288.21 4353.85 4127.69 4186.15 4681.54 3862.56 4308.21 4340 4272.82 4226.67 4413.33 4377.44 4535.9 4401.54 1605 1736 3.151 0 0 0 0 
17 4295.38 4358.46 4134.36 4195.9 4688.21 3872.31 4315.38 4342.56 4285.13 4242.05 4416.41 4374.87 4550.77 4415.38 1607 1734 3.166 0 0 0 0 
18 4287.69 4356.92 4129.74 4190.26 4690.77 3876.92 4318.97 4348.72 4292.82 4246.67 4415.38 4375.9 4544.1 4410.26 1606 1733 3.166 0 0 0 0 
19 4277.44 4354.87 4126.67 4182.05 4685.13 3873.85 4312.31 4343.59 4286.67 4238.97 4413.85 4374.36 4531.79 4400 1606 1732 3.182 0 0 0 0 
20 4268.72 4351.28 4128.21 4176.41 4681.54 3868.72 4303.08 4331.79 4277.95 4231.79 4409.74 4366.67 4529.23 4390.77 1607 1730 3.182 0 0 0 0 
21 4254.87 4345.13 4120.51 4167.69 4681.54 3863.08 4296.41 4328.72 4273.85 4226.67 4406.67 4362.56 4524.1 4374.36 1605 1730 3.198 0 0 0 0 
22 4243.59 4341.03 4113.85 4165.13 4680.51 3862.56 4295.38 4333.33 4272.82 4224.1 4407.69 4365.13 4512.82 4361.03 1606 1728 3.198 0 0 0 0 
23 4239.49 4336.41 4112.82 4163.08 4677.44 3865.64 4296.41 4338.97 4272.82 4221.54 4406.67 4365.64 4503.08 4356.92 1606 1728 3.213 0 0 0 0 
24 4228.72 4327.69 4106.67 4150.77 4671.79 3862.05 4291.79 4341.54 4270.77 4217.95 4401.03 4360.51 4495.9 4346.15 1605 1727 3.213 0 0 0 0 
25 4217.95 4323.59 4107.18 4148.21 4671.79 3858.46 4287.69 4343.08 4271.79 4220 4398.97 4360 4489.74 4334.87 1604 1726 3.229 0 0 0 0 
26 4219.49 4327.18 4117.44 4157.95 4681.54 3864.1 4295.38 4344.62 4281.54 4227.69 4402.05 4368.72 4490.77 4335.9 1604 1725 3.229 0 0 0 0 
27 4217.95 4323.59 4114.87 4156.41 4682.56 3870.26 4308.72 4342.56 4283.08 4229.23 4404.62 4371.28 4490.77 4332.82 1603 1724 3.244 0 0 0 0 
28 4206.67 4312.31 4108.21 4145.64 4673.85 3866.67 4310.26 4344.62 4276.41 4225.64 4403.59 4363.59 4485.64 4321.03 1604 1724 3.244 0 0 0 0 
29 4201.03 4307.18 4109.23 4143.08 4675.38 3862.05 4300.51 4345.13 4274.87 4225.13 4401.03 4358.97 4483.59 4312.82 1603 1724 3.26 0 0 0 0 
30 4199.49 4309.23 4106.15 4145.13 4680 3864.62 4294.36 4341.03 4274.87 4226.15 4401.03 4362.56 4481.54 4310.77 1604 1725 3.26 0 0 0 0 
31 4191.28 4308.21 4098.97 4142.05 4672.31 3864.1 4294.87 4336.92 4269.74 4223.08 4400.51 4361.03 4472.82 4302.56 1604 1724 3.276 0 0 0 0 
32 4190.77 4305.64 4098.46 4141.03 4671.28 3863.08 4298.97 4340 4269.74 4223.08 4400.51 4357.44 4470.77 4295.9 1603 1725 3.276 0 0 0 0 
33 4195.38 4307.18 4097.44 4145.13 4676.92 3865.13 4299.49 4341.54 4272.82 4226.15 4401.54 4359.49 4476.41 4298.97 1605 1726 3.291 0 0 0 0 
34 4182.05 4305.64 4085.13 4136.92 4668.21 3857.44 4289.23 4330.26 4262.05 4217.95 4395.9 4355.9 4471.28 4295.38 1604 1727 3.291 0 0 0 0 
35 4174.87 4303.08 4083.08 4132.82 4664.1 3853.85 4288.21 4327.69 4259.49 4214.36 4395.38 4355.38 4469.74 4292.31 1605 1728 3.307 0 0 0 0 
36 4190.26 4309.74 4097.44 4146.15 4673.33 3865.13 4303.08 4340 4272.31 4229.23 4403.59 4367.18 4483.59 4305.64 1604 1730 3.307 0 0 0 0 
37 4199.49 4320.51 4104.62 4154.87 4676.92 3871.28 4306.67 4340.51 4272.31 4234.87 4406.15 4370.77 4491.28 4320 1605 1731 3.322 0 0 0 0 
38 4203.59 4323.59 4104.1 4153.85 4673.85 3865.13 4294.87 4333.85 4261.03 4223.59 4401.54 4364.1 4487.69 4323.59 1604 1733 3.322 0 0 0 0 
39 4219.49 4326.15 4108.21 4156.92 4674.36 3863.08 4289.23 4337.95 4255.9 4220.51 4403.08 4366.15 4490.77 4330.26 1605 1735 3.338 0 0 0 0 
40 4237.95 4334.36 4117.44 4165.13 4674.87 3864.62 4296.92 4342.05 4257.95 4228.21 4409.23 4374.36 4502.05 4351.28 1604 1737 3.338 0 0 0 0 
41 4251.79 4342.56 4118.46 4169.23 4675.38 3862.05 4298.97 4333.33 4254.87 4223.59 4410.26 4373.85 4508.72 4371.28 1603 1740 3.354 0 0 0 0 
42 4263.59 4349.23 4115.38 4171.28 4673.33 3856.41 4288.21 4326.67 4249.74 4212.82 4408.72 4370.77 4507.69 4381.03 1604 1740 3.354 0 0 0 0 
43 4267.69 4352.82 4118.97 4172.82 4668.21 3854.36 4285.64 4332.31 4250.77 4213.85 4408.21 4371.79 4506.67 4385.13 1603 1741 3.369 0 0 0 0 
44 4267.69 4352.31 4122.05 4173.85 4666.15 3864.1 4307.69 4339.49 4251.28 4213.85 4406.67 4374.36 4504.1 4385.13 1604 1741 3.369 0 0 0 0 
45 4273.33 4354.36 4118.97 4177.95 4667.18 3870.77 4321.54 4348.72 4251.79 4204.1 4401.54 4372.82 4500 4386.67 1603 1740 3.385 0 0 0 0 
46 4274.87 4354.87 4116.41 4178.46 4666.67 3860.51 4301.54 4360.51 4256.92 4202.05 4402.05 4368.21 4502.56 4388.21 1603 1739 3.385 0 0 0 0 
47 4265.13 4348.72 4112.82 4169.74 4661.03 3847.18 4280 4350.77 4254.87 4204.62 4404.62 4365.64 4507.18 4382.05 1603 1737 3.4 0 0 0 0 
48 4250.26 4342.05 4102.56 4154.87 4654.36 3843.59 4281.03 4328.72 4240.51 4192.82 4395.38 4358.97 4494.87 4368.21 1603 1736 3.4 0 0 0 0 
49 4238.97 4337.95 4098.46 4146.67 4652.82 3843.59 4285.13 4335.38 4234.87 4181.03 4384.62 4352.31 4479.49 4358.97 1603 1734 3.416 0 0 0 0 
50 4237.44 4335.38 4106.15 4152.31 4653.85 3843.08 4279.49 4352.31 4244.62 4190.77 4390.26 4360.51 4480.51 4358.46 1603 1734 3.416 0 0 0 0 
51 4236.41 4334.87 4108.72 4155.9 4646.15 3843.59 4275.9 4340.51 4248.21 4203.08 4398.97 4368.21 4486.67 4354.36 1603 1732 3.432 0 0 0 0 
52 4231.28 4337.95 4105.13 4151.28 4632.31 3844.62 4275.38 4332.31 4245.13 4204.1 4397.44 4363.08 4489.23 4347.69 1604 1731 3.432 0 0 0 0 
53 4222.56 4336.92 4104.1 4145.13 4626.15 3847.18 4278.46 4345.64 4247.18 4203.59 4397.44 4362.56 4487.18 4341.03 1603 1730 3.447 0 0 0 0 
54 4210.26 4328.21 4099.49 4138.97 4622.56 3849.74 4292.31 4350.26 4248.72 4201.03 4399.49 4366.67 4475.9 4327.69 1604 1729 3.447 0 0 0 0 
55 4198.97 4323.08 4095.9 4133.33 4617.44 3850.26 4296.92 4348.72 4243.59 4197.44 4398.46 4361.54 4467.69 4311.79 1604 1727 3.463 0 0 0 0 
56 4195.38 4324.62 4096.92 4132.31 4617.44 3847.18 4285.64 4352.31 4245.13 4202.05 4400 4360.51 4472.31 4308.72 1604 1726 3.463 0 0 0 0 
57 4193.85 4325.64 4098.46 4135.38 4620.51 3849.23 4286.67 4361.03 4257.44 4212.31 4406.15 4367.69 4474.36 4308.72 1603 1725 3.478 0 0 0 0 
58 4185.64 4321.03 4095.9 4133.33 4619.49 3857.44 4305.13 4367.69 4260 4213.33 4406.15 4364.62 4467.18 4297.95 1605 1725 3.478 0 0 0 0 
59 4181.03 4318.46 4093.33 4128.21 4616.41 3860.51 4306.67 4364.1 4250.77 4207.18 4401.54 4358.46 4461.03 4290.77 1603 1724 3.494 0 0 0 0 
60 4185.64 4323.59 4098.97 4135.38 4619.49 3862.05 4297.44 4368.21 4257.95 4216.92 4405.64 4367.18 4466.67 4297.95 1603 1725 3.494 0 0 0 0 
61 4187.69 4326.67 4104.62 4143.08 4622.05 3858.97 4293.85 4374.36 4267.69 4228.21 4409.74 4372.82 4473.85 4300.51 1605 1724 3.51 0 0 0 0 
62 4181.54 4321.54 4098.97 4136.92 4614.87 3850.26 4289.23 4366.67 4259.49 4221.03 4403.08 4362.05 4465.64 4290.26 1603 1725 3.51 0 0 0 0 
63 4180.51 4321.03 4097.95 4136.41 4612.82 3855.38 4294.87 4368.72 4261.03 4220 4402.05 4358.97 4458.46 4288.21 1605 1726 3.525 0 0 0 0 
64 4189.74 4330.26 4108.72 4148.21 4620.51 3868.72 4313.33 4387.18 4276.41 4234.36 4412.82 4371.28 4467.69 4297.44 1605 1726 3.525 0 0 0 0 
65 4195.38 4332.82 4111.28 4153.85 4622.05 3871.28 4321.54 4393.85 4278.97 4241.03 4418.97 4379.49 4482.05 4305.13 1606 1727 3.541 0 0 0 0 
66 4194.36 4330.77 4103.08 4148.72 4616.92 3867.18 4317.95 4388.21 4274.36 4236.41 4415.38 4374.87 4483.08 4307.18 1606 1728 3.541 0 0 0 0 
67 4195.9 4334.36 4103.59 4146.67 4617.44 3867.18 4316.92 4387.69 4273.85 4232.82 4414.36 4368.21 4475.9 4305.13 1607 1729 3.556 0 0 0 0 
68 4205.13 4338.97 4111.28 4153.33 4621.03 3869.74 4321.03 4391.79 4274.87 4231.28 4416.92 4373.33 4477.95 4307.69 1606 1731 3.556 0 0 0 0 
69 4211.79 4337.44 4113.85 4157.95 4618.97 3867.69 4317.95 4389.74 4273.85 4229.23 4416.92 4381.54 4485.64 4317.95 1607 1733 3.572 0 0 0 0 
70 4220 4340 4115.9 4161.54 4619.49 3866.15 4314.87 4384.62 4271.79 4230.77 4415.9 4381.03 4489.74 4333.33 1607 1734 3.572 0 0 0 0 
71 4237.95 4350.77 4123.59 4173.33 4622.56 3871.79 4321.54 4384.1 4273.85 4232.82 4420 4381.03 4497.44 4350.77 1606 1737 3.588 0 0 0 0 
72 4252.31 4356.92 4129.74 4183.08 4623.59 3875.38 4326.15 4382.56 4275.38 4234.36 4422.05 4386.15 4507.18 4364.1 1607 1738 3.588 0 0 0 0 
73 4257.44 4359.49 4127.18 4181.03 4623.08 3869.23 4322.56 4378.46 4271.79 4230.77 4417.44 4386.15 4507.18 4369.74 1605 1742 3.603 0 0 0 0 
74 4263.59 4363.08 4123.08 4175.38 4617.95 3863.08 4318.97 4381.54 4266.67 4225.13 4413.85 4382.05 4503.59 4372.31 1605 1743 3.603 0 0 0 0 
75 4272.82 4364.1 4125.64 4180.51 4615.38 3863.08 4324.62 4390.26 4272.82 4231.28 4417.95 4383.59 4508.72 4381.03 1604 1743 3.619 0 0 0 0 
76 4282.05 4366.67 4131.28 4193.33 4621.03 3868.21 4330.77 4392.31 4280.51 4241.03 4422.56 4387.69 4517.44 4392.82 1604 1743 3.619 0 0 0 0 
77 4281.03 4368.72 4126.67 4191.79 4617.95 3867.18 4332.31 4385.64 4270.77 4227.69 4414.87 4384.62 4511.79 4391.79 1603 1743 3.634 0 0 0 0 
78 4276.92 4366.15 4122.05 4182.05 4608.21 3862.56 4339.49 4382.56 4258.46 4208.72 4408.72 4380.51 4503.59 4386.15 1603 1743 3.634 0 0 0 0 
79 4286.15 4368.72 4127.18 4189.23 4611.79 3869.23 4346.67 4388.21 4266.15 4218.97 4419.49 4385.64 4514.87 4393.85 1603 1743 3.65 0 0 0 0 
80 4297.95 4374.36 4131.28 4199.49 4621.03 3876.92 4340 4391.28 4282.56 4237.44 4427.18 4390.77 4523.59 4404.62 1603 1741 3.65 0 0 0 0 
81 4292.82 4369.74 4124.1 4193.85 4617.95 3869.23 4327.69 4387.18 4283.59 4235.9 4419.49 4383.59 4514.87 4400 1603 1739 3.666 0 0 0 0 
82 4276.41 4363.59 4114.36 4179.49 4612.31 3862.56 4329.74 4381.54 4275.9 4226.15 4416.41 4372.82 4511.79 4385.64 1602 1738 3.666 0 0 0 0 
83 4265.64 4359.49 4110.77 4170.26 4612.82 3865.64 4338.97 4380.51 4270.77 4220.51 4417.95 4369.23 4509.74 4371.28 1604 1735 3.681 0 0 0 0 
84 4259.49 4354.36 4109.74 4169.23 4611.28 3862.56 4329.23 4382.56 4269.23 4218.46 4413.85 4367.18 4497.44 4363.59 1603 1734 3.681 0 0 0 0 
85 4257.95 4352.82 4110.77 4176.92 4609.23 3854.87 4313.85 4388.21 4274.87 4225.13 4413.85 4371.28 4496.92 4364.62 1604 1733 3.697 0 0 0 0 
86 4258.97 4354.87 4112.82 4177.95 4617.44 3863.59 4328.21 4391.79 4282.56 4235.9 4420.51 4376.41 4512.31 4362.05 1604 1731 3.697 0 0 0 0 
87 4251.79 4353.85 4111.79 4169.74 4626.15 3880 4351.79 4389.23 4284.1 4239.49 4420.51 4373.85 4514.36 4353.85 1604 1731 3.712 0 0 0 0 
88 4243.08 4350.26 4107.69 4167.18 4621.03 3883.08 4348.72 4385.64 4283.59 4236.92 4416.41 4369.74 4500 4347.18 1604 1728 3.712 0 0 0 0 
89 4240.51 4344.62 4105.64 4167.69 4618.46 3879.49 4340 4388.72 4286.15 4234.36 4414.36 4368.21 4489.23 4336.92 1604 1728 3.728 0 0 0 0 
90 4235.38 4336.41 4104.1 4161.03 4621.54 3881.03 4350.26 4394.87 4289.74 4233.85 4413.85 4364.62 4485.13 4322.56 1605 1727 3.728 0 0 0 0 
91 4229.23 4336.92 4103.59 4161.54 4620.51 3881.54 4357.95 4396.41 4296.41 4240 4417.95 4365.64 4491.79 4321.03 1604 1727 3.744 0 0 0 0 
92 4233.33 4342.05 4109.74 4170.77 4619.49 3879.49 4352.31 4393.85 4302.05 4251.79 4421.54 4374.36 4502.56 4329.23 1605 1727 3.744 0 0 0 0 
93 4236.92 4340.51 4113.85 4170.77 4622.05 3880.51 4351.79 4393.85 4302.56 4258.97 4417.95 4375.9 4499.49 4327.18 1604 1727 3.759 0 0 0 0 
94 4230.26 4338.46 4110.77 4164.62 4625.13 3883.59 4357.95 4399.49 4305.13 4261.54 4419.49 4369.23 4495.38 4320 1605 1727 3.759 0 0 0 0 
95 4224.1 4335.9 4104.62 4161.03 4622.56 3881.03 4353.85 4395.9 4302.56 4258.97 4424.1 4365.13 4500.51 4314.87 1604 1727 3.775 0 0 0 0 
96 4224.62 4334.36 4101.54 4160.51 4620 3877.95 4347.18 4388.72 4296.92 4253.85 4423.08 4365.13 4502.56 4309.23 1607 1728 3.775 0 0 0 0 
97 4224.1 4335.9 4098.97 4161.03 4620 3876.92 4349.23 4389.74 4296.41 4252.31 4417.95 4363.59 4497.44 4304.62 1605 1727 3.79 0 0 0 0 
98 4220 4332.31 4092.31 4160 4618.97 3872.82 4350.77 4386.15 4290.77 4247.69 4416.92 4358.46 4491.79 4300 1605 1729 3.806 0 0 0 0 
99 4218.46 4326.67 4088.72 4154.36 4615.38 3872.82 4354.36 4381.03 4287.18 4242.56 4419.49 4357.44 4490.77 4298.97 1606 1729 3.806 0 0 0 0 
100 4221.03 4329.74 4092.31 4152.82 4614.87 3877.95 4360.51 4385.13 4292.31 4243.08 4418.46 4363.08 4490.77 4301.54 1605 1732 3.806 0 0 0 0 
101 4226.15 4336.41 4097.44 4157.44 4618.97 3877.95 4362.56 4389.23 4292.82 4247.18 4418.46 4368.21 4495.38 4307.69 1606 1732 3.822 0 0 0 0 
102 4236.92 4334.87 4097.95 4160 4617.95 3873.33 4359.49 4382.56 4286.67 4245.64 4423.08 4367.18 4498.97 4315.9 1605 1732 3.822 0 0 0 0 
103 4250.26 4337.44 4099.49 4166.15 4616.41 3875.38 4355.9 4378.97 4290.77 4245.64 4427.69 4368.21 4504.1 4326.15 1605 1733 3.837 0 0 0 0 
104 4262.05 4351.79 4105.13 4176.92 4618.46 3878.97 4353.85 4383.08 4296.92 4250.26 4426.67 4374.36 4514.36 4340.51 1604 1735 3.837 0 0 0 0 
105 4275.38 4357.44 4104.62 4176.92 4615.38 3868.72 4349.74 4379.49 4284.1 4243.59 4420.51 4372.31 4516.41 4352.82 1605 1737 3.853 0 0 0 0 
106 4290.26 4354.87 4104.1 4172.82 4611.28 3859.49 4350.26 4371.79 4275.38 4228.21 4417.95 4367.69 4511.79 4363.08 1604 1740 3.853 0 0 0 0 
107 4302.05 4357.44 4110.77 4177.95 4609.23 3863.59 4355.9 4370.77 4280 4222.56 4418.46 4369.74 4507.69 4373.33 1604 1739 3.868 0 0 0 0 
108 4307.18 4359.49 4109.23 4178.46 4605.64 3865.13 4358.97 4371.28 4274.36 4218.97 4416.92 4368.21 4504.62 4381.03 1603 1740 3.868 0 0 0 0 
109 4309.23 4357.44 4103.08 4169.74 4600.51 3859.49 4357.44 4373.33 4268.21 4213.33 4414.36 4365.64 4506.15 4387.18 1603 1740 3.884 0 0 0 0 
110 4304.62 4353.85 4101.54 4166.15 4596.92 3856.92 4357.95 4371.79 4269.74 4208.21 4411.79 4365.13 4505.64 4386.67 1602 1740 3.9 0 0 0 0 
111 4303.08 4353.85 4099.49 4167.69 4595.38 3856.92 4358.46 4367.69 4270.26 4205.13 4411.79 4362.56 4505.13 4383.08 1603 1739 3.9 0 0 0 0 
112 4309.74 4357.95 4098.46 4170.26 4597.44 3855.9 4348.21 4364.1 4271.28 4209.23 4415.38 4363.08 4509.23 4385.13 1603 1738 3.9 0 0 0 0 
113 4311.28 4360.51 4102.56 4173.33 4600.51 3859.49 4348.72 4358.97 4271.28 4214.36 4416.92 4366.15 4511.28 4386.15 1604 1735 3.915 0 0 0 0 
114 4301.54 4354.36 4102.05 4171.79 4600.51 3864.62 4365.13 4361.03 4268.21 4212.31 4415.9 4365.64 4505.64 4376.92 1602 1735 3.915 0 0 0 0 
115 4290.26 4348.21 4095.9 4166.15 4602.56 3861.54 4360.51 4368.21 4271.28 4211.28 4415.9 4366.15 4503.08 4367.69 1604 1734 3.931 0 0 0 0 
116 4289.74 4347.69 4097.44 4166.15 4604.62 3854.87 4340.51 4366.67 4278.97 4221.03 4415.38 4367.18 4501.03 4364.1 1603 1734 3.931 0 0 0 0 
117 4287.18 4347.69 4100.51 4171.28 4604.1 3858.97 4347.69 4369.23 4281.54 4226.67 4415.9 4365.64 4495.9 4359.49 1603 1735 3.946 0 0 0 0 
118 4274.36 4342.56 4094.36 4165.64 4602.56 3865.13 4367.69 4380.51 4279.49 4218.97 4419.49 4364.1 4496.41 4349.74 1604 1732 3.946 0 0 0 0 
119 4263.59 4331.28 4085.64 4152.31 4598.97 3862.56 4366.15 4372.82 4273.85 4212.31 4418.97 4361.03 4493.85 4335.9 1603 1732 3.962 0 0 0 0 
120 4257.95 4322.56 4084.62 4147.18 4595.9 3861.03 4361.03 4354.87 4268.72 4211.28 4415.38 4353.85 4486.15 4325.64 1603 1731 3.978 0 0 0 0 
121 4254.87 4322.56 4086.15 4150.26 4600.51 3865.13 4365.64 4360.51 4272.31 4211.79 4414.36 4351.28 4480.51 4321.03 1604 1730 3.978 0 0 0 0 
122 4252.82 4318.46 4083.59 4144.62 4605.13 3865.64 4371.79 4376.41 4279.49 4211.79 4413.85 4352.82 4474.36 4317.44 1604 1729 3.978 0 0 0 0 
123 4249.74 4311.79 4081.54 4135.38 4603.59 3866.15 4377.95 4378.97 4281.03 4212.31 4415.38 4354.87 4472.82 4312.82 1603 1728 3.993 0 0 0 0 
124 4246.15 4315.38 4085.64 4139.49 4605.64 3872.82 4382.56 4375.38 4280 4214.36 4418.46 4357.95 4480 4310.77 1605 1727 3.993 0 0 0 0 
125 4248.21 4320.51 4090.77 4146.67 4611.28 3876.41 4383.08 4383.08 4286.67 4220 4418.46 4360 4481.54 4310.26 1604 1727 4.009 0 0 0 0 
126 4248.72 4315.9 4088.21 4140.51 4610.26 3875.38 4380 4393.85 4294.87 4224.62 4417.44 4360 4476.41 4307.18 1604 1726 4.024 0 0 0 0 
127 4243.08 4312.31 4082.05 4134.87 4610.26 3874.87 4385.64 4384.1 4290.26 4222.56 4420 4357.95 4478.46 4305.13 1604 1725 4.024 0 0 0 0 
128 4236.41 4309.23 4082.56 4132.82 4610.26 3868.72 4385.64 4364.1 4278.46 4214.36 4418.46 4354.36 4476.92 4303.08 1605 1726 4.024 0 0 0 0 
0 4232.31 4305.13 4085.64 4129.74 4607.18 3862.05 4372.82 4363.59 4275.9 4213.85 4412.82 4353.85 4470.77 4296.92 1605 1724 4.04 0 0 0 0 
1 4232.82 4305.64 4085.64 4132.31 4607.69 3865.64 4373.33 4376.41 4282.56 4223.08 4413.33 4358.46 4473.33 4295.9 1604 1725 4.056 0 0 0 0 
2 4233.85 4306.15 4081.03 4131.28 4607.69 3865.64 4378.46 4375.38 4280.51 4222.05 4416.41 4357.95 4475.38 4300.51 1606 1725 4.056 0 0 0 0 
3 4231.79 4302.56 4080.51 4125.64 4602.56 3857.44 4371.79 4369.74 4272.82 4213.85 4413.85 4352.31 4469.23 4302.05 1605 1725 4.071 0 0 0 0 
4 4234.87 4302.05 4083.08 4127.69 4600.51 3854.36 4367.18 4367.18 4270.77 4212.82 4411.79 4354.87 4466.67 4303.59 1605 1726 4.071 0 0 0 0 
5 4245.64 4304.1 4084.62 4130.77 4601.03 3851.79 4368.72 4360 4272.31 4211.79 4412.82 4360.51 4470.77 4313.33 1605 1727 4.087 0 0 0 0 
6 4260.51 4309.23 4086.15 4128.21 4597.44 3844.1 4363.08 4351.28 4269.74 4207.18 4414.36 4362.05 4474.36 4325.64 1605 1728 4.087 0 0 0 0 
7 4274.36 4318.97 4088.21 4133.33 4591.28 3842.05 4360 4350.77 4266.67 4206.15 4414.87 4362.05 4476.41 4335.9 1604 1729 4.102 0 0 0 0 
8 4279.49 4322.56 4085.13 4137.95 4587.69 3842.05 4360.51 4353.33 4267.69 4202.56 4415.38 4360.51 4477.95 4344.62 1605 1731 4.102 0 0 0 0 
9 4276.92 4315.38 4077.44 4128.72 4585.13 3831.28 4351.28 4342.56 4264.1 4190.77 4412.82 4353.85 4475.9 4348.21 1604 1731 4.102 0 0 0 0 
10 4282.05 4317.44 4077.95 4124.1 4586.15 3826.15 4347.69 4332.82 4261.54 4186.67 4412.31 4353.33 4477.44 4352.82 1603 1734 4.118 0 0 0 0 
11 4292.31 4330.26 4088.72 4138.46 4592.31 3834.36 4356.41 4339.49 4266.15 4195.9 4414.36 4365.13 4491.28 4366.67 1605 1735 4.134 0 0 0 0 
12 4295.38 4332.82 4093.85 4147.69 4594.87 3836.92 4357.44 4341.03 4268.21 4199.49 4416.92 4368.21 4501.54 4372.82 1603 1738 4.134 0 0 0 0 
13 4292.82 4327.18 4087.69 4142.05 4590.77 3831.28 4354.36 4332.31 4266.67 4190.26 4415.9 4358.46 4495.9 4364.62 1604 1740 4.149 0 0 0 0 
14 4284.62 4321.03 4079.49 4133.85 4585.13 3830.77 4358.97 4332.82 4264.1 4181.54 4410.77 4353.85 4482.05 4357.95 1602 1742 4.149 0 0 0 0 
15 4275.38 4312.82 4077.44 4129.23 4585.13 3829.23 4355.38 4334.87 4261.03 4182.05 4410.77 4355.9 4475.9 4352.31 1603 1743 4.149 0 0 0 0 
16 4271.79 4310.26 4078.97 4131.28 4587.18 3825.64 4347.18 4328.72 4259.49 4184.1 4410.26 4356.41 4476.41 4343.08 1602 1743 4.165 0 0 0 0 
17 4263.59 4310.26 4074.36 4132.82 4585.13 3830.77 4353.85 4327.69 4259.49 4180 4401.54 4354.36 4463.59 4332.82 1603 1745 4.18 0 0 0 0 
18 4248.21 4298.97 4066.67 4123.59 4583.08 3832.82 4360 4332.82 4257.44 4174.36 4397.95 4348.72 4448.72 4321.54 1602 1744 4.18 0 0 0 0 
19 4238.46 4287.69 4061.03 4111.79 4581.54 3824.62 4353.85 4329.23 4255.38 4170.77 4400.51 4343.59 4451.79 4309.23 1603 1744 4.196 0 0 0 0 
20 4232.31 4288.72 4057.44 4112.31 4580.51 3824.62 4354.87 4324.62 4255.9 4172.82 4401.54 4346.15 4455.9 4300.51 1604 1743 4.196 0 0 0 0 
21 4227.69 4291.28 4061.54 4119.49 4585.64 3836.41 4367.69 4338.97 4266.67 4186.15 4407.18 4352.82 4456.41 4301.03 1604 1743 4.212 0 0 0 0 
22 4226.67 4290.26 4071.28 4122.56 4593.85 3845.64 4370.26 4350.77 4281.54 4201.03 4411.28 4354.36 4463.08 4302.05 1605 1739 4.212 0 0 0 0 
23 4224.62 4290.77 4071.79 4119.49 4596.92 3846.67 4366.67 4342.05 4282.05 4203.08 4407.18 4352.31 4462.05 4295.9 1604 1739 4.227 0 0 0 0 
24 4223.08 4292.82 4070.26 4120 4595.9 3846.15 4373.85 4340 4281.54 4205.13 4410.26 4352.31 4460 4291.28 1605 1737 4.227 0 0 0 0 
25 4221.54 4293.33 4074.36 4125.13 4597.95 3846.67 4377.44 4358.46 4295.38 4216.41 4418.46 4356.92 4470.77 4292.31 1604 1735 4.243 0 0 0 0 
26 4212.31 4291.28 4068.21 4122.05 4600 3842.56 4364.62 4362.56 4300 4218.46 4413.85 4356.92 4472.31 4286.67 1605 1734 4.243 0 0 0 0 
27 4206.67 4288.21 4058.97 4114.36 4598.97 3837.95 4357.95 4342.56 4288.21 4211.28 4406.67 4351.28 4464.62 4277.95 1604 1732 4.258 0 0 0 0 
28 4210.77 4289.23 4064.62 4116.41 4599.49 3843.08 4367.18 4337.95 4286.15 4214.87 4411.28 4353.85 4470.26 4281.03 1604 1732 4.258 0 0 0 0 
29 4212.31 4288.72 4069.23 4121.54 4603.08 3852.31 4374.36 4350.26 4290.26 4220 4415.38 4358.97 4472.82 4284.1 1605 1730 4.274 0 0 0 0 
30 4201.03 4282.05 4062.05 4112.82 4600.51 3850.77 4376.41 4350.26 4282.05 4208.21 4408.72 4353.33 4458.97 4272.31 1604 1728 4.274 0 0 0 0 
31 4195.38 4282.56 4061.03 4103.59 4598.97 3845.64 4374.36 4345.64 4277.95 4201.54 4406.15 4351.28 4453.33 4267.18 1604 1726 4.29 0 0 0 0 
32 4204.1 4289.74 4070.26 4109.74 4606.15 3847.69 4369.74 4350.26 4285.64 4211.28 4411.79 4359.49 4461.54 4276.92 1604 1725 4.29 0 0 0 0 
33 4213.33 4290.77 4077.44 4119.49 4608.72 3850.26 4371.79 4353.85 4287.18 4216.92 4414.36 4362.05 4467.18 4283.08 1604 1723 4.305 0 0 0 0 
34 4223.08 4296.92 4085.64 4125.64 4606.67 3848.21 4370.77 4354.87 4288.21 4219.49 4415.9 4366.67 4472.82 4294.36 1604 1722 4.305 0 0 0 0 
35 4241.03 4308.21 4089.74 4133.33 4614.87 3848.21 4362.56 4358.97 4296.41 4228.21 4419.49 4374.87 4484.62 4315.38 1604 1722 4.321 0 0 0 0 
36 4255.38 4312.31 4088.21 4138.97 4620 3851.28 4364.1 4357.95 4296.92 4226.67 4418.46 4374.87 4493.85 4329.23 1604 1722 4.321 0 0 0 0 
37 4263.59 4313.85 4087.18 4135.9 4610.26 3846.15 4366.67 4347.18 4281.03 4210.26 4414.36 4370.26 4491.79 4334.87 1604 1722 4.336 0 0 0 0 
38 4276.92 4320.51 4091.28 4137.95 4605.13 3841.54 4358.46 4340 4273.33 4206.15 4416.92 4369.74 4489.23 4350.26 1603 1723 4.336 0 0 0 0 
39 4291.79 4329.23 4096.92 4147.18 4613.33 3849.23 4358.97 4343.08 4282.05 4215.38 4421.03 4373.85 4498.46 4368.72 1604 1723 4.352 0 0 0 0 
40 4303.08 4335.38 4102.05 4154.36 4617.95 3852.31 4368.21 4346.15 4287.18 4218.46 4422.56 4377.95 4512.31 4378.97 1604 1725 4.352 0 0 0 0 
41 4312.82 4342.56 4108.72 4163.08 4618.97 3850.26 4374.36 4349.23 4287.18 4218.46 4425.64 4383.59 4521.03 4389.74 1604 1725 4.368 0 0 0 0 
42 4316.92 4346.15 4112.31 4169.74 4619.49 3857.95 4377.44 4353.85 4289.74 4223.59 4424.1 4384.62 4518.97 4395.38 1602 1728 4.368 0 0 0 0 
43 4312.31 4343.08 4111.28 4164.1 4618.46 3861.03 4376.41 4351.28 4289.74 4224.1 4418.97 4377.95 4516.41 4387.69 1604 1729 4.383 0 0 0 0 
44 4306.67 4338.97 4111.28 4157.44 4618.97 3854.87 4375.38 4344.1 4285.13 4220 4421.03 4372.31 4523.08 4378.97 1603 1730 4.383 0 0 0 0 
45 4301.54 4335.38 4109.23 4155.38 4619.49 3854.36 4375.38 4344.62 4283.08 4220.51 4422.05 4370.77 4526.15 4374.87 1603 1733 4.399 0 0 0 0 
46 4296.41 4332.31 4106.15 4156.41 4622.56 3855.9 4375.9 4349.23 4287.18 4223.59 4414.87 4370.26 4514.36 4368.21 1603 1734 4.399 0 0 0 0 
47 4288.21 4327.69 4104.62 4154.87 4628.21 3852.82 4376.92 4349.74 4290.77 4223.08 4413.33 4366.15 4500 4356.41 1603 1737 4.414 0 0 0 0 
48 4274.36 4321.03 4104.1 4147.18 4626.67 3849.74 4375.9 4348.72 4286.67 4218.97 4414.36 4359.49 4493.33 4340 1603 1739 4.414 0 0 0 0 
49 4267.18 4318.97 4105.13 4146.67 4624.62 3854.36 4378.46 4352.82 4286.15 4220 4411.28 4357.95 4496.92 4329.23 1603 1741 4.43 0 0 0 0 
50 4266.67 4317.95 4106.67 4152.82 4629.74 3861.03 4383.59 4361.03 4295.38 4225.13 4414.87 4362.05 4504.62 4329.74 1603 1741 4.43 0 0 0 0 
51 4256.92 4313.33 4104.1 4148.72 4634.36 3862.05 4381.03 4366.67 4301.03 4227.18 4418.46 4363.59 4501.03 4326.15 1602 1743 4.446 0 0 0 0 
52 4244.62 4308.72 4098.46 4140.51 4631.79 3862.56 4381.54 4365.13 4298.97 4225.64 4412.31 4357.95 4488.72 4313.33 1603 1742 4.446 0 0 0 0 
53 4236.41 4304.1 4093.85 4135.9 4626.67 3863.59 4394.87 4364.62 4292.31 4220.51 4407.18 4351.79 4484.1 4301.03 1602 1744 4.461 0 0 0 0 
54 4229.74 4299.49 4093.85 4134.87 4625.13 3862.56 4395.38 4377.95 4295.9 4221.03 4412.31 4353.85 4484.1 4294.87 1603 1744 4.461 0 0 0 0 
55 4227.18 4300 4098.46 4137.95 4628.21 3861.54 4385.13 4392.82 4307.18 4228.72 4416.41 4359.49 4483.59 4295.38 1603 1743 4.477 0 0 0 0 
56 4229.23 4302.56 4102.05 4143.08 4630.77 3864.1 4385.13 4385.13 4307.69 4230.26 4414.36 4358.46 4485.13 4296.41 1604 1743 4.477 0 0 0 0 
57 4229.23 4303.59 4101.54 4143.08 4631.28 3864.1 4376.92 4364.62 4298.97 4229.23 4411.79 4355.38 4487.18 4297.44 1604 1741 4.492 0 0 0 0 
58 4221.54 4301.03 4096.92 4133.33 4628.21 3858.97 4367.18 4358.97 4290.26 4227.69 4407.18 4352.82 4483.08 4295.38 1604 1740 4.492 0 0 0 0 
59 4217.95 4297.44 4097.44 4128.72 4627.69 3860 4380.51 4371.28 4287.69 4224.1 4406.67 4349.74 4478.46 4291.28 1604 1738 4.508 0 0 0 0 
60 4223.08 4298.46 4102.05 4134.36 4630.26 3864.1 4384.1 4381.54 4293.33 4224.62 4410.77 4352.82 4482.05 4292.82 1604 1737 4.508 0 0 0 0 
61 4226.15 4298.97 4100.51 4131.28 4626.15 3852.82 4358.46 4370.77 4289.74 4220 4405.64 4353.85 4480.51 4295.38 1605 1735 4.524 0 0 0 0 
62 4226.15 4295.38 4095.9 4119.49 4617.95 3841.03 4351.79 4358.97 4273.33 4207.18 4398.97 4351.28 4473.33 4298.97 1604 1733 4.524 0 0 0 0 
63 4241.54 4302.56 4103.08 4124.1 4620.51 3846.67 4366.67 4363.08 4273.33 4208.21 4410.26 4360 4482.05 4312.31 1605 1730 4.539 0 0 0 0 
64 4271.28 4320.51 4118.97 4141.54 4628.72 3853.85 4367.18 4367.18 4287.18 4220.51 4421.03 4372.82 4500.51 4335.38 1604 1729 4.539 0 0 0 0 
65 4287.18 4323.59 4125.64 4147.69 4629.74 3853.33 4365.13 4362.05 4282.56 4217.95 4417.95 4375.38 4501.54 4352.82 1605 1728 4.555 0 0 0 0 
66 4293.33 4324.62 4125.13 4149.23 4630.26 3854.87 4368.72 4361.54 4278.97 4216.41 4418.46 4379.49 4505.64 4366.15 1604 1725 4.555 0 0 0 0 
67 4305.13 4336.92 4128.21 4155.38 4634.36 3853.85 4365.13 4364.62 4287.69 4226.15 4422.05 4385.13 4523.59 4381.03 1604 1726 4.57 0 0 0 0 
68 4311.28 4343.08 4128.72 4154.36 4631.79 3846.15 4357.95 4360 4287.18 4221.54 4417.95 4376.41 4523.08 4386.15 1605 1725 4.57 0 0 0 0 
69 4311.28 4344.1 4126.67 4153.33 4630.77 3852.31 4363.59 4356.41 4288.21 4222.56 4421.03 4373.85 4522.56 4391.79 1604 1724 4.586 0 0 0 0 
70 4317.44 4347.18 4127.18 4158.46 4640 3864.62 4376.41 4365.13 4300 4238.46 4428.21 4378.97 4533.85 4397.44 1605 1723 4.586 0 0 0 0 
71 4314.36 4341.03 4122.56 4152.82 4642.05 3859.49 4376.41 4364.62 4296.41 4233.33 4418.46 4367.18 4524.62 4389.23 1604 1723 4.602 0 0 0 0 
72 4298.97 4333.85 4109.23 4143.08 4632.82 3849.23 4368.21 4348.21 4281.03 4213.85 4406.67 4352.82 4506.67 4375.38 1605 1723 4.602 0 0 0 0 
73 4295.38 4336.92 4104.62 4145.64 4630.77 3851.79 4368.72 4343.59 4282.56 4215.9 4412.31 4360.51 4509.23 4370.77 1604 1724 4.617 0 0 0 0 
74 4297.44 4335.38 4113.85 4147.18 4637.95 3859.49 4381.03 4355.38 4291.79 4226.15 4420 4368.72 4516.92 4368.72 1605 1725 4.617 0 0 0 0 
75 4291.28 4326.15 4117.95 4142.05 4642.56 3863.59 4387.18 4357.95 4293.33 4226.67 4415.38 4363.59 4512.82 4362.56 1604 1726 4.633 0 0 0 0 
76 4286.15 4327.18 4112.82 4144.62 4643.08 3863.59 4380.51 4352.31 4293.85 4228.72 4413.33 4363.59 4509.23 4357.44 1604 1727 4.633 0 0 0 0 
77 4282.05 4331.28 4107.18 4149.23 4646.15 3861.54 4381.54 4356.41 4296.92 4235.38 4419.49 4366.67 4508.21 4351.28 1604 1727 4.648 0 0 0 0 
78 4268.21 4325.13 4100.51 4142.56 4645.13 3858.46 4387.69 4360 4293.85 4233.85 4416.92 4357.95 4500 4340 1605 1730 4.648 0 0 0 0 
79 4253.33 4313.85 4090.26 4132.82 4642.05 3855.9 4386.67 4354.87 4291.79 4224.62 4408.72 4350.26 4487.69 4324.1 1605 1730 4.664 0 0 0 0 
80 4249.23 4311.79 4089.74 4131.79 4645.13 3858.97 4388.72 4360 4298.46 4226.15 4408.21 4354.87 4487.18 4315.9 1603 1733 4.664 0 0 0 0 
81 4243.08 4310.26 4093.33 4131.79 4647.18 3863.08 4393.85 4369.74 4300.51 4232.31 4408.72 4355.38 4488.21 4314.87 1604 1734 4.68 0 0 0 0 
82 4230.77 4300.51 4087.18 4125.64 4642.05 3862.56 4393.85 4367.18 4297.95 4230.26 4405.13 4350.77 4480.51 4307.18 1603 1735 4.68 0 0 0 0 
83 4222.05 4291.28 4082.05 4117.95 4637.44 3855.9 4388.21 4360 4293.33 4224.1 4403.08 4350.26 4474.87 4293.33 1603 1737 4.695 0 0 0 0 
84 4217.95 4288.72 4084.1 4112.82 4636.92 3849.74 4380.51 4353.33 4284.1 4216.41 4400 4347.18 4470.26 4282.56 1603 1739 4.695 0 0 0 0 
85 4213.33 4287.18 4083.59 4113.85 4636.92 3850.26 4380.51 4347.69 4278.46 4210.26 4398.46 4345.64 4465.64 4278.46 1603 1740 4.711 0 0 0 0 
86 4208.72 4285.13 4077.44 4116.41 4638.46 3851.79 4386.15 4349.23 4280 4212.82 4401.54 4350.77 4467.18 4276.41 1603 1740 4.711 0 0 0 0 
87 4204.62 4284.1 4074.87 4110.26 4642.56 3857.44 4396.41 4358.46 4283.08 4215.38 4401.03 4348.72 4463.59 4270.77 1603 1740 4.726 0 0 0 0 
88 4196.41 4277.44 4073.85 4100.51 4641.03 3864.62 4410.26 4364.62 4283.59 4206.67 4395.38 4338.46 4448.72 4260.51 1603 1739 4.726 0 0 0 0 
89 4190.26 4272.31 4071.79 4100.51 4638.97 3863.59 4413.33 4369.74 4288.21 4202.05 4393.85 4340.51 4442.56 4254.36 1604 1738 4.742 0 0 0 0 
90 4197.44 4277.95 4078.97 4108.21 4643.59 3857.44 4398.97 4375.9 4298.97 4214.87 4402.56 4353.85 4456.41 4263.59 1603 1738 4.742 0 0 0 0 
91 4210.77 4285.13 4086.15 4112.31 4644.62 3853.85 4394.87 4370.77 4301.03 4224.62 4409.74 4360.51 4469.74 4273.33 1604 1737 4.758 0 0 0 0 
92 4218.46 4288.72 4083.08 4116.92 4642.56 3852.82 4402.56 4354.87 4289.74 4223.08 4408.72 4361.54 4474.36 4281.54 1603 1737 4.758 0 0 0 0 
93 4227.18 4297.44 4082.05 4123.08 4645.64 3851.28 4390.77 4344.1 4281.03 4225.13 4411.28 4364.1 4484.62 4297.44 1605 1737 4.773 0 0 0 0 
94 4236.41 4304.1 4086.15 4122.56 4645.64 3846.15 4370.26 4333.85 4275.38 4221.03 4411.79 4361.54 4490.26 4307.18 1604 1736 4.773 0 0 0 0 
95 4240.51 4302.56 4086.15 4121.03 4639.49 3837.95 4369.23 4327.69 4267.69 4206.67 4404.1 4355.9 4482.56 4306.67 1605 1733 4.789 0 0 0 0 
96 4250.77 4305.64 4086.15 4120 4639.49 3833.33 4374.36 4328.21 4263.59 4198.97 4400.51 4358.46 4480 4316.41 1605 1732 4.789 0 0 0 0 
97 4266.67 4311.79 4092.82 4120 4638.46 3830.77 4370.77 4326.67 4256.41 4199.49 4404.62 4364.1 4486.67 4335.9 1605 1731 4.804 0 0 0 0 
98 4278.46 4315.9 4100.51 4125.64 4639.49 3835.9 4375.9 4329.74 4252.82 4201.54 4407.18 4366.67 4491.28 4349.23 1606 1729 4.804 0 0 0 0 
99 4292.31 4327.18 4107.69 4135.38 4648.21 3847.69 4391.79 4344.62 4264.1 4209.74 4413.33 4371.79 4505.64 4362.56 1604 1729 4.82 0 0 0 0 
100 4307.18 4340.51 4113.33 4143.59 4654.36 3851.79 4398.46 4352.31 4272.31 4218.97 4420 4377.95 4524.1 4379.49 1606 1728 4.82 0 0 0 0 
101 4309.23 4339.49 4107.18 4141.03 4650.26 3842.05 4387.69 4336.92 4258.46 4211.79 4409.23 4372.82 4517.95 4382.05 1604 1727 4.836 0 0 0 0 
102 4297.44 4330.26 4091.79 4127.69 4642.05 3827.69 4365.13 4313.85 4242.05 4200 4398.46 4361.54 4498.46 4369.74 1604 1726 4.836 0 0 0 0 
103 4290.26 4327.18 4089.23 4118.97 4643.08 3825.13 4359.49 4309.74 4246.15 4203.59 4404.62 4360.51 4494.36 4362.56 1604 1726 4.851 0 0 0 0 
104 4290.77 4327.69 4092.82 4122.56 4649.23 3832.82 4376.41 4320 4256.92 4212.31 4411.79 4362.56 4500.51 4362.56 1604 1726 4.851 0 0 0 0 
105 4285.13 4325.13 4088.72 4122.56 4649.23 3834.87 4382.05 4316.92 4255.38 4207.69 4408.72 4355.38 4502.56 4355.38 1604 1726 4.867 0 0 0 0 
106 4273.85 4320.51 4085.64 4115.38 4647.18 3828.21 4372.82 4301.03 4248.72 4198.46 4403.59 4345.64 4493.85 4342.05 1604 1727 4.867 0 0 0 0 
107 4266.15 4316.41 4088.72 4112.82 4651.79 3830.26 4374.36 4297.95 4250.26 4202.56 4399.49 4344.62 4479.49 4331.28 1604 1727 4.882 0 0 0 0 
108 4259.49 4312.31 4084.62 4112.82 4652.82 3836.92 4380.51 4304.62 4253.85 4208.21 4401.03 4343.59 4472.82 4321.54 1603 1728 4.882 0 0 0 0 
109 4251.28 4307.69 4077.95 4106.67 4647.69 3835.9 4377.95 4303.08 4249.74 4203.08 4405.13 4337.95 4474.87 4312.82 1604 1728 4.898 0 0 0 0 
110 4238.97 4300.51 4072.31 4096.41 4648.72 3828.72 4373.85 4285.64 4244.1 4195.9 4400.51 4336.41 4472.31 4300.51 1602 1732 4.898 0 0 0 0 
111 4225.13 4288.72 4060.51 4088.72 4647.69 3824.1 4369.23 4255.38 4235.38 4190.77 4393.85 4332.82 4462.56 4283.59 1604 1731 4.914 0 0 0 0 
112 4218.46 4283.08 4056.41 4085.13 4639.49 3823.59 4368.21 4231.28 4228.72 4187.18 4393.33 4325.64 4454.36 4272.82 1602 1732 4.914 0 0 0 0 
113 4218.46 4288.72 4065.64 4088.72 4643.59 3828.72 4374.87 4225.64 4235.9 4192.82 4396.41 4325.64 4454.36 4274.87 1603 1734 4.929 0 0 0 0 
114 4212.31 4284.1 4065.64 4088.72 4649.23 3830.26 4372.82 4218.46 4237.95 4194.87 4396.92 4327.18 4454.87 4270.77 1603 1734 4.929 0 0 0 0 
115 4205.64 4269.74 4058.97 4076.92 4638.46 3821.03 4362.56 4200.51 4226.15 4185.13 4396.92 4324.1 4449.74 4258.46 1603 1737 4.945 0 0 0 0 
116 4204.1 4267.18 4061.54 4073.85 4634.36 3818.97 4363.59 4192.82 4225.13 4183.59 4397.95 4325.64 4450.77 4256.92 1602 1739 4.945 0 0 0 0 
117 4204.62 4272.31 4065.64 4084.62 4644.1 3829.74 4372.82 4196.92 4236.92 4193.85 4397.95 4332.31 4454.87 4258.46 1602 1741 4.96 0 0 0 0 
118 4207.18 4272.82 4066.15 4090.77 4648.72 3835.9 4375.38 4195.9 4242.56 4202.56 4400 4335.38 4455.9 4259.49 1602 1742 4.96 0 0 0 0 
119 4207.69 4270.77 4067.69 4088.72 4649.23 3833.85 4379.49 4190.77 4240.51 4201.54 4401.03 4335.38 4457.44 4258.97 1602 1743 4.976 0 0 0 0 
120 4204.62 4267.69 4067.18 4090.26 4652.31 3834.36 4384.62 4194.87 4238.97 4196.92 4398.46 4332.31 4454.36 4253.85 1603 1743 4.976 0 0 0 0 
121 4205.13 4265.64 4063.59 4089.74 4647.69 3835.9 4380.51 4205.64 4238.97 4194.36 4395.9 4329.74 4447.18 4247.69 1602 1743 4.992 0 0 0 0 
122 4203.08 4263.59 4058.46 4081.03 4640 3833.33 4379.49 4208.72 4229.23 4185.13 4392.31 4326.67 4437.44 4245.64 1603 1741 4.992 0 0 0 0 
123 4197.44 4257.95 4050.26 4076.41 4637.44 3828.21 4385.13 4213.33 4216.92 4169.74 4386.15 4324.62 4426.67 4244.1 1603 1739 5.007 0 0 0 0 
124 4202.05 4256.92 4048.72 4079.49 4634.36 3823.08 4384.1 4225.64 4218.46 4167.18 4386.15 4327.69 4425.64 4248.21 1604 1738 5.007 0 0 0 0 
125 4224.62 4268.21 4060 4090.77 4636.41 3823.08 4374.36 4227.18 4226.67 4179.49 4394.87 4338.46 4440 4267.18 1605 1736 5.023 0 0 0 0 
126 4248.72 4282.56 4073.33 4104.1 4643.08 3822.56 4361.54 4213.85 4224.62 4186.15 4400.51 4349.23 4455.38 4292.82 1605 1735 5.023 0 0 0 0 
127 4263.08 4290.26 4073.85 4108.21 4642.05 3816.92 4356.41 4205.64 4211.28 4177.95 4399.49 4349.74 4458.97 4309.74 1605 1733 5.038 0 0 0 0 
128 4271.79 4291.28 4071.28 4106.67 4637.44 3817.44 4362.56 4213.33 4205.64 4171.79 4399.49 4347.18 4458.46 4320 1604 1733 5.038 0 0 0 0 
0 4281.54 4291.79 4075.9 4107.18 4640.51 3819.49 4357.44 4220 4213.85 4175.9 4401.03 4351.28 4461.54 4329.23 1605 1731 5.054 0 0 0 0 
1 4286.67 4293.33 4073.85 4107.18 4644.1 3812.31 4340 4209.23 4218.46 4181.54 4404.62 4354.36 4469.74 4340 1605 1730 5.054 0 0 0 0 
2 4286.15 4293.33 4066.67 4102.56 4636.92 3809.23 4346.15 4195.9 4211.28 4176.41 4404.62 4347.18 4474.87 4343.59 1604 1727 5.07 0 0 0 0 
