90 4341.54 4258.46 4053.33 4068.21 4600.51 3788.72 4352.82 4318.46 4187.69 4148.72 4445.13 4232.82 4369.74 4234.87 1604 1731 0.156 0 0 0 0 
91 4340.51 4253.85 4056.41 4070.26 4597.95 3791.79 4361.03 4311.79 4181.54 4143.59 4443.08 4230.26 4367.18 4234.36 1604 1732 0.156 0 0 0 0 
92 4346.67 4256.92 4065.64 4070.26 4600.51 3799.49 4368.21 4319.49 4185.13 4152.31 4450.26 4237.95 4373.33 4243.59 1606 1732 0.156 0 0 0 0 
93 4339.49 4262.56 4061.03 4062.05 4604.62 3800 4367.69 4331.28 4193.85 4155.9 4447.69 4235.9 4375.38 4241.54 1604 1732 0.171 0 0 0 0 
94 4332.31 4260 4049.74 4065.13 4611.79 3798.97 4368.21 4340.51 4199.49 4158.46 4443.59 4228.21 4371.79 4236.92 1605 1732 0.171 0 0 0 0 
95 4339.49 4254.87 4057.44 4082.56 4620 3805.64 4377.44 4344.1 4200 4164.1 4449.23 4236.41 4375.38 4248.21 1605 1731 0.187 0 0 0 0 
96 4338.97 4248.72 4068.72 4087.69 4619.49 3807.69 4377.44 4337.44 4194.36 4160.51 4448.21 4244.1 4376.92 4253.85 1604 1733 0.202 0 0 0 0 
97 4328.21 4241.54 4062.56 4067.18 4608.72 3796.92 4361.03 4326.67 4184.62 4150.77 4437.95 4233.33 4365.64 4244.1 1605 1732 0.202 0 0 0 0 
98 4323.59 4246.15 4056.92 4058.46 4606.67 3793.85 4359.49 4326.67 4181.03 4152.82 4440.51 4231.28 4362.56 4242.05 1604 1733 0.202 0 0 0 0 
99 4326.67 4257.95 4064.1 4076.92 4615.38 3804.62 4377.95 4338.46 4191.79 4160.51 4449.23 4241.54 4372.82 4250.26 1605 1732 0.218 0 0 0 0 
100 4322.56 4253.85 4065.64 4079.49 4615.9 3808.72 4382.56 4346.67 4200 4163.59 4446.67 4237.95 4371.79 4247.69 1604 1733 0.234 0 0 0 0 
101 4317.44 4249.74 4063.08 4069.74 4614.87 3806.67 4375.38 4347.18 4201.03 4168.72 4446.15 4233.85 4368.21 4244.62 1605 1732 0.234 0 0 0 0 
102 4322.05 4264.1 4068.21 4082.56 4622.56 3815.38 4383.59 4351.28 4205.13 4175.38 4452.31 4242.05 4377.44 4252.31 1604 1732 0.234 0 0 0 0 
103 4325.13 4267.18 4069.23 4087.69 4630.77 3823.08 4395.9 4361.03 4211.28 4179.49 4452.31 4246.15 4383.08 4259.49 1605 1732 0.249 0 0 0 0 
104 4318.97 4255.9 4069.74 4073.85 4636.92 3818.46 4390.77 4367.69 4218.46 4185.13 4452.31 4241.03 4378.97 4260 1604 1732 0.249 0 0 0 0 
105 4311.79 4256.92 4070.77 4070.77 4637.95 3815.38 4383.59 4370.77 4221.54 4184.1 4453.33 4241.03 4379.49 4258.46 1605 1733 0.265 0 0 0 0 
106 4309.23 4260.51 4067.18 4066.15 4629.23 3816.92 4388.72 4365.13 4211.79 4172.31 4448.72 4243.08 4378.46 4252.31 1604 1731 0.28 0 0 0 0 
107 4306.15 4254.87 4067.69 4061.54 4625.64 3815.9 4391.79 4352.31 4202.56 4167.18 4446.67 4238.97 4371.79 4247.18 1604 1733 0.28 0 0 0 0 
108 4305.64 4252.82 4072.31 4077.95 4638.46 3816.92 4391.28 4360.51 4213.33 4179.49 4453.33 4240.51 4378.97 4254.36 1605 1732 0.28 0 0 0 0 
109 4309.23 4258.46 4070.77 4089.23 4651.79 3824.62 4402.56 4378.46 4229.23 4193.33 4457.44 4246.67 4393.33 4263.08 1604 1732 0.296 0 0 0 0 
110 4305.64 4253.85 4068.21 4074.36 4649.74 3831.28 4410.77 4370.26 4225.13 4189.74 4454.87 4241.54 4392.31 4260.51 1604 1733 0.312 0 0 0 0 
111 4301.54 4241.03 4074.36 4069.74 4644.1 3829.23 4404.62 4361.03 4217.44 4183.59 4455.38 4238.46 4389.74 4260 1604 1732 0.312 0 0 0 0 
112 4308.21 4244.62 4082.05 4086.15 4650.26 3825.13 4399.49 4371.28 4223.59 4190.77 4457.44 4248.21 4399.49 4268.72 1604 1732 0.327 0 0 0 0 
113 4311.28 4256.92 4082.05 4087.18 4654.87 3826.67 4405.64 4375.38 4225.64 4193.85 4452.82 4249.23 4401.03 4273.33 1604 1732 0.327 0 0 0 0 
114 4304.1 4257.44 4078.46 4081.54 4650.26 3831.28 4413.33 4373.85 4220 4190.26 4453.85 4243.59 4400 4273.85 1604 1732 0.327 0 0 0 0 
115 4309.74 4259.49 4077.44 4096.92 4652.82 3829.74 4408.72 4380.51 4227.69 4193.85 4461.54 4249.74 4408.21 4277.44 1604 1733 0.343 0 0 0 0 
116 4314.87 4265.13 4077.44 4106.67 4660.51 3826.67 4402.56 4383.59 4238.46 4200.51 4458.97 4249.74 4409.74 4275.38 1604 1732 0.358 0 0 0 0 
117 4312.82 4257.95 4079.49 4097.44 4661.54 3831.79 4409.23 4376.92 4233.85 4200 4453.85 4244.1 4407.69 4273.33 1603 1733 0.358 0 0 0 0 
118 4317.44 4253.85 4092.82 4093.85 4663.59 3834.87 4412.82 4372.31 4230.26 4201.03 4458.97 4250.77 4416.41 4282.05 1604 1732 0.374 0 0 0 0 
119 4324.1 4263.59 4098.97 4101.54 4671.79 3834.36 4412.82 4377.44 4240 4210.77 4464.62 4256.92 4427.69 4290.77 1604 1733 0.374 0 0 0 0 
120 4316.92 4260.51 4088.72 4097.44 4670.77 3836.41 4413.33 4382.56 4246.67 4216.41 4460.51 4252.31 4429.23 4286.67 1604 1732 0.39 0 0 0 0 
121 4308.72 4249.23 4080.51 4090.26 4661.03 3832.31 4407.18 4376.41 4243.08 4209.23 4453.85 4247.69 4418.97 4277.44 1604 1733 0.39 0 0 0 0 
122 4313.33 4256.92 4082.56 4101.54 4661.03 3826.67 4406.15 4368.72 4237.95 4198.46 4451.28 4243.59 4412.82 4275.38 1605 1732 0.405 0 0 0 0 
123 4319.49 4275.38 4082.05 4110.77 4669.74 3832.82 4415.9 4370.26 4234.36 4196.41 4451.28 4238.97 4413.33 4275.38 1603 1732 0.405 0 0 0 0 
124 4320.51 4286.15 4081.03 4109.23 4676.92 3841.54 4416.41 4367.69 4234.36 4198.46 4451.28 4238.97 4407.18 4271.28 1604 1733 0.405 0 0 0 0 
125 4319.49 4285.64 4085.64 4111.79 4679.49 3838.97 4408.72 4356.92 4233.85 4191.79 4450.26 4236.41 4397.95 4267.18 1604 1732 0.421 0 0 0 0 
126 4322.05 4285.64 4087.69 4123.59 4683.08 3837.95 4411.28 4356.92 4226.15 4183.08 4445.64 4236.92 4393.33 4268.21 1603 1734 0.436 0 0 0 0 
127 4320 4286.67 4080 4123.08 4683.08 3834.36 4409.74 4363.08 4222.05 4181.54 4437.44 4235.9 4383.08 4263.59 1604 1733 0.436 0 0 0 0 
128 4310.77 4285.13 4073.85 4105.64 4674.87 3823.08 4394.36 4355.9 4224.62 4180.51 4435.38 4226.67 4372.82 4252.31 1603 1733 0.452 0 0 0 0 
0 4308.72 4284.62 4076.92 4098.97 4673.33 3824.1 4391.28 4351.79 4227.18 4178.97 4440.51 4225.13 4375.38 4251.79 1603 1733 0.452 0 0 0 0 
1 4308.72 4282.56 4073.33 4109.74 4679.49 3833.85 4405.13 4362.05 4225.64 4177.95 4440.51 4230.26 4377.44 4253.33 1603 1733 0.468 0 0 0 0 
2 4302.56 4281.03 4064.1 4111.28 4677.44 3831.28 4407.69 4358.97 4221.03 4172.31 4435.9 4224.1 4371.79 4246.15 1604 1732 0.468 0 0 0 0 
3 4297.95 4275.38 4060.51 4095.38 4669.74 3821.54 4394.36 4342.56 4214.36 4163.08 4437.44 4216.92 4367.69 4241.54 1603 1732 0.483 0 0 0 0 
4 4300 4271.79 4062.56 4089.74 4670.26 3821.54 4391.79 4335.9 4203.59 4155.9 4438.46 4221.54 4366.15 4241.54 1604 1732 0.483 0 0 0 0 
5 4299.49 4274.87 4064.1 4093.33 4671.28 3827.18 4404.1 4337.95 4197.44 4144.1 4431.79 4220.51 4358.46 4235.9 1603 1732 0.499 0 0 0 0 
6 4291.28 4274.36 4058.97 4086.15 4666.15 3830.77 4410.26 4341.03 4202.56 4136.41 4428.21 4216.41 4345.13 4227.69 1604 1732 0.499 0 0 0 0 
7 4285.13 4268.21 4050.26 4080.51 4665.13 3829.74 4405.64 4344.62 4210.26 4143.08 4432.31 4220 4342.56 4222.05 1604 1731 0.514 0 0 0 0 
8 4293.33 4274.36 4057.44 4088.72 4669.74 3830.26 4406.15 4348.72 4218.97 4158.97 4438.46 4229.23 4359.49 4231.28 1603 1733 0.514 0 0 0 0 
9 4307.18 4285.64 4074.87 4093.85 4673.85 3831.28 4411.28 4354.87 4230.26 4174.87 4443.59 4240.51 4376.41 4251.79 1604 1732 0.53 0 0 0 0 
10 4302.56 4281.54 4074.87 4091.79 4673.33 3824.1 4404.1 4356.41 4235.38 4177.44 4443.08 4242.05 4378.97 4256.41 1603 1732 0.53 0 0 0 0 
11 4290.77 4277.95 4060 4092.31 4666.15 3815.38 4388.21 4341.54 4220 4161.03 4436.92 4229.23 4373.33 4243.59 1604 1733 0.546 0 0 0 0 
12 4287.18 4278.97 4050.77 4083.59 4659.49 3814.36 4386.67 4325.13 4201.03 4145.13 4430.77 4220.51 4363.59 4234.36 1604 1731 0.546 0 0 0 0 
13 4284.62 4275.9 4052.31 4071.28 4661.03 3813.85 4391.28 4325.64 4199.49 4147.18 4430.26 4226.15 4358.46 4235.38 1603 1732 0.546 0 0 0 0 
14 4276.92 4273.33 4052.82 4074.36 4658.46 3806.15 4383.08 4328.72 4200.51 4146.67 4430.77 4226.67 4358.97 4234.36 1603 1733 0.561 0 0 0 0 
15 4271.28 4271.28 4047.69 4071.79 4649.74 3798.97 4374.36 4318.97 4188.72 4132.82 4429.23 4218.46 4355.38 4226.15 1603 1733 0.577 0 0 0 0 
16 4270.77 4267.69 4047.18 4058.97 4648.21 3800 4377.95 4313.33 4183.59 4128.72 4427.69 4216.92 4351.28 4224.1 1603 1732 0.577 0 0 0 0 
17 4270.26 4270.77 4049.74 4063.59 4650.77 3802.56 4382.56 4320.51 4194.87 4135.38 4430.26 4222.56 4354.36 4230.77 1602 1733 0.592 0 0 0 0 
18 4264.1 4273.85 4048.21 4064.62 4647.69 3803.59 4382.56 4329.23 4204.1 4138.97 4429.74 4224.1 4358.97 4231.28 1603 1732 0.592 0 0 0 0 
19 4256.92 4268.72 4045.64 4047.18 4645.13 3802.56 4387.69 4331.28 4202.05 4136.41 4420 4221.03 4356.92 4223.59 1602 1732 0.608 0 0 0 0 
20 4260.51 4265.64 4046.67 4053.85 4648.72 3804.62 4390.77 4329.23 4197.95 4135.38 4414.87 4224.62 4353.33 4226.15 1603 1732 0.608 0 0 0 0 
21 4269.23 4272.82 4053.85 4077.44 4655.9 3813.85 4391.28 4335.38 4205.13 4145.64 4421.54 4233.85 4359.49 4237.95 1601 1733 0.624 0 0 0 0 
22 4266.67 4277.44 4054.36 4074.36 4656.41 3817.95 4393.85 4341.03 4208.72 4148.72 4422.56 4232.31 4362.56 4234.36 1602 1733 0.624 0 0 0 0 
23 4260 4275.9 4048.72 4065.64 4648.72 3811.28 4393.85 4334.36 4197.44 4136.92 4416.41 4226.67 4357.95 4225.13 1601 1733 0.639 0 0 0 0 
24 4265.64 4276.92 4054.36 4073.85 4650.77 3812.82 4392.82 4330.77 4196.41 4135.9 4417.44 4232.82 4362.56 4231.79 1601 1734 0.644 0 0 0 0 
25 4270.77 4279.49 4060 4074.87 4656.92 3821.54 4392.82 4333.33 4205.13 4144.1 4423.08 4234.36 4370.77 4237.95 1601 1734 0.644 0 0 0 0 
26 4265.13 4277.95 4052.82 4068.21 4654.87 3819.49 4393.85 4330.26 4198.46 4142.05 4421.03 4227.18 4366.15 4230.77 1602 1733 0.66 0 0 0 0 
27 4264.1 4274.36 4052.82 4069.23 4651.79 3812.31 4392.82 4329.74 4190.26 4140 4418.46 4230.77 4364.1 4231.28 1602 1733 0.66 0 0 0 0 
28 4268.21 4273.33 4062.56 4070.26 4652.82 3813.85 4390.26 4336.41 4198.97 4148.72 4422.56 4237.95 4374.36 4239.49 1603 1734 0.675 0 0 0 0 
29 4265.64 4275.38 4062.05 4066.67 4649.23 3818.97 4390.26 4333.85 4205.64 4153.85 4425.13 4230.26 4376.41 4239.49 1604 1733 0.675 0 0 0 0 
30 4256.92 4277.44 4053.85 4068.21 4643.59 3813.85 4387.18 4327.18 4198.97 4146.67 4418.97 4221.54 4365.64 4230.77 1603 1733 0.691 0 0 0 0 
31 4249.23 4274.87 4051.79 4060 4641.54 3803.59 4378.46 4326.67 4192.31 4136.41 4415.9 4224.1 4357.95 4219.49 1605 1733 0.691 0 0 0 0 
32 4247.69 4265.64 4051.28 4043.59 4640.51 3801.03 4374.36 4321.03 4188.21 4132.82 4423.08 4225.64 4356.41 4216.41 1603 1732 0.707 0 0 0 0 
33 4251.79 4256.92 4047.18 4043.08 4637.44 3803.08 4378.97 4316.41 4184.62 4130.77 4426.67 4218.46 4350.26 4217.95 1604 1733 0.707 0 0 0 0 
34 4242.56 4254.36 4040 4048.72 4633.33 3794.87 4372.82 4320.51 4183.08 4121.03 4420 4210.26 4330.77 4206.67 1604 1732 0.722 0 0 0 0 
35 4228.72 4251.79 4034.87 4037.44 4626.67 3785.64 4365.13 4318.97 4181.54 4114.87 4418.46 4208.72 4321.54 4196.41 1604 1732 0.722 0 0 0 0 
36 4233.33 4247.18 4033.33 4026.15 4620.51 3786.15 4368.72 4308.72 4175.38 4118.97 4425.64 4212.82 4345.64 4208.72 1604 1732 0.738 0 0 0 0 
37 4242.05 4243.59 4032.31 4028.72 4617.95 3786.67 4367.18 4304.62 4171.79 4123.59 4432.31 4220 4375.9 4227.18 1603 1732 0.738 0 0 0 0 
38 4239.49 4234.87 4032.82 4023.59 4615.9 3784.1 4365.13 4305.64 4176.41 4127.18 4433.85 4226.15 4384.1 4231.28 1604 1731 0.753 0 0 0 0 
39 4238.46 4228.21 4036.92 4017.44 4614.36 3788.21 4373.85 4311.28 4186.15 4136.92 4435.9 4228.21 4387.69 4232.31 1604 1732 0.753 0 0 0 0 
40 4242.56 4234.36 4040.51 4025.13 4620.51 3797.44 4381.54 4322.05 4193.85 4147.69 4434.36 4227.18 4397.44 4237.44 1604 1731 0.769 0 0 0 0 
41 4245.13 4236.41 4044.1 4034.36 4628.21 3799.49 4383.08 4328.72 4197.44 4149.23 4434.36 4230.77 4400 4242.05 1603 1733 0.769 0 0 0 0 
42 4248.72 4229.74 4048.21 4031.79 4626.15 3798.97 4381.54 4331.79 4205.13 4152.31 4438.46 4235.9 4398.46 4244.62 1603 1732 0.785 0 0 0 0 
43 4247.18 4233.33 4048.21 4026.15 4621.03 3803.59 4382.56 4333.85 4210.26 4157.44 4440 4231.79 4398.97 4246.15 1603 1733 0.785 0 0 0 0 
44 4244.62 4242.05 4044.1 4031.79 4621.54 3804.1 4387.18 4330.77 4206.67 4153.85 4437.44 4228.21 4396.41 4243.08 1602 1732 0.8 0 0 0 0 
45 4248.72 4241.54 4045.13 4036.92 4621.03 3802.05 4386.67 4328.72 4206.15 4151.79 4438.97 4233.33 4394.36 4242.05 1602 1732 0.8 0 0 0 0 
46 4250.77 4239.49 4050.26 4030.26 4617.95 3807.18 4384.62 4330.77 4213.33 4159.49 4442.05 4236.41 4398.46 4248.21 1603 1732 0.816 0 0 0 0 
47 4248.21 4238.97 4048.72 4027.69 4618.97 3810.26 4390.77 4325.64 4213.85 4159.49 4435.9 4232.31 4399.49 4246.67 1603 1733 0.816 0 0 0 0 
48 4250.26 4236.92 4046.15 4036.41 4621.54 3804.62 4392.31 4321.03 4212.82 4152.31 4434.87 4229.23 4390.77 4238.97 1604 1731 0.831 0 0 0 0 
49 4255.9 4236.41 4045.64 4036.41 4621.03 3805.13 4390.77 4328.21 4217.95 4156.41 4442.56 4231.28 4391.79 4242.05 1603 1733 0.831 0 0 0 0 
50 4255.9 4235.9 4045.13 4028.72 4619.49 3809.23 4397.44 4330.77 4217.44 4163.08 4441.54 4232.31 4405.13 4249.23 1605 1732 0.847 0 0 0 0 
51 4254.87 4237.44 4049.23 4032.82 4620 3806.15 4403.08 4324.1 4213.33 4162.05 4437.95 4232.31 4410.77 4250.26 1603 1732 0.847 0 0 0 0 
52 4256.92 4241.54 4050.26 4038.46 4617.95 3802.56 4395.38 4315.9 4214.87 4158.97 4440.51 4230.77 4401.54 4249.23 1604 1733 0.863 0 0 0 0 
53 4253.85 4238.97 4038.46 4027.18 4611.79 3798.46 4381.03 4308.72 4211.79 4155.38 4434.36 4226.67 4390.77 4244.62 1604 1732 0.863 0 0 0 0 
54 4250.26 4228.72 4036.41 4022.56 4610.77 3794.87 4373.85 4308.72 4204.1 4152.31 4428.72 4227.69 4394.87 4241.54 1605 1732 0.878 0 0 0 0 
55 4252.31 4224.62 4048.21 4031.79 4614.87 3798.46 4380 4319.49 4206.15 4154.87 4439.49 4232.82 4405.13 4246.15 1605 1732 0.878 0 0 0 0 
56 4256.41 4231.28 4049.74 4035.38 4616.92 3802.05 4387.18 4322.56 4209.74 4158.46 4441.54 4233.85 4406.15 4247.69 1605 1732 0.894 0 0 0 0 
57 4256.41 4240 4042.56 4030.26 4611.28 3798.97 4383.59 4309.23 4204.1 4155.38 4432.31 4228.72 4400 4244.62 1606 1732 0.894 0 0 0 0 
58 4254.87 4236.41 4039.49 4026.15 4607.69 3799.49 4380 4301.03 4198.97 4150.77 4433.33 4223.08 4396.41 4244.1 1605 1733 0.909 0 0 0 0 
59 4257.44 4227.69 4040.51 4027.18 4614.36 3803.59 4380.51 4308.21 4203.08 4152.82 4440 4223.59 4396.92 4245.13 1605 1732 0.909 0 0 0 0 
60 4259.49 4228.72 4043.59 4032.31 4614.36 3798.97 4373.33 4310.77 4207.69 4155.38 4437.95 4224.62 4395.9 4242.56 1604 1733 0.925 0 0 0 0 
61 4257.44 4228.21 4042.05 4029.23 4603.59 3789.74 4366.15 4309.23 4206.15 4150.77 4431.28 4225.64 4390.26 4238.46 1605 1732 0.925 0 0 0 0 
62 4252.31 4226.15 4035.38 4014.36 4599.49 3785.64 4367.69 4309.23 4201.03 4144.62 4427.69 4224.1 4386.15 4233.33 1603 1733 0.941 0 0 0 0 
63 4252.31 4233.33 4035.9 4012.82 4601.54 3785.13 4370.26 4303.59 4195.38 4142.05 4425.64 4222.05 4385.13 4231.79 1604 1734 0.941 0 0 0 0 
64 4256.92 4236.41 4045.13 4027.69 4603.08 3789.23 4369.74 4303.59 4196.92 4146.15 4428.21 4223.59 4387.69 4239.49 1604 1733 0.956 0 0 0 0 
65 4258.46 4230.77 4050.26 4030.26 4604.1 3795.9 4366.15 4310.77 4201.03 4151.79 4432.31 4224.1 4394.87 4244.1 1604 1734 0.956 0 0 0 0 
66 4257.95 4228.21 4043.08 4026.67 4600 3794.36 4365.64 4307.18 4194.36 4146.15 4428.21 4220 4393.33 4240 1604 1733 0.972 0 0 0 0 
67 4260 4234.36 4037.44 4033.33 4601.54 3792.82 4373.85 4304.1 4189.23 4140.51 4426.15 4221.54 4383.59 4241.03 1604 1734 0.972 0 0 0 0 
68 4262.05 4242.56 4041.03 4039.49 4609.23 3796.41 4374.87 4309.74 4195.38 4146.15 4434.36 4227.69 4385.13 4247.18 1604 1734 0.987 0 0 0 0 
69 4264.1 4246.67 4046.15 4039.49 4605.64 3798.97 4368.72 4307.69 4202.05 4154.36 4439.49 4230.26 4399.49 4251.28 1604 1734 0.987 0 0 0 0 
70 4275.38 4249.23 4054.36 4048.21 4602.05 3802.05 4376.41 4314.87 4208.72 4161.54 4437.95 4239.49 4408.72 4261.54 1604 1734 1.003 0 0 0 0 
71 4286.15 4255.38 4060.51 4060 4609.74 3806.67 4387.18 4333.33 4216.92 4170.26 4443.08 4247.69 4411.28 4272.31 1603 1735 1.003 0 0 0 0 
72 4285.13 4257.44 4054.36 4057.44 4608.21 3807.18 4383.08 4334.87 4218.46 4172.31 4443.59 4238.97 4410.26 4267.18 1604 1734 1.019 0 0 0 0 
73 4278.46 4249.23 4042.56 4048.21 4598.46 3801.54 4376.41 4323.59 4210.26 4164.62 4434.87 4228.72 4401.03 4254.36 1603 1734 1.034 0 0 0 0 
74 4274.36 4247.69 4042.56 4051.28 4602.56 3798.46 4372.82 4324.1 4207.69 4165.64 4435.38 4230.77 4399.49 4254.87 1604 1735 1.034 0 0 0 0 
75 4275.38 4251.79 4046.67 4057.95 4608.21 3801.03 4373.85 4329.23 4213.85 4172.31 4440.51 4236.92 4411.79 4262.05 1604 1733 1.05 0 0 0 0 
76 4276.41 4245.64 4047.69 4053.33 4602.56 3803.59 4381.03 4325.64 4207.69 4164.1 4433.85 4235.38 4408.21 4257.95 1604 1733 1.05 0 0 0 0 
77 4273.85 4238.97 4047.69 4049.74 4598.97 3800.51 4378.46 4322.56 4195.9 4155.9 4428.21 4230.26 4393.85 4249.74 1605 1732 1.05 0 0 0 0 
78 4273.85 4244.62 4044.1 4054.87 4602.05 3797.44 4365.13 4324.1 4203.08 4164.62 4433.33 4231.79 4398.97 4253.33 1603 1733 1.065 0 0 0 0 
79 4281.03 4246.67 4044.62 4056.92 4601.03 3804.62 4367.18 4323.59 4213.85 4169.74 4433.85 4237.95 4406.67 4260.51 1604 1732 1.065 0 0 0 0 
80 4286.67 4246.15 4048.21 4053.85 4599.49 3810.77 4377.44 4323.08 4211.28 4165.13 4430.26 4238.97 4399.49 4260 1604 1733 1.081 0 0 0 0 
81 4285.13 4250.26 4045.13 4051.79 4602.05 3807.18 4374.36 4325.64 4209.23 4168.72 4433.85 4235.38 4398.97 4256.41 1604 1733 1.081 0 0 0 0 
82 4284.1 4250.26 4046.15 4057.44 4606.67 3807.69 4374.87 4330.26 4216.41 4176.41 4438.97 4237.44 4409.74 4258.97 1603 1733 1.097 0 0 0 0 
83 4291.79 4252.31 4053.85 4061.54 4608.72 3814.87 4383.59 4337.95 4223.59 4181.54 4439.49 4240.51 4414.36 4267.18 1604 1732 1.097 0 0 0 0 
84 4298.97 4256.92 4056.41 4056.92 4605.64 3815.38 4369.23 4340.51 4225.13 4185.13 4437.44 4239.49 4414.36 4271.28 1603 1732 1.112 0 0 0 0 
85 4294.36 4251.28 4050.26 4055.9 4601.54 3808.21 4342.05 4328.21 4214.87 4180.51 4433.33 4234.36 4408.72 4267.69 1603 1733 1.112 0 0 0 0 
86 4285.13 4241.54 4043.08 4055.9 4599.49 3800 4328.72 4318.46 4203.59 4164.62 4426.67 4225.13 4397.44 4255.9 1603 1732 1.128 0 0 0 0 
87 4278.97 4243.08 4041.03 4046.15 4597.44 3795.9 4322.05 4322.05 4201.03 4155.38 4424.1 4223.59 4390.77 4246.67 1602 1734 1.128 0 0 0 0 
88 4280.51 4242.05 4046.15 4039.49 4597.44 3800 4314.87 4325.13 4202.56 4160 4427.18 4232.31 4390.26 4252.82 1603 1733 1.143 0 0 0 0 
