98 4361.03 4411.28 4228.72 4166.67 4711.28 3934.36 4479.49 4556.92 4305.64 4224.1 4495.9 4248.72 4473.85 4569.74 1596 1740 0.161 0 0 0 0 
99 4341.03 4409.23 4220.51 4162.56 4706.15 3929.74 4475.38 4557.44 4305.13 4222.56 4490.26 4246.15 4471.28 4569.74 1596 1740 0.161 0 0 0 0 
100 4337.44 4409.74 4220 4160.51 4710.77 3933.33 4478.97 4560.51 4309.23 4224.62 4482.05 4249.23 4463.08 4583.08 1594 1741 0.176 0 0 0 0 
101 4334.36 4407.69 4215.38 4150.26 4709.74 3932.82 4481.54 4560.51 4306.15 4218.97 4481.54 4243.59 4462.05 4593.33 1595 1744 0.176 0 0 0 0 
102 4332.82 4410.77 4210.77 4143.59 4705.13 3925.64 4467.18 4547.69 4295.38 4210.77 4485.13 4236.41 4465.13 4603.08 1593 1746 0.192 0 0 0 0 
103 4342.56 4412.82 4212.31 4142.05 4703.59 3917.44 4448.72 4528.72 4286.67 4204.1 4478.97 4241.03 4455.38 4627.18 1593 1748 0.192 0 0 0 0 
104 4333.85 4402.05 4205.64 4131.28 4693.33 3909.74 4449.74 4528.21 4278.46 4191.79 4466.15 4242.56 4433.85 4639.49 1592 1749 0.207 0 0 0 0 
105 4321.03 4403.59 4200.51 4128.21 4687.18 3906.67 4454.87 4530.77 4269.23 4183.59 4468.21 4236.41 4429.74 4649.74 1593 1749 0.207 0 0 0 0 
106 4331.28 4418.97 4208.21 4138.97 4696.92 3913.33 4448.72 4523.08 4269.23 4189.23 4481.54 4235.9 4444.62 4677.95 1592 1749 0.223 0 0 0 0 
107 4325.13 4412.31 4206.15 4134.87 4698.46 3920 4453.85 4520 4273.85 4188.72 4482.56 4240 4445.13 4691.28 1592 1752 0.223 0 0 0 0 
108 4309.23 4397.44 4193.85 4118.97 4688.72 3909.74 4453.33 4520 4266.15 4173.85 4473.33 4240 4427.18 4696.92 1593 1753 0.239 0 0 0 0 
109 4326.15 4410.77 4196.41 4124.62 4690.26 3895.9 4430.77 4515.9 4257.95 4171.79 4472.82 4241.54 4422.56 4730.26 1592 1755 0.239 0 0 0 0 
110 4347.69 4427.69 4206.67 4138.46 4695.38 3904.1 4428.21 4525.64 4268.72 4185.64 4482.05 4248.72 4440 4763.59 1593 1755 0.254 0 0 0 0 
111 4338.46 4415.9 4206.15 4133.85 4695.38 3918.97 4449.23 4543.59 4283.08 4192.82 4486.15 4252.31 4452.31 4778.46 1593 1753 0.254 0 0 0 0 
112 4325.13 4403.08 4204.1 4127.18 4696.92 3920.51 4456.41 4541.54 4282.56 4192.31 4480 4250.77 4446.15 4801.54 1595 1750 0.27 0 0 0 0 
113 4335.38 4407.69 4207.69 4127.18 4693.33 3919.49 4462.56 4525.64 4273.33 4186.67 4473.85 4248.72 4435.9 4834.87 1596 1747 0.27 0 0 0 0 
114 4352.82 4414.87 4209.74 4128.72 4688.21 3921.03 4469.23 4518.97 4265.13 4176.92 4480.51 4250.77 4440.51 4864.62 1598 1745 0.285 0 0 0 0 
115 4346.67 4415.9 4209.74 4135.9 4695.38 3915.9 4451.28 4526.15 4271.79 4180.51 4491.28 4254.36 4453.85 4879.49 1598 1741 0.285 0 0 0 0 
116 4334.36 4420.51 4208.72 4141.03 4701.54 3909.74 4433.33 4531.28 4278.46 4189.23 4487.18 4253.33 4449.74 4883.08 1600 1732 0.301 0 0 0 0 
117 4345.13 4428.72 4205.13 4139.49 4696.92 3907.18 4438.46 4523.08 4268.72 4185.13 4476.41 4251.28 4440 4901.03 1600 1727 0.301 0 0 0 0 
118 4362.56 4428.21 4203.08 4138.97 4694.36 3904.1 4438.97 4518.97 4264.62 4184.1 4479.49 4252.31 4451.28 4935.38 1601 1722 0.317 0 0 0 0 
119 4377.95 4430.26 4206.15 4143.08 4694.87 3907.18 4437.95 4532.82 4274.87 4194.87 4489.23 4254.87 4471.28 4964.62 1600 1719 0.317 0 0 0 0 
120 4398.97 4444.1 4210.77 4148.72 4695.38 3917.44 4458.46 4543.59 4275.38 4196.92 4489.23 4253.85 4478.46 4985.13 1599 1718 0.332 0 0 0 0 
121 4418.97 4455.9 4215.9 4155.38 4698.46 3919.49 4465.64 4527.18 4265.13 4188.72 4484.62 4254.87 4475.9 5007.69 1598 1717 0.332 0 0 0 0 
122 4438.97 4465.64 4223.59 4164.62 4699.49 3909.74 4446.67 4516.41 4262.56 4187.18 4485.13 4263.59 4478.97 5044.62 1597 1714 0.348 0 0 0 0 
123 4465.13 4478.46 4228.72 4173.33 4694.36 3904.1 4441.03 4521.03 4261.03 4189.23 4487.69 4268.72 4486.15 5083.08 1595 1710 0.348 0 0 0 0 
124 4478.46 4481.54 4229.74 4165.64 4692.31 3901.03 4445.64 4509.74 4246.67 4178.97 4486.67 4265.13 4491.28 5104.1 1594 1706 0.363 0 0 0 0 
125 4483.59 4479.49 4237.44 4160 4693.33 3894.87 4437.44 4494.36 4233.85 4165.64 4483.59 4268.21 4487.69 5120.51 1592 1701 0.363 0 0 0 0 
126 4483.08 4481.54 4247.18 4168.21 4688.72 3891.79 4432.31 4494.87 4231.28 4162.56 4480.51 4280 4474.36 5115.38 1591 1701 0.379 0 0 0 0 
127 4478.46 4486.15 4241.03 4175.38 4685.64 3893.85 4436.41 4500 4235.38 4167.69 4483.59 4275.38 4483.08 5111.28 1591 1699 0.379 0 0 0 0 
128 4491.79 4495.38 4221.03 4178.46 4686.67 3893.33 4430.77 4502.05 4240.51 4173.85 4489.23 4254.36 4511.28 5148.72 1589 1702 0.395 0 0 0 0 
0 4503.59 4497.95 4212.82 4175.38 4682.56 3888.72 4423.08 4502.05 4240 4171.28 4485.64 4250.77 4507.18 5167.18 1590 1703 0.395 0 0 0 0 
1 4493.85 4488.72 4221.03 4171.28 4685.13 3888.72 4429.74 4504.1 4243.08 4170.77 4479.49 4264.1 4479.49 5127.69 1590 1706 0.41 0 0 0 0 
2 4477.44 4478.97 4224.62 4169.74 4695.38 3894.87 4442.56 4507.18 4250.77 4175.9 4480.51 4263.08 4470.77 5083.59 1591 1710 0.41 0 0 0 0 
3 4459.49 4465.64 4218.46 4168.72 4695.38 3900 4448.72 4508.21 4252.31 4177.95 4480 4249.74 4470.26 5060 1593 1714 0.426 0 0 0 0 
4 4439.49 4450.26 4218.97 4169.23 4690.26 3907.69 4451.28 4509.74 4257.44 4186.67 4478.46 4251.28 4462.56 5041.03 1595 1717 0.426 0 0 0 0 
5 4428.21 4442.56 4224.1 4170.26 4693.85 3910.26 4452.31 4510.26 4266.15 4198.97 4481.54 4258.46 4455.9 5019.49 1595 1720 0.441 0 0 0 0 
6 4422.05 4432.82 4221.03 4166.15 4695.38 3905.13 4452.82 4506.15 4270.26 4202.56 4482.56 4255.38 4451.28 4980.51 1597 1721 0.441 0 0 0 0 
7 4417.95 4416.92 4215.38 4160 4691.28 3901.54 4452.31 4505.64 4274.87 4203.08 4480.51 4249.74 4448.72 4937.44 1599 1723 0.457 0 0 0 0 
8 4423.08 4409.74 4213.85 4160 4687.69 3905.13 4451.79 4508.72 4283.08 4210.26 4480.51 4248.21 4445.64 4912.31 1600 1729 0.457 0 0 0 0 
9 4425.64 4405.64 4216.92 4160.51 4687.18 3908.72 4454.36 4506.15 4290.77 4220.51 4482.05 4251.28 4440 4888.72 1603 1732 0.473 0 0 0 0 
10 4414.87 4393.33 4211.79 4151.79 4683.59 3905.64 4453.85 4503.08 4289.74 4216.41 4477.44 4248.21 4432.31 4859.49 1603 1737 0.473 0 0 0 0 
11 4408.21 4383.59 4201.54 4143.59 4678.46 3904.1 4452.82 4504.1 4283.59 4201.54 4469.23 4238.97 4421.03 4830.77 1607 1739 0.488 0 0 0 0 
12 4415.38 4381.54 4202.56 4145.13 4681.54 3906.67 4455.38 4503.08 4288.21 4200.51 4470.77 4241.03 4417.95 4807.69 1608 1739 0.488 0 0 0 0 
13 4413.33 4373.33 4202.56 4137.95 4680 3900.51 4447.69 4498.97 4290.26 4200.51 4473.33 4243.08 4417.44 4786.15 1611 1741 0.504 0 0 0 0 
14 4393.85 4359.49 4186.67 4117.95 4663.08 3883.08 4429.23 4484.62 4269.74 4178.46 4463.08 4232.31 4396.92 4765.64 1612 1740 0.504 0 0 0 0 
15 4378.46 4349.23 4172.82 4102.56 4648.72 3868.72 4417.44 4461.03 4249.74 4156.41 4455.38 4221.54 4375.9 4758.46 1614 1737 0.519 0 0 0 0 
16 4373.33 4343.08 4171.79 4099.49 4645.13 3862.56 4414.87 4455.9 4255.38 4150.77 4463.08 4218.46 4383.08 4763.59 1614 1733 0.519 0 0 0 0 
17 4371.79 4344.1 4174.36 4102.56 4643.08 3860.51 4410.26 4466.15 4265.64 4152.82 4469.74 4221.54 4397.44 4769.23 1616 1731 0.535 0 0 0 0 
18 4375.38 4347.18 4179.49 4105.64 4643.08 3865.13 4410.77 4469.23 4266.67 4158.46 4466.67 4227.18 4394.36 4772.31 1617 1730 0.535 0 0 0 0 
19 4377.95 4345.64 4187.69 4110.77 4655.9 3874.87 4421.54 4475.38 4272.31 4169.23 4467.18 4231.28 4391.79 4779.49 1618 1734 0.551 0 0 0 0 
20 4376.41 4349.74 4190.77 4119.49 4670.26 3884.1 4430.77 4480.51 4276.41 4175.38 4475.38 4233.85 4400.51 4790.26 1620 1737 0.551 0 0 0 0 
21 4375.9 4362.05 4191.28 4130.77 4675.38 3892.31 4438.46 4473.85 4273.85 4175.38 4480 4236.92 4401.54 4796.41 1619 1744 0.566 0 0 0 0 
22 4374.36 4366.67 4191.79 4132.82 4677.95 3901.03 4446.15 4479.49 4278.97 4175.9 4473.33 4236.41 4394.36 4798.97 1621 1748 0.566 0 0 0 0 
23 4367.18 4360.51 4184.62 4122.56 4675.9 3898.46 4442.56 4484.1 4277.95 4170.26 4465.64 4228.72 4390.77 4800 1621 1753 0.582 0 0 0 0 
24 4364.62 4357.95 4179.49 4118.46 4672.82 3892.82 4439.49 4472.31 4268.72 4166.67 4470.77 4226.67 4400 4802.56 1622 1760 0.582 0 0 0 0 
25 4371.79 4363.08 4186.67 4127.69 4673.33 3894.87 4448.72 4481.03 4273.33 4176.92 4477.95 4235.38 4409.23 4810.77 1623 1766 0.597 0 0 0 0 
26 4372.82 4363.59 4194.87 4131.79 4672.82 3892.31 4453.33 4503.59 4284.1 4184.1 4473.85 4241.03 4402.56 4816.92 1625 1775 0.597 0 0 0 0 
27 4373.33 4360 4195.38 4130.26 4666.67 3888.72 4450.77 4496.92 4285.64 4180 4471.79 4240 4396.41 4822.56 1627 1781 0.613 0 0 0 0 
28 4376.92 4358.97 4190.77 4130.26 4661.03 3888.21 4446.67 4478.46 4280.51 4175.38 4475.38 4240.51 4398.46 4830.26 1629 1787 0.613 0 0 0 0 
29 4372.82 4357.95 4186.15 4122.05 4658.97 3883.08 4441.03 4486.67 4277.95 4170.77 4473.33 4238.46 4395.9 4830.26 1631 1790 0.629 0 0 0 0 
30 4370.77 4351.28 4185.13 4113.85 4654.36 3876.41 4440 4488.21 4273.85 4161.03 4470.77 4232.82 4389.23 4825.13 1633 1791 0.629 0 0 0 0 
31 4384.1 4350.26 4187.18 4120 4648.21 3875.9 4437.44 4462.05 4266.15 4150.77 4469.23 4232.82 4383.59 4832.82 1637 1791 0.644 0 0 0 0 
32 4398.97 4359.49 4189.74 4129.23 4646.15 3870.77 4426.67 4453.85 4260 4143.08 4467.69 4234.36 4382.05 4852.31 1638 1789 0.644 0 0 0 0 
33 4405.13 4371.28 4189.23 4126.67 4642.56 3854.36 4414.87 4457.44 4248.72 4128.21 4464.62 4229.74 4381.03 4860 1642 1785 0.66 0 0 0 0 
34 4416.41 4383.59 4193.85 4127.18 4641.54 3848.21 4412.31 4440 4236.92 4113.85 4465.64 4231.79 4383.08 4865.64 1643 1780 0.66 0 0 0 0 
35 4440.51 4392.82 4205.13 4136.92 4642.56 3854.36 4407.18 4418.46 4233.85 4112.82 4470.77 4242.05 4392.31 4885.64 1646 1776 0.675 0 0 0 0 
36 4463.59 4400.51 4208.21 4140.51 4638.46 3850.26 4393.85 4415.38 4231.28 4114.87 4473.85 4247.69 4407.69 4909.74 1647 1769 0.675 0 0 0 0 
37 4478.97 4410.77 4211.28 4141.54 4635.9 3843.59 4388.72 4422.05 4230.77 4116.41 4477.95 4252.82 4421.03 4929.23 1647 1763 0.691 0 0 0 0 
38 4484.62 4417.95 4220 4143.59 4639.49 3847.69 4389.74 4423.59 4236.41 4118.97 4483.08 4257.44 4429.23 4941.03 1648 1754 0.691 0 0 0 0 
39 4483.08 4415.38 4221.54 4143.59 4637.44 3851.28 4387.18 4420 4238.97 4123.59 4485.13 4256.41 4440 4944.62 1647 1744 0.707 0 0 0 0 
40 4473.85 4404.1 4210.26 4136.41 4622.05 3845.64 4387.18 4413.33 4228.72 4122.05 4479.49 4247.69 4439.49 4935.9 1647 1734 0.707 0 0 0 0 
41 4461.54 4388.21 4200.51 4120 4616.41 3843.08 4392.82 4411.79 4221.03 4113.85 4474.36 4240.51 4428.72 4921.54 1646 1725 0.722 0 0 0 0 
42 4452.31 4379.49 4199.49 4113.85 4624.1 3848.21 4393.85 4416.41 4226.67 4112.31 4474.87 4240 4424.1 4911.28 1644 1712 0.722 0 0 0 0 
43 4437.95 4375.38 4195.38 4116.92 4620 3848.21 4392.82 4420 4227.69 4108.21 4469.74 4235.38 4412.31 4893.85 1643 1707 0.738 0 0 0 0 
44 4421.54 4352.82 4194.87 4112.31 4614.87 3852.31 4407.18 4424.1 4226.15 4105.64 4472.82 4232.82 4406.67 4878.97 1642 1702 0.738 0 0 0 0 
45 4413.85 4317.95 4202.05 4102.56 4625.13 3864.62 4423.08 4432.82 4238.46 4117.95 4485.13 4241.54 4423.08 4879.49 1641 1700 0.753 0 0 0 0 
46 4414.36 4303.08 4206.15 4108.72 4632.31 3869.23 4427.18 4442.05 4254.36 4138.97 4490.77 4253.85 4440.51 4884.1 1640 1698 0.753 0 0 0 0 
47 4417.44 4304.1 4206.67 4128.21 4631.79 3867.69 4428.72 4445.64 4262.56 4156.92 4490.77 4257.44 4450.77 4882.05 1640 1700 0.769 0 0 0 0 
48 4412.82 4291.28 4207.18 4133.33 4637.44 3872.31 4433.85 4447.18 4269.74 4170.26 4491.79 4257.95 4462.05 4878.46 1639 1697 0.769 0 0 0 0 
49 4403.59 4274.36 4209.23 4122.05 4645.64 3879.49 4441.54 4455.9 4283.08 4186.67 4495.38 4262.56 4477.95 4882.56 1639 1690 0.785 0 0 0 0 
50 4398.46 4270.77 4209.23 4111.28 4650.77 3882.05 4440.51 4464.1 4287.18 4195.9 4502.05 4261.54 4493.85 4883.08 1640 1680 0.785 0 0 0 0 
51 4401.03 4278.97 4212.31 4123.59 4660 3888.21 4448.72 4469.23 4287.18 4201.03 4506.15 4261.03 4502.56 4877.95 1639 1678 0.8 0 0 0 0 
52 4403.08 4289.74 4215.38 4151.28 4673.33 3899.49 4468.72 4472.82 4294.36 4210.26 4498.97 4264.1 4493.33 4872.82 1640 1679 0.8 0 0 0 0 
53 4393.85 4280.51 4204.62 4141.54 4669.74 3892.31 4456.92 4463.08 4287.69 4208.72 4485.13 4252.31 4472.82 4854.87 1637 1684 0.816 0 0 0 0 
54 4378.97 4261.54 4192.31 4107.69 4654.87 3875.38 4429.23 4448.21 4271.79 4195.9 4481.54 4240 4476.41 4833.85 1636 1694 0.816 0 0 0 0 
55 4372.82 4270.77 4196.92 4109.74 4655.9 3871.79 4434.36 4445.13 4270.77 4189.74 4485.13 4248.72 4497.95 4835.9 1635 1703 0.831 0 0 0 0 
56 4376.41 4294.36 4201.54 4127.18 4661.03 3874.36 4448.72 4448.72 4274.87 4189.74 4484.1 4255.38 4496.41 4841.54 1633 1714 0.831 0 0 0 0 
57 4383.59 4316.41 4203.08 4140.51 4660.51 3878.46 4448.21 4454.87 4277.44 4202.05 4488.21 4250.77 4500 4841.03 1633 1721 0.847 0 0 0 0 
58 4389.23 4355.9 4212.31 4161.03 4671.79 3888.21 4457.44 4466.15 4288.72 4224.1 4498.97 4253.33 4536.92 4854.36 1633 1727 0.847 0 0 0 0 
59 4382.05 4391.79 4209.23 4159.49 4678.97 3889.74 4460.51 4466.67 4291.28 4215.38 4490.77 4254.87 4555.9 4850.77 1632 1731 0.863 0 0 0 0 
60 4367.69 4400 4197.95 4142.56 4668.72 3881.03 4452.82 4458.46 4278.97 4182.56 4472.31 4250.26 4546.15 4831.28 1631 1738 0.863 0 0 0 0 
61 4358.46 4411.79 4205.13 4153.85 4665.64 3883.08 4465.64 4475.9 4285.64 4178.97 4481.54 4253.85 4559.49 4838.97 1631 1747 0.878 0 0 0 0 
62 4364.62 4456.41 4220 4182.56 4682.56 3900.51 4486.15 4502.05 4310.77 4202.05 4506.67 4267.69 4590.77 4854.87 1629 1758 0.878 0 0 0 0 
63 4384.1 4507.69 4229.74 4201.54 4694.87 3907.69 4478.46 4484.62 4314.36 4206.67 4509.74 4278.46 4604.1 4846.67 1628 1768 0.894 0 0 0 0 
64 4393.33 4536.41 4234.36 4209.23 4687.69 3897.44 4461.03 4456.41 4300 4192.82 4497.95 4277.44 4600.51 4842.56 1625 1774 0.894 0 0 0 0 
65 4378.97 4548.21 4229.74 4205.64 4683.08 3900.51 4475.38 4476.41 4305.64 4192.31 4497.95 4271.79 4602.05 4843.59 1624 1782 0.909 0 0 0 0 
66 4358.97 4565.64 4213.33 4199.49 4685.64 3909.23 4493.85 4496.41 4310.26 4191.79 4498.46 4262.05 4607.69 4812.31 1622 1789 0.909 0 0 0 0 
67 4358.97 4594.36 4197.44 4195.9 4680.51 3895.38 4474.87 4471.28 4285.13 4173.33 4487.18 4250.77 4589.74 4778.97 1619 1796 0.925 0 0 0 0 
68 4381.03 4620.51 4192.31 4187.69 4672.31 3876.92 4442.05 4442.56 4262.05 4160 4482.05 4245.64 4561.03 4783.59 1619 1797 0.925 0 0 0 0 
69 4404.1 4649.74 4194.36 4192.31 4668.21 3873.85 4433.33 4433.85 4255.9 4162.56 4490.77 4250.26 4557.44 4814.36 1616 1798 0.941 0 0 0 0 
70 4419.49 4688.72 4197.44 4212.31 4667.69 3878.97 4444.62 4438.46 4253.33 4168.21 4501.03 4255.38 4574.87 4838.97 1616 1803 0.941 0 0 0 0 
71 4424.1 4706.67 4188.72 4204.62 4665.64 3880.51 4450.26 4445.13 4246.67 4164.1 4497.95 4250.26 4573.33 4828.21 1614 1807 0.956 0 0 0 0 
72 4410.77 4706.67 4170.77 4180 4661.54 3878.46 4449.23 4443.59 4237.44 4159.49 4487.69 4237.95 4546.67 4807.69 1612 1810 0.956 0 0 0 0 
73 4418.46 4743.59 4172.82 4190.77 4657.44 3878.46 4452.31 4446.67 4235.38 4164.62 4490.26 4236.92 4545.13 4830.77 1609 1810 0.972 0 0 0 0 
74 4452.31 4797.44 4185.13 4209.23 4662.05 3881.03 4449.23 4453.33 4237.44 4174.87 4501.54 4249.74 4566.15 4888.72 1608 1808 0.972 0 0 0 0 
75 4463.59 4813.85 4176.41 4186.15 4670.26 3881.54 4445.13 4449.74 4227.18 4181.03 4497.44 4254.87 4553.33 4964.1 1604 1806 0.987 0 0 0 0 
76 4462.56 4827.18 4161.54 4156.92 4664.62 3879.49 4454.87 4452.82 4208.72 4176.41 4487.18 4250.26 4518.46 5076.41 1601 1809 0.987 0 0 0 0 
77 4473.85 4868.72 4161.03 4162.05 4657.95 3879.49 4456.41 4462.56 4202.05 4168.21 4491.79 4252.31 4525.13 5202.56 1598 1810 1.003 0 0 0 0 
78 4476.92 4900.51 4158.97 4174.36 4658.97 3880 4438.97 4453.85 4199.49 4169.23 4497.44 4252.31 4546.15 5324.1 1593 1814 1.003 0 0 0 0 
79 4470.26 4909.23 4145.64 4164.62 4652.82 3872.82 4430.77 4432.82 4183.59 4168.21 4492.82 4245.64 4529.74 5471.28 1591 1814 1.019 0 0 0 0 
80 4473.33 4925.13 4136.92 4150.77 4644.1 3869.23 4440.51 4431.28 4171.79 4160 4494.36 4248.21 4526.67 5625.13 1586 1814 1.019 0 0 0 0 
81 4473.85 4942.05 4136.92 4147.69 4640 3874.36 4446.15 4445.64 4173.33 4159.49 4496.92 4255.38 4551.79 5736.92 1585 1811 1.034 0 0 0 0 
82 4471.79 4946.67 4134.87 4143.59 4635.9 3874.36 4437.44 4445.13 4169.74 4165.64 4490.26 4248.72 4545.13 5825.13 1581 1808 1.034 0 0 0 0 
83 4486.15 4958.97 4135.38 4141.03 4635.9 3872.82 4434.87 4436.41 4161.54 4164.62 4495.9 4249.74 4536.41 5934.36 1579 1803 1.05 0 0 0 0 
84 4499.49 4974.36 4141.03 4136.92 4640.51 3877.44 4445.64 4434.36 4156.92 4153.33 4506.15 4270.26 4557.95 6036.92 1575 1800 1.05 0 0 0 0 
85 4501.03 4980.51 4140.51 4129.74 4642.05 3881.54 4448.21 4442.56 4164.62 4161.03 4501.54 4272.82 4560.51 6083.59 1573 1794 1.065 0 0 0 0 
86 4506.67 4991.28 4138.97 4139.49 4644.62 3882.56 4433.33 4452.82 4185.64 4198.97 4501.54 4254.36 4552.31 6091.28 1570 1782 1.065 0 0 0 0 
87 4515.9 4995.9 4142.05 4145.64 4647.18 3883.08 4429.23 4448.21 4194.36 4216.92 4514.36 4249.74 4566.67 6104.1 1568 1770 1.081 0 0 0 0 
88 4518.97 4977.44 4145.64 4135.9 4641.03 3883.59 4445.13 4437.95 4184.62 4197.95 4515.38 4261.54 4566.15 6117.95 1566 1756 1.081 0 0 0 0 
89 4527.69 4960.51 4153.33 4135.38 4638.46 3882.05 4447.18 4436.92 4183.59 4191.79 4511.28 4267.69 4547.69 6112.31 1562 1746 1.097 0 0 0 0 
90 4549.74 4960 4168.21 4154.36 4647.69 3884.62 4442.56 4446.15 4205.13 4217.95 4523.59 4274.36 4558.97 6110.26 1561 1737 1.097 0 0 0 0 
91 4570.26 4962.05 4181.54 4172.31 4654.87 3892.31 4454.87 4454.36 4220 4232.31 4534.36 4282.56 4574.36 6113.85 1559 1730 1.112 0 0 0 0 
92 4588.72 4957.44 4192.31 4178.97 4657.44 3898.97 4463.59 4456.92 4217.44 4225.13 4531.79 4283.59 4568.21 6107.69 1558 1716 1.112 0 0 0 0 
93 4624.62 4959.49 4213.33 4197.95 4671.28 3910.26 4469.74 4472.82 4231.79 4242.56 4540 4294.87 4581.54 6114.36 1559 1696 1.128 0 0 0 0 
94 4654.36 4958.97 4218.97 4210.77 4677.95 3912.31 4479.49 4497.44 4246.15 4255.9 4547.18 4293.85 4590.26 6114.36 1561 1682 1.128 0 0 0 0 
95 4655.38 4946.67 4208.72 4202.05 4665.64 3898.46 4473.33 4506.15 4229.23 4233.85 4538.97 4274.36 4571.28 6081.54 1565 1673 1.143 0 0 0 0 
96 4656.41 4938.97 4215.38 4203.59 4664.62 3897.44 4462.05 4508.72 4226.67 4232.31 4542.05 4279.49 4571.28 6059.49 1571 1665 1.143 0 0 0 0 
97 4669.23 4944.62 4233.85 4228.21 4684.62 3918.46 4477.44 4526.15 4261.03 4264.62 4557.44 4300.51 4600 6057.95 1577 1654 1.159 0 0 0 0 
98 4675.9 4954.36 4247.18 4250.77 4706.67 3941.54 4509.23 4549.23 4288.72 4284.1 4563.08 4302.05 4625.64 6020.51 1593 1643 1.159 0 0 0 0 
99 4667.18 4950.77 4251.28 4254.36 4711.28 3947.69 4519.49 4556.92 4290.26 4285.64 4558.97 4296.41 4629.23 5944.62 1598 1642 1.175 0 0 0 0 
100 4643.08 4929.23 4243.08 4238.46 4700 3934.36 4509.74 4545.13 4278.97 4280.51 4549.74 4293.85 4600.51 5867.18 1602 1647 1.175 0 0 0 0 
101 4616.41 4895.38 4222.56 4209.23 4684.62 3915.38 4493.85 4526.15 4258.97 4263.08 4537.95 4276.92 4564.1 5797.44 1604 1652 1.19 0 0 0 0 
102 4597.95 4867.69 4207.18 4195.38 4674.36 3906.67 4481.03 4513.85 4247.18 4251.28 4528.21 4262.05 4560.51 5744.1 1605 1659 1.206 0 0 0 0 
103 4582.05 4854.87 4207.69 4200.51 4671.28 3904.62 4481.54 4515.38 4250.26 4260.51 4522.56 4265.64 4560.51 5708.21 1605 1664 1.206 0 0 0 0 
104 4571.79 4837.44 4210.26 4201.03 4669.74 3903.08 4493.33 4525.64 4255.9 4265.64 4523.08 4268.72 4535.38 5668.72 1605 1669 1.206 0 0 0 0 
105 4566.15 4807.18 4209.23 4203.08 4669.74 3909.23 4506.67 4540 4262.05 4259.49 4528.72 4268.72 4526.15 5636.41 1606 1669 1.221 0 0 0 0 
106 4555.38 4776.92 4209.74 4209.74 4676.41 3917.95 4512.31 4540.51 4268.72 4261.54 4530.26 4273.33 4540 5620 1607 1669 1.221 0 0 0 0 
107 4543.08 4751.79 4211.79 4208.21 4684.1 3922.05 4519.49 4525.13 4268.72 4264.62 4527.69 4272.31 4529.23 5590.77 1610 1667 1.237 0 0 0 0 
108 4536.92 4734.36 4207.18 4207.69 4684.62 3925.13 4529.74 4531.79 4277.44 4259.49 4523.08 4270.77 4495.38 5550.26 1610 1665 1.237 0 0 0 0 
109 4531.28 4730.77 4210.77 4222.56 4689.74 3935.38 4537.44 4564.1 4304.1 4269.23 4525.13 4279.49 4493.85 5536.41 1613 1663 1.253 0 0 0 0 
110 4528.21 4734.36 4224.1 4237.95 4702.56 3945.64 4540.51 4573.33 4324.62 4294.87 4540 4287.18 4527.69 5539.49 1613 1662 1.253 0 0 0 0 
111 4524.62 4729.23 4225.13 4237.95 4705.13 3945.13 4542.56 4553.85 4322.56 4298.97 4545.13 4285.64 4536.92 5523.59 1614 1662 1.268 0 0 0 0 
112 4514.36 4717.95 4214.87 4231.79 4700 3944.62 4545.64 4550.77 4316.41 4286.15 4529.74 4280 4512.31 5498.46 1615 1662 1.284 0 0 0 0 
113 4505.13 4715.38 4210.26 4233.85 4697.44 3948.21 4548.72 4562.05 4319.49 4286.15 4522.05 4272.82 4503.59 5469.23 1614 1665 1.284 0 0 0 0 
114 4501.03 4718.46 4211.28 4238.97 4695.38 3947.69 4550.77 4561.54 4317.44 4289.74 4528.72 4268.72 4516.92 5430.77 1614 1668 1.284 0 0 0 0 
115 4501.54 4715.9 4209.74 4236.92 4694.36 3942.56 4550.26 4556.92 4309.74 4287.18 4531.28 4269.23 4516.92 5400 1613 1671 1.299 0 0 0 0 
116 4497.95 4704.1 4199.49 4225.64 4689.23 3936.92 4545.13 4555.38 4302.05 4282.05 4523.59 4265.13 4505.64 5385.13 1611 1674 1.299 0 0 0 0 
117 4488.72 4692.82 4190.26 4212.82 4677.44 3925.64 4534.36 4551.28 4293.85 4275.38 4515.9 4257.44 4496.92 5375.9 1608 1679 1.315 0 0 0 0 
118 4484.62 4684.62 4189.23 4210.77 4672.31 3921.03 4537.44 4551.79 4288.72 4271.79 4518.46 4251.79 4486.67 5361.54 1606 1681 1.331 0 0 0 0 
119 4485.64 4678.97 4187.18 4218.46 4678.46 3933.85 4553.85 4557.44 4290.77 4276.41 4524.1 4247.18 4487.18 5342.05 1602 1687 1.331 0 0 0 0 
120 4485.13 4680.51 4188.72 4221.54 4681.54 3941.03 4552.31 4558.46 4295.9 4282.05 4524.1 4244.62 4496.92 5328.72 1600 1692 1.331 0 0 0 0 
121 4485.64 4678.97 4199.49 4219.49 4682.05 3936.41 4544.1 4564.1 4304.1 4286.67 4524.62 4252.31 4507.69 5334.87 1596 1699 1.346 0 0 0 0 
122 4486.15 4669.23 4198.97 4222.56 4686.67 3939.49 4550.77 4572.82 4310.77 4290.26 4524.1 4258.46 4506.67 5339.49 1592 1708 1.362 0 0 0 0 
123 4483.08 4667.18 4189.74 4227.69 4691.28 3949.23 4568.21 4572.31 4307.69 4283.08 4518.46 4252.82 4488.21 5319.49 1588 1708 1.362 0 0 0 0 
124 4485.13 4674.36 4197.44 4233.33 4693.33 3956.92 4584.62 4576.41 4306.67 4282.05 4521.03 4249.74 4483.08 5308.72 1585 1707 1.377 0 0 0 0 
125 4493.33 4676.41 4208.72 4244.1 4692.82 3955.9 4580.51 4580.51 4315.9 4291.79 4531.79 4255.38 4498.46 5320.51 1582 1710 1.377 0 0 0 0 
126 4497.95 4675.38 4207.69 4250.77 4693.85 3956.41 4570.77 4581.54 4328.72 4297.44 4535.38 4261.03 4508.21 5324.62 1581 1714 1.377 0 0 0 0 
127 4495.38 4678.97 4207.69 4249.74 4693.85 3963.08 4584.1 4598.46 4339.49 4298.46 4530.77 4262.05 4500.51 5308.21 1580 1713 1.393 0 0 0 0 
128 4500 4685.64 4218.46 4265.64 4697.44 3971.28 4598.46 4612.31 4351.28 4306.67 4538.46 4266.15 4509.23 5301.03 1578 1713 1.409 0 0 0 0 
0 4518.46 4696.41 4236.92 4291.79 4714.87 3987.18 4600 4609.23 4371.28 4329.23 4551.28 4279.49 4532.82 5313.85 1579 1714 1.409 0 0 0 0 
1 4526.15 4698.46 4244.1 4290.77 4727.69 4005.64 4609.23 4612.31 4384.1 4342.05 4546.67 4286.67 4535.9 5314.36 1576 1720 1.424 0 0 0 0 
2 4526.15 4694.36 4246.15 4287.69 4724.1 4017.44 4624.62 4626.15 4390.26 4344.1 4544.62 4290.26 4540 5309.74 1576 1728 1.424 0 0 0 0 
3 4538.46 4702.56 4258.97 4315.9 4728.21 4028.21 4638.46 4637.44 4404.62 4357.95 4559.49 4297.95 4563.59 5318.97 1572 1736 1.44 0 0 0 0 
4 4553.33 4713.85 4271.79 4339.49 4744.62 4043.59 4653.85 4655.38 4425.13 4384.1 4569.74 4306.67 4588.21 5329.74 1568 1745 1.44 0 0 0 0 
5 4555.38 4715.9 4280 4338.97 4755.9 4057.95 4671.28 4677.44 4440.51 4403.08 4569.23 4310.26 4600 5334.87 1564 1749 1.455 0 0 0 0 
6 4557.44 4714.36 4286.15 4341.54 4757.44 4068.21 4682.56 4682.56 4445.64 4403.59 4569.74 4309.74 4606.15 5335.9 1559 1756 1.455 0 0 0 0 
7 4561.03 4714.87 4286.15 4351.79 4754.87 4067.18 4676.92 4676.41 4440 4394.87 4564.62 4305.13 4596.92 5327.69 1556 1759 1.455 0 0 0 0 
8 4556.92 4709.23 4280 4352.31 4754.87 4062.05 4666.67 4674.87 4436.92 4388.72 4558.97 4297.44 4581.54 5311.28 1553 1762 1.471 0 0 0 0 
9 4556.41 4702.05 4281.54 4348.21 4761.03 4070.77 4672.82 4680 4448.72 4394.36 4560.51 4297.95 4588.21 5304.62 1550 1763 1.487 0 0 0 0 
10 4564.62 4708.72 4287.69 4355.9 4771.28 4083.59 4683.08 4684.1 4465.64 4404.1 4562.56 4304.62 4604.1 5305.64 1549 1763 1.487 0 0 0 0 
11 4568.72 4717.44 4286.67 4365.13 4778.46 4088.72 4686.15 4679.49 4471.79 4406.67 4562.05 4304.62 4601.03 5298.97 1550 1758 1.502 0 0 0 0 
12 4565.13 4714.87 4286.67 4363.59 4777.95 4092.31 4692.31 4669.74 4469.23 4398.97 4562.05 4301.03 4593.85 5289.74 1549 1756 1.502 0 0 0 0 
13 4568.72 4718.97 4294.87 4370.26 4780.51 4094.87 4691.79 4665.13 4471.79 4400.51 4567.69 4307.69 4610.77 5295.38 1550 1753 1.502 0 0 0 0 
14 4580.51 4730.26 4301.03 4382.56 4787.69 4090.77 4681.03 4667.69 4480.51 4413.33 4571.79 4313.33 4628.21 5304.62 1550 1751 1.518 0 0 0 0 
15 4589.23 4728.72 4302.56 4384.62 4789.74 4091.28 4686.67 4673.33 4483.59 4414.36 4571.79 4308.21 4623.59 5306.15 1550 1752 1.533 0 0 0 0 
16 4600 4728.72 4308.21 4387.69 4788.72 4092.82 4692.31 4669.74 4479.49 4408.72 4574.87 4309.74 4626.15 5315.9 1551 1750 1.533 0 0 0 0 
17 4618.97 4739.49 4310.77 4387.69 4785.64 4082.56 4665.64 4648.21 4463.59 4404.62 4573.85 4308.72 4633.33 5324.62 1550 1752 1.549 0 0 0 0 
18 4635.38 4735.9 4302.56 4370.26 4770.26 4066.15 4645.64 4629.74 4441.03 4389.23 4561.54 4295.9 4617.44 5316.92 1551 1751 1.549 0 0 0 0 
19 4651.28 4727.18 4297.44 4363.08 4757.95 4053.85 4648.72 4620.51 4427.69 4369.23 4555.38 4289.23 4605.13 5315.38 1550 1749 1.549 0 0 0 0 
20 4678.46 4743.59 4310.77 4385.64 4763.08 4052.82 4646.15 4609.74 4421.54 4366.67 4564.62 4299.49 4624.1 5332.31 1550 1749 1.565 0 0 0 0 
21 4700 4756.41 4326.15 4395.9 4767.69 4060.51 4652.31 4614.87 4419.49 4370.26 4565.64 4314.36 4638.97 5348.21 1550 1755 1.565 0 0 0 0 
22 4707.69 4750.26 4330.26 4394.87 4771.79 4069.23 4670.26 4621.54 4424.62 4372.82 4566.67 4320 4643.59 5361.03 1551 1757 1.58 0 0 0 0 
23 4719.49 4755.38 4336.92 4411.79 4785.64 4076.92 4669.74 4601.03 4431.79 4384.62 4580 4316.41 4662.56 5370.26 1552 1746 1.58 0 0 0 0 
24 4721.03 4760.51 4338.46 4411.79 4787.69 4077.95 4656.92 4585.13 4429.74 4390.77 4576.92 4310.77 4663.08 5356.41 1559 1727 1.596 0 0 0 0 
25 4697.44 4750.26 4319.49 4392.82 4770.26 4068.21 4654.87 4592.82 4421.03 4374.36 4564.1 4303.08 4638.97 5326.67 1562 1725 1.596 0 0 0 0 
26 4684.62 4739.49 4308.72 4387.18 4766.15 4062.56 4653.33 4593.85 4417.95 4361.54 4567.18 4296.41 4628.72 5301.03 1567 1729 1.611 0 0 0 0 
27 4688.21 4736.92 4322.05 4387.69 4782.05 4070.77 4650.26 4594.36 4434.36 4374.87 4573.33 4300 4634.87 5283.08 1570 1736 1.611 0 0 0 0 
28 4678.97 4744.1 4325.64 4392.82 4792.31 4086.15 4661.54 4594.87 4449.74 4385.64 4568.21 4306.67 4635.9 5274.87 1573 1738 1.627 0 0 0 0 
29 4653.33 4747.18 4309.74 4392.82 4790.26 4091.79 4669.23 4581.03 4443.08 4375.38 4565.13 4299.49 4622.05 5260.51 1576 1737 1.627 0 0 0 0 
30 4627.69 4725.64 4293.85 4369.23 4787.18 4090.26 4673.85 4590.77 4443.08 4374.36 4566.15 4283.08 4603.08 5224.62 1579 1732 1.643 0 0 0 0 
31 4614.36 4709.23 4292.31 4356.92 4790.26 4092.31 4683.08 4612.82 4457.44 4390.77 4563.59 4281.54 4604.62 5198.46 1581 1727 1.643 0 0 0 0 
32 4618.97 4715.38 4298.46 4369.74 4792.82 4085.13 4668.21 4593.33 4457.44 4401.54 4563.59 4292.82 4619.49 5200.51 1586 1721 1.658 0 0 0 0 
33 4623.59 4709.74 4302.05 4366.15 4795.38 4078.46 4648.72 4575.9 4458.97 4410.77 4565.13 4297.44 4615.9 5201.54 1589 1715 1.658 0 0 0 0 
34 4610.26 4696.92 4299.49 4356.92 4798.97 4091.79 4665.64 4596.92 4472.82 4416.41 4566.15 4293.85 4603.59 5183.08 1594 1712 1.674 0 0 0 0 
35 4594.87 4697.95 4296.41 4367.69 4802.05 4105.64 4681.54 4613.33 4481.03 4413.85 4568.72 4291.79 4607.69 5161.54 1601 1705 1.674 0 0 0 0 
36 4598.46 4704.1 4303.08 4373.85 4809.74 4104.1 4662.05 4609.23 4487.69 4420.51 4573.33 4298.97 4622.05 5154.87 1605 1701 1.689 0 0 0 0 
37 4594.87 4698.97 4305.64 4361.54 4810.26 4097.44 4644.1 4601.03 4487.18 4416.92 4570.77 4300 4614.36 5144.62 1610 1696 1.689 0 0 0 0 
38 4573.33 4690.26 4294.36 4355.38 4806.15 4095.9 4649.23 4596.41 4480 4400 4565.13 4288.72 4593.33 5117.44 1614 1693 1.705 0 0 0 0 
39 4564.1 4688.72 4289.23 4357.95 4807.18 4095.38 4653.85 4596.41 4480.51 4401.03 4563.59 4281.03 4594.87 5101.03 1618 1690 1.705 0 0 0 0 
40 4565.13 4685.13 4292.31 4352.82 4805.64 4094.36 4651.79 4591.79 4477.44 4408.21 4558.97 4281.03 4604.62 5091.79 1620 1691 1.721 0 0 0 0 
41 4556.41 4676.92 4289.74 4347.69 4799.49 4091.28 4646.67 4582.05 4468.21 4404.62 4560 4282.56 4600 5079.49 1623 1691 1.736 0 0 0 0 
42 4549.74 4673.85 4288.72 4351.79 4797.44 4087.18 4645.13 4578.46 4463.59 4398.97 4565.64 4281.54 4594.87 5073.85 1624 1693 1.736 0 0 0 0 
43 4550.26 4675.38 4295.9 4354.36 4798.46 4081.03 4645.64 4579.49 4461.03 4400.51 4559.49 4282.56 4594.36 5066.67 1626 1696 1.752 0 0 0 0 
44 4547.69 4669.74 4295.9 4350.26 4797.44 4078.46 4641.54 4581.03 4458.97 4405.13 4555.38 4284.62 4594.36 5052.31 1627 1700 1.752 0 0 0 0 
45 4547.69 4665.13 4291.79 4354.87 4798.97 4088.21 4644.62 4587.18 4462.56 4409.74 4564.62 4284.62 4597.44 5053.85 1628 1706 1.767 0 0 0 0 
46 4554.36 4670.26 4295.38 4366.15 4805.64 4095.38 4654.87 4594.87 4466.67 4414.36 4571.28 4286.15 4598.46 5068.21 1631 1710 1.767 0 0 0 0 
47 4551.28 4668.72 4298.97 4370.77 4806.67 4089.74 4656.41 4591.79 4464.1 4414.87 4565.64 4285.13 4594.36 5062.56 1630 1717 1.783 0 0 0 0 
48 4545.13 4662.56 4293.33 4368.72 4798.97 4086.67 4651.79 4582.56 4461.03 4410.26 4563.08 4283.59 4599.49 5051.79 1631 1722 1.783 0 0 0 0 
49 4548.21 4658.46 4289.74 4366.15 4796.41 4091.28 4650.26 4584.1 4465.64 4410.77 4567.69 4284.62 4608.21 5056.41 1630 1729 1.799 0 0 0 0 
50 4546.15 4656.92 4294.36 4369.74 4803.59 4092.31 4653.33 4592.82 4468.72 4420 4568.21 4285.13 4605.64 5060.51 1630 1739 1.799 0 0 0 0 
51 4538.97 4651.79 4293.33 4373.85 4805.13 4090.26 4656.92 4593.33 4469.74 4422.56 4562.56 4285.13 4601.03 5053.85 1629 1748 1.814 0 0 0 0 
52 4535.38 4641.54 4282.05 4370.77 4797.95 4088.72 4656.92 4589.74 4471.79 4416.92 4558.97 4283.08 4606.15 5047.69 1628 1759 1.814 0 0 0 0 
53 4536.92 4633.85 4277.44 4367.69 4797.44 4091.28 4658.46 4593.85 4470.77 4411.79 4558.97 4278.46 4606.67 5047.69 1626 1767 1.83 0 0 0 0 
54 4547.18 4633.33 4281.54 4372.82 4800 4089.74 4649.23 4597.95 4468.72 4414.87 4554.87 4278.46 4602.05 5051.28 1626 1772 1.83 0 0 0 0 
55 4564.1 4636.92 4284.1 4383.08 4800 4085.64 4642.05 4587.18 4467.18 4417.95 4552.31 4284.1 4609.23 5063.08 1625 1773 1.845 0 0 0 0 
56 4567.18 4630.26 4281.54 4378.97 4795.9 4092.82 4679.49 4596.92 4464.62 4406.15 4551.79 4283.08 4607.69 5072.31 1623 1776 1.845 0 0 0 0 
57 4569.23 4625.13 4283.59 4372.82 4788.21 4093.33 4697.95 4634.36 4471.79 4396.92 4550.26 4283.08 4601.03 5084.1 1623 1774 1.861 0 0 0 0 
58 4595.9 4641.03 4296.41 4390.26 4790.77 4078.97 4649.74 4625.13 4481.03 4410.26 4558.97 4296.92 4618.97 5116.92 1621 1773 1.861 0 0 0 0 
59 4626.67 4664.1 4308.21 4414.36 4803.08 4083.59 4634.36 4575.9 4472.82 4418.46 4568.72 4304.62 4642.56 5153.33 1622 1767 1.877 0 0 0 0 
60 4646.67 4676.41 4314.87 4421.54 4806.67 4095.9 4663.59 4580.51 4466.67 4409.23 4568.72 4304.1 4645.13 5175.38 1620 1763 1.877 0 0 0 0 
61 4672.31 4684.1 4322.56 4425.64 4803.59 4085.64 4645.13 4613.33 4481.54 4413.85 4568.72 4309.23 4648.72 5192.82 1620 1758 1.892 0 0 0 0 
62 4688.21 4692.82 4320 4423.59 4806.15 4078.46 4616.92 4585.64 4476.41 4424.1 4568.72 4309.23 4662.05 5210.77 1619 1751 1.892 0 0 0 0 
63 4690.26 4702.05 4311.28 4415.9 4810.26 4086.67 4633.85 4544.62 4448.72 4413.33 4566.67 4302.56 4663.08 5224.1 1618 1747 1.908 0 0 0 0 
64 4707.69 4716.41 4312.31 4417.95 4812.31 4084.1 4638.46 4553.33 4445.64 4407.18 4567.69 4302.05 4658.46 5227.69 1617 1740 1.908 0 0 0 0 
65 4726.67 4729.23 4309.74 4406.67 4811.79 4076.92 4626.67 4571.79 4452.82 4412.82 4566.15 4296.92 4660 5213.85 1616 1736 1.923 0 0 0 0 
66 4728.72 4738.97 4306.67 4391.79 4812.31 4083.59 4642.56 4576.92 4447.18 4410.26 4562.56 4286.67 4658.97 5203.08 1614 1732 1.923 0 0 0 0 
67 4733.85 4758.46 4312.82 4406.67 4821.03 4097.95 4663.08 4586.15 4451.79 4414.36 4566.67 4288.21 4649.23 5214.87 1614 1732 1.939 0 0 0 0 
68 4744.62 4783.08 4308.21 4412.82 4825.64 4101.03 4660 4590.77 4462.56 4428.21 4566.67 4289.23 4640 5221.54 1614 1727 1.939 0 0 0 0 
69 4739.49 4802.56 4292.31 4383.08 4817.44 4090.26 4645.13 4578.46 4455.38 4425.13 4558.46 4277.44 4640.51 5210.77 1612 1727 1.955 0 0 0 0 
70 4728.72 4824.62 4282.05 4361.54 4808.72 4085.64 4642.05 4569.74 4443.59 4411.28 4553.85 4270.77 4632.82 5204.62 1613 1724 1.955 0 0 0 0 
71 4729.23 4854.87 4279.49 4367.18 4813.85 4095.9 4648.21 4574.36 4445.13 4416.92 4552.82 4274.36 4620.51 5210.26 1611 1722 1.97 0 0 0 0 
72 4733.85 4886.15 4278.97 4369.74 4818.97 4101.54 4649.23 4573.85 4452.31 4432.82 4554.87 4277.95 4622.05 5214.87 1612 1723 1.97 0 0 0 0 
73 4738.46 4915.9 4282.56 4368.72 4816.41 4095.9 4643.08 4571.28 4455.9 4436.41 4560 4281.54 4633.33 5226.67 1612 1723 1.986 0 0 0 0 
74 4740.51 4937.95 4278.97 4372.31 4817.44 4094.87 4637.44 4580.51 4455.9 4436.92 4560 4280.51 4633.85 5242.56 1611 1726 1.986 0 0 0 0 
75 4741.03 4948.72 4266.15 4358.97 4815.38 4091.28 4629.74 4583.59 4446.15 4432.82 4547.69 4269.74 4611.79 5237.95 1612 1728 2.001 0 0 0 0 
76 4744.1 4961.54 4258.97 4338.97 4806.67 4082.56 4620 4571.28 4436.41 4423.08 4543.59 4262.56 4601.54 5227.18 1612 1731 2.001 0 0 0 0 
77 4748.21 4970.26 4257.44 4341.54 4803.08 4080.51 4615.38 4570.26 4437.44 4422.05 4550.26 4264.1 4615.38 5229.74 1612 1733 2.017 0 0 0 0 
78 4748.72 4959.49 4249.23 4342.05 4799.49 4076.41 4608.21 4574.36 4434.87 4421.54 4544.1 4260 4607.69 5219.49 1611 1737 2.017 0 0 0 0 
79 4747.18 4938.97 4243.08 4320 4790.77 4066.67 4597.44 4569.74 4425.13 4413.85 4535.38 4256.92 4578.97 5196.41 1612 1744 2.033 0 0 0 0 
80 4747.69 4915.9 4245.13 4308.21 4782.56 4062.05 4593.85 4563.08 4421.03 4408.72 4540.51 4260 4575.38 5186.67 1612 1748 2.033 0 0 0 0 
81 4747.69 4893.33 4242.56 4320 4781.03 4059.49 4592.31 4561.54 4420.51 4407.18 4544.62 4261.03 4585.64 5185.13 1612 1749 2.048 0 0 0 0 
82 4745.64 4866.67 4235.9 4322.05 4784.62 4053.85 4588.72 4563.59 4417.44 4404.1 4538.46 4260.51 4577.95 5179.49 1613 1749 2.048 0 0 0 0 
83 4737.95 4822.56 4232.82 4306.15 4780 4047.18 4587.69 4569.23 4416.41 4398.46 4535.9 4256.92 4564.1 5169.74 1613 1746 2.064 0 0 0 0 
84 4734.36 4770.26 4231.28 4303.08 4769.23 4042.05 4595.9 4566.67 4414.87 4391.28 4536.92 4251.79 4561.03 5158.46 1613 1744 2.064 0 0 0 0 
85 4733.33 4733.33 4234.36 4309.23 4767.18 4044.62 4610.26 4564.1 4410.26 4383.59 4535.38 4254.36 4563.59 5153.33 1613 1741 2.079 0 0 0 0 
86 4722.05 4712.82 4240 4305.64 4770.26 4044.62 4609.74 4576.92 4412.82 4382.56 4534.36 4260 4570.26 5153.33 1612 1739 2.079 0 0 0 0 
87 4717.95 4706.67 4243.08 4307.69 4773.85 4036.92 4587.69 4571.28 4420.51 4392.82 4539.49 4267.18 4582.05 5155.38 1612 1734 2.095 0 0 0 0 
88 4727.18 4701.03 4241.54 4317.44 4769.74 4032.82 4574.36 4536.41 4408.21 4389.74 4540.51 4268.72 4583.59 5152.82 1611 1733 2.095 0 0 0 0 
89 4734.36 4684.62 4240.51 4318.97 4762.56 4034.36 4583.59 4523.59 4389.74 4368.21 4534.36 4263.08 4577.44 5145.64 1612 1731 2.111 0 0 0 0 
90 4749.23 4684.1 4251.28 4325.13 4771.79 4032.82 4581.03 4546.15 4401.03 4372.31 4536.92 4273.33 4594.36 5161.03 1609 1728 2.111 0 0 0 0 
91 4777.95 4704.1 4269.23 4343.08 4788.72 4032.82 4565.13 4560.51 4418.97 4396.92 4548.21 4296.92 4623.08 5194.36 1609 1728 2.126 0 0 0 0 
92 4800.51 4712.31 4275.9 4353.33 4788.21 4035.9 4562.05 4551.79 4412.82 4396.92 4549.23 4302.05 4631.79 5209.23 1609 1727 2.126 0 0 0 0 
93 4811.79 4708.72 4273.85 4353.85 4776.92 4027.69 4556.41 4530.77 4397.95 4381.03 4542.56 4291.79 4631.28 5211.28 1607 1728 2.142 0 0 0 0 
94 4823.08 4707.69 4276.92 4356.41 4775.38 4023.59 4550.77 4521.54 4396.41 4380 4545.64 4293.33 4644.62 5223.08 1606 1727 2.142 0 0 0 0 
95 4830.26 4710.26 4283.59 4363.59 4777.95 4033.33 4557.44 4536.41 4403.59 4388.72 4551.79 4302.56 4663.59 5232.31 1605 1729 2.157 0 0 0 0 
96 4828.21 4705.64 4284.62 4360 4775.38 4034.36 4555.9 4539.49 4406.67 4393.85 4549.23 4302.56 4668.72 5226.15 1605 1729 2.157 0 0 0 0 
97 4817.95 4694.87 4277.44 4349.23 4780 4029.74 4549.23 4531.28 4408.21 4396.92 4547.69 4295.38 4669.23 5216.41 1603 1731 2.173 0 0 0 0 
98 4805.13 4690.26 4264.62 4351.28 4788.72 4032.82 4549.74 4533.33 4408.21 4397.44 4549.74 4288.72 4668.72 5199.49 1605 1731 2.173 0 0 0 0 
99 4794.36 4688.21 4256.92 4353.85 4783.59 4033.85 4546.67 4534.87 4405.13 4392.82 4544.1 4284.62 4656.92 5170.77 1603 1732 2.189 0 0 0 0 
100 4784.62 4676.92 4258.97 4348.72 4774.87 4030.26 4544.62 4533.85 4409.23 4391.79 4538.97 4286.67 4646.67 5147.69 1604 1732 2.189 0 0 0 0 
101 4772.31 4664.1 4257.95 4345.64 4785.13 4034.87 4552.82 4539.49 4417.44 4397.44 4547.18 4291.79 4654.87 5134.87 1603 1733 2.204 0 0 0 0 
102 4759.49 4664.1 4254.87 4342.56 4798.46 4043.59 4561.54 4546.15 4423.59 4407.18 4556.92 4290.77 4663.08 5120.51 1603 1734 2.204 0 0 0 0 
103 4748.21 4663.08 4253.85 4341.03 4794.36 4043.08 4561.54 4546.67 4424.1 4405.13 4550.26 4284.1 4651.28 5098.97 1604 1734 2.22 0 0 0 0 
104 4730.77 4648.72 4243.59 4337.44 4781.03 4031.28 4555.38 4537.95 4416.92 4391.28 4537.44 4272.31 4630.77 5070.77 1603 1737 2.22 0 0 0 0 
105 4711.28 4640.51 4233.85 4326.67 4783.08 4028.21 4555.38 4534.87 4415.38 4389.74 4535.9 4264.1 4622.05 5043.08 1605 1737 2.235 0 0 0 0 
106 4703.59 4645.64 4240 4322.56 4794.36 4040.51 4563.59 4544.1 4427.18 4398.46 4542.56 4272.31 4629.74 5030.77 1605 1740 2.235 0 0 0 0 
107 4700.51 4641.54 4248.72 4328.21 4794.36 4048.72 4568.72 4551.79 4436.92 4404.1 4546.15 4285.13 4641.03 5027.69 1605 1741 2.251 0 0 0 0 
108 4693.85 4628.21 4246.15 4329.74 4790.77 4047.69 4568.21 4553.33 4436.41 4408.72 4547.18 4286.15 4643.59 5018.97 1605 1741 2.251 0 0 0 0 
109 4684.62 4617.95 4239.49 4320.51 4793.33 4044.1 4560.51 4547.18 4432.82 4409.74 4544.1 4278.46 4638.46 5004.62 1606 1740 2.267 0 0 0 0 
110 4668.72 4607.18 4231.28 4307.69 4789.74 4038.46 4558.46 4529.74 4423.59 4396.92 4538.46 4268.72 4626.67 4982.56 1605 1739 2.267 0 0 0 0 
111 4655.9 4603.08 4227.69 4302.56 4782.05 4037.95 4570.26 4520.51 4415.38 4384.62 4537.44 4263.08 4615.9 4963.08 1608 1737 2.282 0 0 0 0 
112 4661.03 4610.26 4235.9 4308.72 4787.69 4044.1 4572.31 4543.59 4428.72 4396.41 4541.03 4274.87 4622.56 4964.1 1607 1733 2.282 0 0 0 0 
113 4664.62 4608.72 4242.56 4309.74 4791.79 4044.62 4570.77 4577.44 4447.18 4408.21 4540 4284.1 4626.67 4968.72 1607 1733 2.298 0 0 0 0 
114 4653.33 4599.49 4238.46 4308.21 4783.59 4039.49 4577.95 4565.13 4435.38 4396.92 4535.38 4276.92 4612.82 4952.82 1607 1729 2.298 0 0 0 0 
115 4650.26 4602.56 4235.38 4315.38 4785.13 4034.36 4562.56 4525.13 4417.44 4389.23 4533.85 4279.49 4613.85 4945.64 1606 1727 2.313 0 0 0 0 
116 4653.33 4607.69 4236.41 4315.9 4797.44 4031.28 4538.46 4528.72 4430.77 4403.59 4534.87 4286.15 4627.69 4953.85 1606 1725 2.313 0 0 0 0 
117 4647.18 4608.72 4236.41 4309.23 4796.92 4036.41 4548.72 4545.13 4438.46 4406.15 4535.9 4278.97 4627.18 4948.72 1604 1725 2.329 0 0 0 0 
118 4649.74 4610.77 4234.87 4310.26 4788.72 4042.56 4562.05 4520 4418.97 4392.31 4538.97 4275.9 4627.18 4941.54 1605 1724 2.329 0 0 0 0 
119 4661.54 4613.33 4232.82 4315.38 4793.85 4038.46 4547.69 4504.62 4413.85 4393.85 4538.97 4282.56 4634.87 4948.21 1604 1724 2.345 0 0 0 0 
120 4662.05 4613.85 4233.85 4310.77 4794.87 4028.21 4541.54 4522.05 4421.54 4390.26 4533.33 4280.51 4632.31 4950.77 1604 1724 2.345 0 0 0 0 
121 4664.62 4612.31 4235.38 4300.51 4783.08 4020.51 4547.69 4522.05 4410.77 4373.85 4530.26 4276.41 4625.13 4952.82 1602 1723 2.36 0 0 0 0 
122 4682.05 4618.46 4233.33 4305.64 4779.49 4021.54 4548.72 4510.77 4401.54 4372.82 4533.85 4276.92 4631.28 4966.67 1603 1725 2.36 0 0 0 0 
123 4702.56 4636.41 4237.95 4323.08 4790.26 4027.18 4549.74 4515.38 4410.77 4383.59 4536.92 4279.49 4647.69 4982.56 1602 1725 2.376 0 0 0 0 
124 4720.51 4649.74 4252.82 4329.74 4793.85 4024.62 4547.18 4512.82 4412.82 4382.56 4537.95 4288.21 4658.46 5000.51 1602 1727 2.376 0 0 0 0 
125 4735.9 4651.28 4265.13 4328.21 4782.56 4018.97 4544.1 4507.18 4405.64 4376.41 4540.51 4296.41 4664.1 5023.08 1602 1727 2.391 0 0 0 0 
126 4747.18 4656.41 4268.72 4330.26 4782.05 4019.49 4547.18 4510.77 4406.15 4376.92 4543.59 4296.41 4668.72 5031.28 1601 1729 2.391 0 0 0 0 
127 4750.26 4660 4261.03 4330.26 4788.21 4016.41 4548.72 4509.74 4408.72 4374.87 4542.05 4290.26 4669.74 5026.67 1603 1729 2.407 0 0 0 0 
128 4743.59 4654.36 4248.72 4330.26 4784.1 4009.74 4544.1 4505.64 4406.67 4372.82 4540.51 4288.21 4671.79 5025.13 1602 1729 2.407 0 0 0 0 
0 4727.18 4648.21 4240.51 4324.1 4776.41 4009.23 4540 4503.59 4402.05 4368.72 4539.49 4281.54 4668.72 5011.28 1603 1731 2.423 0 0 0 0 
1 4712.82 4643.08 4235.38 4322.05 4778.46 4011.79 4541.54 4503.08 4399.49 4364.1 4536.92 4272.82 4656.92 4987.69 1603 1733 2.423 0 0 0 0 
2 4705.13 4634.87 4228.21 4325.64 4779.49 4006.15 4542.05 4502.56 4397.44 4360.51 4535.9 4273.85 4648.21 4976.92 1604 1734 2.438 0 0 0 0 
3 4689.23 4622.56 4222.56 4303.59 4770.77 3997.95 4537.95 4500 4392.82 4356.92 4532.31 4276.41 4639.49 4963.59 1605 1737 2.438 0 0 0 0 
4 4673.33 4612.82 4215.38 4284.62 4771.79 3997.44 4534.87 4499.49 4392.31 4357.44 4526.67 4271.79 4627.18 4939.49 1605 1738 2.454 0 0 0 0 
5 4663.08 4609.23 4202.56 4297.95 4775.9 3993.33 4533.33 4498.46 4389.74 4353.33 4524.62 4265.64 4617.44 4917.95 1605 1742 2.454 0 0 0 0 
6 4649.74 4604.1 4197.95 4297.95 4774.36 3985.13 4532.31 4492.31 4382.05 4344.62 4525.13 4265.64 4613.33 4903.08 1606 1744 2.469 0 0 0 0 
7 4634.36 4588.72 4201.54 4280 4772.31 3983.59 4527.69 4485.64 4375.9 4341.54 4523.59 4266.67 4608.72 4893.85 1604 1747 2.469 0 0 0 0 
8 4619.49 4571.28 4189.23 4276.41 4764.62 3978.97 4517.95 4477.44 4366.15 4333.33 4513.33 4256.92 4589.23 4875.9 1606 1749 2.485 0 0 0 0 
9 4606.67 4561.03 4174.36 4273.85 4754.87 3969.23 4512.82 4467.69 4356.41 4321.54 4506.67 4246.67 4571.28 4850.77 1604 1750 2.485 0 0 0 0 
10 4601.03 4552.82 4180 4262.56 4756.41 3967.69 4517.95 4466.67 4357.95 4322.05 4513.33 4249.74 4572.82 4837.95 1605 1750 2.501 0 0 0 0 
11 4592.31 4544.62 4177.95 4251.79 4756.92 3972.31 4526.15 4471.28 4357.95 4321.54 4514.87 4252.82 4573.33 4834.36 1604 1748 2.501 0 0 0 0 
12 4578.46 4534.36 4165.13 4245.13 4750.26 3972.82 4523.59 4465.64 4348.72 4314.87 4510.77 4247.69 4564.62 4821.54 1605 1746 2.516 0 0 0 0 
13 4575.38 4524.62 4165.64 4244.1 4755.9 3967.18 4520 4474.36 4351.79 4316.92 4512.82 4247.18 4561.54 4810.26 1604 1742 2.516 0 0 0 0 
14 4569.23 4512.31 4165.13 4235.38 4757.95 3964.1 4531.28 4508.72 4364.1 4311.28 4509.74 4246.15 4548.72 4797.95 1604 1739 2.532 0 0 0 0 
15 4548.21 4488.21 4147.69 4224.1 4742.05 3964.1 4535.38 4494.36 4347.18 4283.59 4493.85 4234.36 4524.1 4763.59 1604 1733 2.532 0 0 0 0 
16 4542.05 4473.85 4142.05 4219.49 4738.97 3953.85 4509.74 4441.03 4325.13 4272.82 4493.85 4234.87 4524.62 4731.79 1603 1732 2.547 0 0 0 0 
17 4554.36 4473.33 4156.41 4206.67 4746.67 3941.03 4483.08 4440.51 4337.44 4291.79 4506.15 4248.21 4539.49 4728.21 1604 1728 2.547 0 0 0 0 
18 4557.95 4466.67 4158.97 4203.59 4744.1 3941.54 4484.62 4454.87 4345.13 4302.56 4505.64 4250.26 4542.05 4729.74 1603 1727 2.565 0 0 0 0 
19 4553.33 4462.56 4152.82 4226.67 4749.74 3947.18 4496.41 4435.9 4332.82 4298.97 4505.64 4247.18 4545.13 4724.1 1602 1727 2.573 0 0 0 0 
20 4549.74 4461.54 4147.18 4225.64 4754.87 3937.44 4491.79 4430.26 4329.74 4294.36 4509.74 4249.23 4545.13 4716.41 1602 1725 2.58 0 0 0 0 
21 4549.23 4447.69 4146.67 4201.03 4745.64 3929.23 4484.62 4442.56 4331.79 4291.79 4507.69 4249.74 4543.59 4714.87 1602 1725 2.588 0 0 0 0 
22 4553.33 4436.92 4151.28 4211.28 4750.77 3933.33 4489.23 4440.51 4327.69 4294.87 4505.64 4250.77 4549.23 4716.41 1602 1724 2.593 0 0 0 0 
23 4548.21 4433.33 4147.69 4228.72 4760 3929.74 4490.26 4435.9 4323.08 4290.77 4507.18 4250.26 4545.64 4711.28 1603 1723 2.593 0 0 0 0 
24 4539.49 4423.08 4141.54 4213.33 4753.85 3922.05 4487.18 4434.36 4318.46 4280 4510.26 4246.67 4537.44 4702.05 1602 1721 2.609 0 0 0 0 
25 4544.1 4417.44 4145.64 4204.62 4751.79 3922.05 4487.18 4429.23 4316.41 4280.51 4512.31 4249.23 4541.54 4701.03 1603 1722 2.609 0 0 0 0 
26 4551.28 4421.03 4154.87 4225.13 4757.44 3920.51 4481.54 4428.72 4318.97 4285.13 4508.72 4256.41 4543.08 4706.15 1604 1722 2.624 0 0 0 0 
27 4551.79 4420.51 4157.95 4236.41 4764.62 3922.05 4483.08 4431.79 4322.05 4287.18 4508.21 4258.46 4545.13 4715.38 1603 1724 2.624 0 0 0 0 
28 4558.97 4415.38 4155.9 4223.08 4769.74 3929.74 4497.95 4432.82 4322.56 4288.21 4515.38 4257.44 4555.38 4728.72 1605 1724 2.64 0 0 0 0 
29 4578.97 4416.41 4159.49 4219.49 4769.23 3931.79 4502.05 4429.74 4318.46 4286.15 4517.44 4259.49 4555.38 4740 1604 1725 2.64 0 0 0 0 
30 4601.03 4427.69 4173.85 4238.97 4772.31 3929.74 4498.46 4428.72 4319.49 4287.69 4516.41 4269.74 4561.03 4762.05 1604 1727 2.655 0 0 0 0 
31 4620 4433.33 4187.18 4257.44 4778.46 3930.26 4503.59 4433.33 4324.1 4292.82 4518.46 4278.46 4580 4789.74 1604 1728 2.655 0 0 0 0 
32 4637.95 4437.95 4190.77 4270.26 4776.41 3927.69 4504.1 4435.38 4317.44 4290.26 4520 4278.46 4586.15 4806.67 1604 1732 2.671 0 0 0 0 
33 4650.26 4447.69 4186.15 4269.74 4769.23 3915.9 4491.28 4426.67 4304.62 4277.95 4520 4272.31 4583.08 4817.44 1604 1734 2.671 0 0 0 0 
34 4651.28 4441.54 4176.41 4255.9 4758.46 3898.97 4478.46 4413.33 4292.31 4261.03 4515.9 4266.15 4578.46 4819.49 1604 1738 2.687 0 0 0 0 
35 4650.77 4432.82 4172.31 4248.21 4762.05 3897.44 4475.38 4409.23 4287.18 4253.85 4510.77 4266.67 4572.82 4819.49 1604 1741 2.687 0 0 0 0 
36 4654.36 4440.51 4176.92 4251.79 4782.56 3908.21 4476.41 4410.77 4290.77 4259.49 4514.36 4269.74 4575.38 4824.62 1604 1744 2.702 0 0 0 0 
37 4652.82 4434.36 4176.92 4251.79 4777.95 3901.03 4472.82 4402.05 4286.67 4254.36 4516.92 4264.1 4573.33 4817.44 1605 1747 2.702 0 0 0 0 
38 4640 4414.36 4167.69 4238.46 4756.92 3886.15 4465.13 4392.82 4275.9 4240 4510.77 4255.9 4562.56 4796.92 1604 1752 2.718 0 0 0 0 
39 4626.67 4421.54 4161.03 4235.9 4775.38 3893.33 4466.15 4400 4282.56 4245.64 4508.21 4257.44 4566.15 4788.21 1607 1756 2.718 0 0 0 0 
40 4616.92 4431.28 4158.97 4235.9 4797.95 3904.1 4479.49 4411.28 4292.31 4256.41 4506.67 4256.92 4565.13 4783.59 1606 1758 2.733 0 0 0 0 
41 4610.26 4414.87 4156.92 4222.56 4781.03 3895.9 4481.03 4415.38 4287.69 4249.23 4503.59 4249.74 4545.13 4759.49 1607 1759 2.733 0 0 0 0 
42 4608.21 4409.74 4163.59 4226.15 4776.41 3891.79 4477.44 4411.79 4287.69 4248.21 4507.18 4252.31 4542.05 4745.64 1607 1756 2.749 0 0 0 0 
43 4603.59 4411.28 4170.77 4237.44 4798.46 3911.28 4513.33 4421.03 4295.38 4253.85 4508.21 4254.87 4544.62 4742.05 1608 1755 2.749 0 0 0 0 
44 4591.79 4393.85 4166.15 4232.31 4795.9 3925.13 4544.62 4466.67 4311.79 4256.92 4505.64 4252.82 4531.28 4726.15 1608 1750 2.765 0 0 0 0 
45 4586.15 4384.62 4159.49 4230.26 4785.13 3916.92 4521.03 4478.97 4322.56 4265.13 4508.72 4257.95 4532.31 4715.38 1609 1748 2.765 0 0 0 0 
46 4588.72 4394.87 4166.15 4241.54 4797.44 3910.26 4498.46 4438.46 4315.9 4273.33 4512.31 4262.56 4547.18 4716.41 1609 1743 2.78 0 0 0 0 
47 4588.72 4395.9 4176.41 4247.18 4810.77 3921.54 4514.36 4437.44 4321.03 4286.67 4515.38 4265.13 4551.28 4715.38 1609 1738 2.78 0 0 0 0 
48 4576.41 4385.64 4166.15 4234.87 4798.97 3925.64 4519.49 4450.26 4326.67 4287.69 4514.36 4260.51 4545.13 4697.44 1610 1733 2.796 0 0 0 0 
49 4564.1 4378.97 4147.69 4216.41 4789.74 3912.31 4497.44 4417.95 4303.08 4266.67 4505.64 4248.21 4532.31 4673.85 1608 1731 2.796 0 0 0 0 
50 4564.62 4381.03 4152.31 4216.92 4802.56 3907.18 4488.21 4408.21 4294.36 4264.62 4503.59 4248.72 4528.72 4667.69 1609 1729 2.811 0 0 0 0 
51 4562.05 4385.64 4162.56 4224.1 4809.23 3913.33 4494.87 4435.9 4317.44 4286.15 4510.77 4257.44 4537.95 4671.28 1607 1727 2.811 0 0 0 0 
52 4556.41 4383.59 4156.41 4216.41 4809.23 3921.54 4507.69 4445.64 4327.18 4292.82 4516.41 4260 4546.67 4669.23 1607 1727 2.827 0 0 0 0 
53 4563.59 4375.38 4161.54 4228.21 4818.97 3930.26 4521.03 4449.23 4325.64 4290.26 4517.95 4262.56 4548.72 4663.59 1606 1724 2.827 0 0 0 0 
54 4574.36 4382.05 4178.97 4252.82 4821.03 3938.46 4526.15 4452.31 4329.74 4299.49 4519.49 4268.72 4554.87 4666.67 1605 1722 2.843 0 0 0 0 
55 4574.87 4399.49 4182.56 4250.77 4823.59 3946.67 4536.41 4450.77 4336.41 4310.26 4522.05 4275.38 4566.67 4676.41 1605 1718 2.843 0 0 0 0 
56 4573.85 4400.51 4176.41 4236.92 4836.92 3948.72 4545.64 4462.56 4344.62 4313.85 4523.59 4278.97 4571.28 4678.46 1604 1717 2.858 0 0 0 0 
57 4575.38 4387.69 4180.51 4236.92 4835.9 3949.23 4547.69 4467.69 4345.64 4315.38 4527.18 4278.97 4572.31 4675.38 1604 1716 2.858 0 0 0 0 
58 4585.13 4394.87 4193.85 4260.51 4828.21 3956.41 4551.28 4468.72 4351.28 4326.15 4535.9 4284.1 4583.08 4685.64 1603 1716 2.874 0 0 0 0 
59 4601.03 4411.28 4197.44 4276.41 4833.33 3956.41 4548.21 4469.23 4359.49 4334.36 4532.82 4289.23 4592.31 4702.56 1603 1715 2.874 0 0 0 0 
60 4604.1 4403.59 4189.74 4262.56 4827.18 3936.41 4534.36 4453.33 4346.67 4317.44 4518.97 4280.51 4586.15 4702.56 1603 1715 2.889 0 0 0 0 
61 4613.33 4396.41 4190.26 4259.49 4822.05 3927.18 4529.74 4442.05 4334.87 4305.13 4522.05 4278.97 4585.64 4706.67 1604 1716 2.889 0 0 0 0 
62 4635.38 4405.64 4196.41 4272.31 4834.36 3937.95 4536.92 4446.15 4339.49 4313.33 4534.87 4288.72 4594.36 4728.72 1605 1718 2.905 0 0 0 0 
63 4648.72 4410.26 4195.38 4271.28 4827.18 3931.79 4528.72 4434.36 4330.77 4307.18 4527.18 4282.56 4592.82 4740.51 1605 1719 2.905 0 0 0 0 
64 4661.03 4416.92 4198.97 4268.21 4814.36 3914.87 4519.49 4422.56 4316.41 4294.87 4518.97 4274.36 4599.49 4749.23 1606 1721 2.921 0 0 0 0 
65 4678.46 4426.15 4206.15 4278.97 4818.46 3918.97 4528.72 4431.28 4321.54 4301.03 4529.74 4279.49 4614.36 4768.21 1607 1724 2.921 0 0 0 0 
66 4685.13 4423.59 4202.56 4289.23 4813.85 3928.72 4532.31 4436.41 4327.18 4304.1 4531.79 4281.54 4618.46 4781.54 1608 1727 2.936 0 0 0 0 
67 4688.72 4422.56 4202.05 4309.74 4818.97 3929.23 4531.79 4441.03 4329.74 4307.69 4526.15 4281.54 4622.56 4788.21 1608 1730 2.936 0 0 0 0 
68 4702.56 4445.64 4215.38 4342.05 4848.21 3936.41 4543.08 4460.51 4348.72 4330.77 4535.9 4288.72 4641.54 4798.46 1608 1733 2.952 0 0 0 0 
69 4703.08 4455.9 4222.05 4342.05 4850.26 3942.56 4548.72 4466.67 4357.95 4341.03 4541.54 4288.72 4649.74 4798.97 1609 1736 2.952 0 0 0 0 
70 4684.1 4441.54 4209.23 4320.51 4826.15 3932.82 4541.54 4460 4347.69 4328.72 4530.77 4281.03 4638.97 4782.05 1607 1739 2.967 0 0 0 0 
71 4668.72 4433.33 4195.38 4320 4826.67 3931.28 4542.56 4461.54 4347.69 4324.1 4527.18 4278.97 4633.85 4767.18 1607 1744 2.967 0 0 0 0 
72 4658.46 4434.36 4195.9 4320.51 4833.85 3938.46 4547.69 4463.59 4352.82 4322.05 4522.56 4277.44 4630.26 4753.33 1607 1743 2.983 0 0 0 0 
73 4649.74 4431.79 4197.44 4309.74 4828.21 3940.51 4549.74 4466.15 4350.77 4318.97 4507.69 4276.41 4616.92 4737.95 1606 1744 2.983 0 0 0 0 
74 4636.92 4424.1 4186.67 4306.67 4832.82 3945.13 4559.49 4469.23 4350.26 4324.1 4503.59 4274.87 4605.64 4725.13 1606 1743 2.999 0 0 0 0 
75 4614.36 4408.72 4171.28 4301.54 4837.44 3950.26 4576.92 4483.08 4354.36 4322.05 4498.97 4263.59 4594.36 4703.08 1605 1742 2.999 0 0 0 0 
76 4598.46 4393.33 4168.72 4291.79 4829.23 3946.15 4585.64 4513.85 4360 4315.38 4486.15 4256.92 4583.08 4682.05 1604 1740 3.014 0 0 0 0 
77 4602.05 4394.36 4176.41 4297.95 4822.05 3941.03 4571.28 4498.97 4357.44 4318.46 4484.1 4266.67 4588.72 4681.54 1603 1739 3.014 0 0 0 0 
78 4603.59 4400.51 4179.49 4303.59 4825.64 3946.15 4560 4452.31 4348.72 4325.13 4487.69 4270.77 4597.44 4684.62 1603 1738 3.03 0 0 0 0 
79 4593.85 4395.38 4175.38 4296.41 4833.33 3948.21 4565.13 4466.15 4355.38 4328.72 4485.64 4266.15 4590.26 4674.36 1601 1737 3.03 0 0 0 0 
80 4588.21 4395.38 4177.44 4290.26 4837.95 3944.62 4560.51 4499.49 4372.82 4336.41 4487.69 4273.33 4593.33 4670.26 1601 1737 3.045 0 0 0 0 
81 4593.33 4405.64 4189.74 4295.38 4841.54 3947.18 4552.31 4478.97 4371.28 4343.59 4493.33 4282.56 4609.23 4673.85 1599 1737 3.045 0 0 0 0 
82 4593.33 4403.59 4192.31 4305.13 4840 3944.1 4552.82 4452.31 4352.82 4335.38 4487.18 4271.79 4602.05 4664.1 1599 1737 3.061 0 0 0 0 
83 4585.64 4387.69 4185.64 4291.79 4832.31 3934.87 4553.85 4457.44 4344.1 4323.08 4482.05 4263.08 4589.23 4652.82 1600 1735 3.061 0 0 0 0 
84 4581.54 4387.69 4184.1 4270.26 4826.15 3935.38 4550.26 4460.51 4346.15 4321.03 4484.62 4269.23 4596.92 4652.31 1598 1734 3.077 0 0 0 0 
85 4577.44 4397.44 4183.08 4276.92 4827.18 3940 4548.72 4461.03 4344.1 4320 4480.51 4268.21 4594.87 4644.62 1599 1732 3.077 0 0 0 0 
86 4571.79 4390.26 4182.05 4285.13 4829.74 3934.87 4548.72 4465.64 4338.46 4314.87 4473.33 4262.05 4576.41 4631.79 1598 1731 3.092 0 0 0 0 
87 4568.21 4377.95 4181.03 4272.82 4823.59 3928.21 4542.56 4456.92 4332.31 4306.67 4470.77 4261.54 4568.72 4626.67 1598 1728 3.092 0 0 0 0 
88 4567.69 4383.08 4174.36 4265.13 4817.44 3926.67 4534.36 4445.13 4326.67 4300 4472.31 4260.51 4570.77 4622.56 1598 1726 3.108 0 0 0 0 
89 4561.03 4384.62 4163.08 4258.97 4819.49 3924.62 4534.87 4445.13 4323.59 4295.38 4469.74 4256.41 4566.15 4610.77 1599 1723 3.108 0 0 0 0 
90 4551.79 4371.79 4158.97 4250.77 4818.46 3923.59 4537.95 4450.77 4323.59 4290.26 4465.13 4254.87 4556.92 4602.56 1599 1722 3.123 0 0 0 0 
91 4559.49 4375.38 4169.23 4266.15 4814.87 3926.67 4534.36 4450.26 4331.28 4294.36 4466.67 4261.54 4563.08 4612.31 1600 1721 3.123 0 0 0 0 
92 4574.36 4395.38 4180 4282.05 4822.05 3930.26 4532.31 4446.15 4339.49 4308.72 4474.36 4268.72 4578.46 4630.26 1600 1720 3.139 0 0 0 0 
93 4585.64 4401.03 4186.15 4279.49 4827.69 3932.31 4535.9 4446.15 4340 4315.38 4480.51 4270.26 4585.13 4646.67 1601 1721 3.139 0 0 0 0 
94 4593.85 4397.44 4187.69 4277.44 4818.46 3928.72 4532.31 4441.54 4329.74 4304.62 4476.92 4268.21 4582.56 4656.41 1603 1720 3.155 0 0 0 0 
95 4605.64 4406.67 4190.26 4277.95 4813.85 3926.15 4534.87 4438.97 4325.13 4299.49 4477.44 4271.79 4585.64 4666.67 1604 1722 3.155 0 0 0 0 
96 4626.15 4421.03 4199.49 4284.1 4823.59 3932.31 4547.69 4444.62 4334.87 4306.15 4486.67 4279.49 4603.59 4688.21 1606 1722 3.17 0 0 0 0 
97 4648.72 4427.69 4209.23 4298.97 4823.08 3933.85 4546.67 4441.54 4334.36 4306.15 4486.67 4282.56 4614.87 4708.72 1606 1723 3.17 0 0 0 0 
98 4665.13 4434.36 4216.92 4309.23 4815.38 3926.67 4538.97 4430.77 4323.59 4300 4483.08 4286.15 4613.85 4723.08 1609 1725 3.186 0 0 0 0 
99 4676.41 4447.18 4224.1 4311.28 4820.51 3928.21 4544.62 4436.41 4331.79 4306.67 4492.82 4294.87 4625.64 4742.05 1609 1726 3.186 0 0 0 0 
100 4683.59 4450.26 4225.13 4306.67 4822.05 3932.31 4548.21 4442.56 4340 4310.26 4495.9 4295.9 4636.41 4751.28 1611 1728 3.201 0 0 0 0 
101 4675.38 4439.49 4215.38 4298.46 4808.72 3922.56 4535.38 4428.21 4323.08 4295.38 4482.05 4284.1 4622.05 4741.03 1612 1729 3.201 0 0 0 0 
102 4664.62 4437.95 4208.21 4299.49 4805.64 3913.85 4526.67 4418.97 4312.31 4285.13 4478.97 4277.95 4610.77 4734.87 1613 1731 3.217 0 0 0 0 
103 4657.95 4441.03 4205.64 4298.46 4807.69 3915.38 4529.74 4424.1 4314.36 4283.08 4482.05 4274.87 4606.67 4726.67 1613 1731 3.217 0 0 0 0 
104 4641.54 4432.31 4200.51 4286.15 4794.36 3914.87 4529.23 4422.05 4308.21 4275.38 4474.87 4262.05 4589.74 4700 1614 1732 3.233 0 0 0 0 
105 4627.18 4425.13 4198.97 4281.03 4791.28 3910.77 4527.69 4421.54 4310.26 4276.92 4471.79 4255.38 4584.62 4681.03 1614 1731 3.233 0 0 0 0 
106 4622.05 4420.51 4194.36 4281.54 4805.64 3915.9 4543.59 4440 4322.56 4285.13 4476.41 4261.03 4595.9 4675.9 1613 1732 3.248 0 0 0 0 
107 4611.79 4408.21 4188.72 4270.77 4801.54 3923.59 4558.46 4456.92 4326.67 4282.56 4479.49 4264.62 4590.77 4663.59 1614 1731 3.248 0 0 0 0 
108 4596.41 4402.05 4190.26 4263.59 4790.77 3919.49 4540 4440 4321.54 4279.49 4477.95 4258.97 4578.97 4647.18 1611 1729 3.264 0 0 0 0 
109 4585.13 4403.08 4191.79 4264.1 4795.9 3913.85 4522.56 4413.33 4312.82 4281.54 4472.31 4250.26 4576.41 4634.36 1611 1729 3.264 0 0 0 0 
110 4572.31 4398.46 4181.54 4258.46 4796.92 3913.33 4528.21 4417.95 4311.28 4281.03 4468.72 4247.69 4569.74 4622.56 1609 1727 3.279 0 0 0 0 
111 4561.54 4393.33 4174.87 4256.92 4791.79 3916.92 4533.85 4436.92 4322.05 4284.62 4472.31 4254.36 4564.62 4614.87 1607 1726 3.279 0 0 0 0 
112 4550.26 4386.67 4174.87 4243.59 4791.79 3921.54 4542.05 4436.41 4324.62 4281.03 4467.18 4252.82 4556.92 4601.03 1607 1725 3.295 0 0 0 0 
113 4536.41 4376.92 4169.74 4225.13 4787.69 3920.51 4550.26 4427.18 4312.31 4269.23 4459.49 4241.03 4545.13 4585.13 1606 1725 3.295 0 0 0 0 
114 4542.56 4383.59 4174.36 4238.97 4790.77 3917.95 4536.92 4430.26 4318.46 4282.05 4471.28 4248.72 4556.92 4593.85 1606 1725 3.311 0 0 0 0 
115 4559.49 4398.46 4190.77 4264.62 4804.62 3923.59 4524.62 4436.92 4334.36 4303.08 4484.1 4262.56 4573.85 4608.72 1605 1726 3.311 0 0 0 0 
116 4551.79 4395.38 4192.82 4259.49 4803.08 3932.31 4538.97 4436.92 4331.28 4294.87 4478.97 4255.9 4567.18 4598.46 1604 1724 3.326 0 0 0 0 
117 4534.36 4383.08 4182.05 4240 4792.82 3928.21 4547.18 4435.38 4324.1 4282.05 4472.82 4246.67 4561.54 4587.18 1605 1723 3.326 0 0 0 0 
118 4533.33 4380.51 4180.51 4236.41 4795.9 3923.08 4538.97 4434.36 4323.59 4284.1 4473.33 4251.79 4564.62 4587.69 1605 1723 3.342 0 0 0 0 
119 4534.87 4383.08 4186.67 4236.41 4803.59 3928.72 4542.05 4440.51 4327.18 4287.18 4473.33 4254.87 4557.95 4581.54 1606 1724 3.342 0 0 0 0 
120 4529.74 4384.1 4187.18 4235.9 4803.59 3934.36 4549.74 4452.82 4332.31 4289.74 4475.38 4252.31 4556.41 4577.95 1606 1724 3.357 0 0 0 0 
121 4532.82 4393.85 4190.26 4245.13 4806.15 3935.38 4550.77 4459.49 4338.97 4299.49 4479.49 4260.51 4570.26 4590.77 1607 1724 3.357 0 0 0 0 
122 4538.46 4401.03 4197.44 4247.18 4815.9 3934.36 4550.26 4452.82 4340.51 4306.15 4480.51 4269.23 4573.33 4596.41 1607 1724 3.373 0 0 0 0 
123 4530.77 4388.21 4194.87 4233.85 4812.31 3928.21 4548.72 4441.54 4330.77 4296.41 4475.38 4259.49 4556.92 4586.67 1608 1727 3.373 0 0 0 0 
124 4526.67 4378.97 4190.77 4235.38 4798.46 3924.62 4544.62 4440.51 4322.05 4286.15 4472.82 4250.77 4553.85 4583.08 1609 1726 3.389 0 0 0 0 
125 4532.31 4385.13 4190.26 4247.18 4803.59 3931.28 4549.23 4445.13 4326.15 4290.26 4475.38 4258.46 4568.21 4590.26 1608 1728 3.389 0 0 0 0 
126 4527.69 4387.69 4184.62 4237.44 4819.49 3942.05 4561.54 4446.15 4336.41 4294.87 4475.9 4260.51 4564.62 4590.77 1610 1728 3.404 0 0 0 0 
127 4519.49 4390.26 4184.1 4231.79 4819.49 3950.26 4568.21 4449.74 4339.49 4293.85 4473.85 4251.28 4548.72 4583.59 1608 1729 3.404 0 0 0 0 
128 4525.13 4395.9 4188.72 4240.51 4809.74 3954.87 4572.82 4456.41 4340 4297.44 4472.82 4253.33 4549.74 4584.62 1610 1731 3.42 0 0 0 0 
0 4529.23 4393.33 4191.28 4231.28 4807.18 3948.72 4575.9 4460 4343.08 4306.67 4475.38 4263.59 4565.13 4593.33 1609 1733 3.42 0 0 0 0 
1 4523.59 4392.82 4192.31 4221.54 4804.1 3936.92 4569.74 4455.9 4343.08 4308.21 4477.95 4264.62 4572.82 4596.41 1608 1736 3.435 0 0 0 0 
2 4523.08 4400.51 4189.74 4231.79 4795.38 3928.72 4561.54 4450.26 4337.95 4301.03 4477.44 4257.44 4568.21 4590.26 1608 1738 3.435 0 0 0 0 
3 4523.08 4401.54 4182.05 4236.92 4791.28 3928.72 4559.49 4446.67 4333.33 4295.9 4474.87 4251.79 4558.97 4583.08 1608 1740 3.451 0 0 0 0 
4 4517.95 4392.82 4180 4228.72 4791.79 3931.79 4561.03 4442.05 4329.74 4291.28 4470.26 4250.77 4555.9 4582.05 1606 1741 3.451 0 0 0 0 
5 4516.41 4388.72 4184.62 4224.62 4796.92 3934.87 4562.56 4441.54 4331.28 4290.77 4470.26 4251.79 4560.51 4585.64 1606 1743 3.467 0 0 0 0 
6 4522.56 4395.9 4185.64 4229.74 4801.54 3937.44 4566.15 4448.21 4337.95 4298.97 4476.92 4255.38 4561.03 4589.74 1605 1742 3.467 0 0 0 0 
7 4525.13 4404.62 4186.15 4236.41 4798.46 3941.03 4577.44 4452.31 4341.54 4303.08 4478.97 4259.49 4556.41 4588.72 1603 1745 3.482 0 0 0 0 
8 4523.08 4406.15 4191.28 4240.51 4792.82 3944.62 4585.64 4449.74 4335.9 4294.36 4473.33 4261.54 4552.82 4587.69 1604 1746 3.482 0 0 0 0 
9 4525.13 4400.51 4194.87 4239.49 4792.82 3941.03 4573.85 4452.31 4336.92 4290.77 4474.87 4261.03 4555.38 4592.82 1601 1745 3.498 0 0 0 0 
10 4531.28 4398.46 4193.85 4241.03 4794.36 3937.44 4563.59 4470.26 4350.26 4301.54 4487.18 4263.59 4563.59 4601.03 1601 1745 3.498 0 0 0 0 
11 4532.82 4401.03 4193.33 4238.46 4788.72 3932.82 4566.67 4480 4351.79 4301.03 4486.67 4267.69 4569.74 4610.26 1600 1742 3.516 0 0 0 0 
12 4536.41 4403.59 4193.85 4233.33 4781.54 3926.67 4566.67 4461.03 4332.31 4282.56 4477.44 4267.18 4569.23 4616.41 1599 1742 3.516 0 0 0 0 
13 4548.21 4408.72 4194.87 4236.41 4780.51 3928.21 4567.18 4438.97 4318.97 4272.82 4476.92 4264.1 4568.72 4624.1 1599 1739 3.531 0 0 0 0 
14 4558.46 4413.33 4197.44 4235.9 4779.49 3927.69 4560 4437.95 4322.05 4277.95 4481.54 4263.59 4574.36 4634.36 1598 1737 3.531 0 0 0 0 
15 4571.28 4422.56 4203.59 4241.54 4776.41 3920 4546.15 4450.77 4330.77 4280 4482.56 4269.23 4581.03 4646.67 1598 1735 3.547 0 0 0 0 
16 4588.21 4433.85 4212.31 4252.82 4774.36 3920 4549.23 4454.36 4327.18 4273.85 4483.08 4273.85 4585.64 4662.05 1598 1734 3.547 0 0 0 0 
17 4602.05 4440.51 4217.44 4256.92 4777.95 3926.15 4552.82 4433.85 4311.28 4269.23 4490.26 4273.33 4595.9 4680 1598 1732 3.563 0 0 0 0 
18 4614.87 4446.15 4222.05 4262.05 4779.49 3919.49 4534.36 4414.36 4302.05 4270.77 4493.85 4274.87 4609.23 4696.92 1597 1731 3.563 0 0 0 0 
19 4622.56 4446.67 4227.18 4263.59 4769.74 3908.72 4520.51 4418.46 4303.08 4269.74 4486.15 4277.95 4608.21 4703.08 1599 1729 3.578 0 0 0 0 
20 4620.51 4441.54 4227.18 4249.74 4761.03 3909.74 4525.64 4425.13 4301.54 4263.08 4481.54 4275.9 4596.92 4701.03 1598 1726 3.578 0 0 0 0 
21 4615.9 4438.97 4221.03 4238.46 4760.51 3914.36 4533.85 4425.64 4297.44 4255.9 4483.59 4272.82 4589.74 4698.97 1599 1726 3.594 0 0 0 0 
22 4612.82 4434.36 4213.33 4234.87 4751.79 3909.23 4527.69 4416.41 4289.74 4248.72 4477.44 4268.72 4579.49 4688.72 1600 1724 3.594 0 0 0 0 
23 4609.74 4429.23 4213.85 4227.18 4741.54 3901.03 4511.28 4402.56 4286.67 4247.69 4474.87 4267.69 4581.03 4678.46 1599 1724 3.609 0 0 0 0 
24 4600.51 4432.82 4214.36 4230.77 4745.64 3904.1 4511.28 4405.64 4292.82 4254.87 4480 4270.26 4586.15 4671.79 1601 1724 3.609 0 0 0 0 
25 4584.62 4433.33 4205.13 4235.38 4747.18 3907.69 4522.05 4416.41 4296.41 4255.9 4478.46 4262.56 4569.23 4654.87 1600 1725 3.625 0 0 0 0 
26 4580 4422.56 4199.49 4230.26 4743.08 3905.64 4517.95 4417.44 4298.97 4256.92 4479.49 4254.36 4566.15 4641.54 1601 1725 3.625 0 0 0 0 
27 4582.05 4418.46 4199.49 4223.08 4744.1 3907.69 4511.79 4414.87 4302.56 4261.03 4485.64 4256.92 4582.05 4638.46 1601 1726 3.641 0 0 0 0 
28 4565.64 4415.38 4192.82 4209.74 4743.08 3907.69 4512.82 4411.79 4290.77 4253.33 4475.9 4258.97 4567.69 4623.08 1602 1726 3.641 0 0 0 0 
29 4543.08 4401.03 4183.59 4195.38 4738.46 3905.64 4510.77 4404.62 4276.92 4243.59 4465.13 4251.28 4534.87 4598.97 1602 1727 3.656 0 0 0 0 
30 4533.85 4392.31 4184.1 4191.79 4737.44 3905.13 4510.26 4401.03 4278.46 4243.59 4471.79 4244.1 4530.26 4583.59 1603 1728 3.656 0 0 0 0 
31 4530.26 4396.92 4188.72 4198.97 4735.38 3906.15 4512.31 4401.54 4278.46 4241.54 4473.33 4246.67 4536.92 4573.33 1603 1730 3.672 0 0 0 0 
32 4520 4394.87 4185.64 4192.82 4732.82 3906.67 4507.69 4402.05 4276.41 4240 4462.05 4248.21 4524.62 4562.05 1604 1732 3.672 0 0 0 0 
33 4506.67 4382.56 4177.44 4176.41 4735.9 3911.28 4506.67 4412.82 4289.23 4248.72 4460 4246.15 4511.28 4549.23 1604 1733 3.687 0 0 0 0 
34 4495.9 4378.97 4173.33 4175.9 4737.44 3915.38 4512.82 4422.05 4299.49 4254.87 4466.15 4245.64 4513.85 4537.95 1603 1736 3.687 0 0 0 0 
35 4490.77 4382.05 4176.41 4187.69 4733.85 3914.87 4511.28 4421.54 4294.36 4248.72 4466.15 4246.15 4518.46 4528.72 1605 1737 3.703 0 0 0 0 
36 4485.13 4378.97 4176.41 4185.13 4726.67 3910.77 4503.08 4420.51 4287.18 4241.54 4460.51 4242.56 4507.18 4517.95 1604 1739 3.703 0 0 0 0 
37 4469.23 4367.69 4162.56 4161.54 4716.92 3900 4493.33 4410.77 4276.92 4232.31 4456.41 4234.36 4490.77 4502.56 1605 1741 3.719 0 0 0 0 
38 4451.79 4354.87 4149.74 4151.79 4712.31 3891.79 4486.67 4391.28 4260.51 4217.95 4453.33 4227.69 4485.64 4490.26 1605 1742 3.719 0 0 0 0 
39 4450.77 4353.85 4153.33 4163.08 4714.36 3893.85 4489.74 4387.69 4257.44 4213.33 4452.31 4234.36 4484.62 4489.74 1606 1742 3.734 0 0 0 0 
40 4451.28 4356.92 4157.44 4165.13 4714.87 3897.95 4495.38 4405.64 4272.31 4223.59 4451.79 4246.15 4488.21 4491.28 1606 1740 3.734 0 0 0 0 
41 4442.05 4349.23 4152.82 4151.28 4713.33 3901.03 4498.46 4414.36 4278.97 4231.79 4454.36 4240.51 4495.9 4485.64 1607 1738 3.75 0 0 0 0 
42 4437.95 4343.08 4151.79 4148.21 4711.79 3904.1 4507.69 4419.49 4277.44 4228.21 4453.85 4232.82 4489.23 4477.95 1607 1735 3.75 0 0 0 0 
43 4442.56 4350.77 4162.56 4161.03 4708.72 3904.1 4515.9 4450.77 4292.31 4229.74 4453.33 4244.62 4482.05 4482.56 1608 1733 3.765 0 0 0 0 
44 4448.72 4357.95 4171.28 4163.08 4713.33 3899.49 4495.38 4452.31 4304.62 4246.67 4462.05 4256.41 4504.62 4497.95 1608 1731 3.765 0 0 0 0 
45 4449.23 4357.44 4166.67 4154.87 4720 3899.49 4481.54 4401.03 4285.13 4248.72 4464.62 4252.31 4518.46 4501.54 1608 1727 3.781 0 0 0 0 
46 4445.64 4357.44 4163.59 4158.97 4712.82 3904.1 4507.69 4397.95 4270.26 4233.33 4458.97 4247.18 4501.54 4490.77 1608 1724 3.781 0 0 0 0 
47 4441.54 4352.31 4166.67 4163.59 4705.13 3902.56 4516.92 4447.69 4288.72 4233.85 4460 4247.18 4497.44 4482.56 1608 1722 3.797 0 0 0 0 
48 4441.03 4351.79 4163.59 4158.46 4709.74 3901.03 4493.33 4442.05 4298.97 4244.1 4465.13 4244.62 4513.33 4486.67 1608 1721 3.797 0 0 0 0 
49 4443.08 4361.03 4163.08 4158.46 4714.36 3907.69 4488.21 4403.59 4288.21 4245.64 4466.15 4242.56 4516.41 4492.31 1609 1721 3.812 0 0 0 0 
50 4442.05 4360.51 4166.15 4158.46 4712.31 3908.21 4492.31 4408.72 4285.13 4243.08 4467.18 4243.59 4509.74 4490.26 1607 1721 3.812 0 0 0 0 
51 4439.49 4355.9 4161.54 4155.9 4712.31 3903.08 4485.64 4430.77 4292.31 4244.62 4466.67 4243.59 4510.26 4488.72 1608 1722 3.828 0 0 0 0 
52 4442.56 4366.67 4160.51 4161.54 4716.92 3908.72 4495.9 4435.38 4294.87 4247.18 4466.15 4243.59 4513.33 4490.77 1608 1720 3.828 0 0 0 0 
53 4446.67 4375.38 4173.85 4166.15 4719.49 3913.85 4506.15 4433.85 4291.28 4243.08 4471.79 4246.15 4512.82 4492.31 1605 1721 3.843 0 0 0 0 
54 4442.05 4365.64 4174.87 4163.08 4714.87 3907.18 4495.38 4430.26 4289.74 4235.9 4473.85 4241.03 4506.67 4490.26 1606 1721 3.843 0 0 0 0 
55 4437.44 4357.95 4162.05 4158.97 4708.21 3903.08 4490.26 4428.21 4286.15 4234.36 4470.26 4234.36 4503.08 4487.69 1605 1723 3.859 0 0 0 0 
56 4439.49 4363.08 4163.08 4156.92 4707.69 3908.21 4496.41 4430.26 4284.62 4236.92 4469.74 4241.03 4508.21 4487.69 1605 1724 3.859 0 0 0 0 
57 4441.54 4367.18 4171.79 4160.51 4711.28 3910.77 4497.44 4432.82 4289.74 4238.97 4473.33 4248.72 4512.82 4490.77 1604 1726 3.875 0 0 0 0 
58 4443.59 4365.64 4171.28 4165.64 4708.72 3903.59 4491.79 4430.77 4288.21 4238.46 4474.87 4244.62 4509.74 4493.33 1604 1727 3.875 0 0 0 0 
59 4450.77 4367.18 4167.18 4161.54 4699.49 3896.41 4484.62 4424.62 4276.41 4230.77 4469.23 4244.1 4505.64 4494.36 1604 1728 3.89 0 0 0 0 
60 4456.41 4368.72 4165.13 4153.85 4693.85 3892.82 4478.97 4421.03 4269.23 4218.97 4465.64 4247.18 4503.59 4496.41 1604 1731 3.89 0 0 0 0 
61 4459.49 4366.15 4165.64 4154.87 4695.9 3890.77 4479.49 4422.05 4271.79 4215.9 4468.72 4246.67 4504.62 4504.1 1603 1733 3.906 0 0 0 0 
62 4471.28 4374.36 4172.82 4165.64 4695.38 3891.28 4482.05 4425.13 4271.28 4218.97 4471.28 4253.33 4513.85 4518.97 1603 1736 3.906 0 0 0 0 
63 4487.69 4383.08 4180 4165.64 4686.15 3886.67 4473.33 4422.05 4261.03 4208.21 4466.67 4254.87 4514.87 4530.26 1604 1739 3.921 0 0 0 0 
64 4500 4381.54 4178.97 4160.51 4680.51 3876.92 4461.54 4416.41 4254.87 4199.49 4467.69 4250.26 4511.28 4539.49 1602 1742 3.921 0 0 0 0 
65 4513.33 4388.21 4181.03 4173.33 4683.59 3875.9 4462.56 4416.41 4260 4208.72 4474.87 4259.49 4528.72 4561.54 1604 1744 3.937 0 0 0 0 
66 4530.77 4397.44 4193.33 4187.69 4683.59 3882.56 4468.72 4420.51 4263.08 4213.85 4474.36 4273.33 4545.64 4583.08 1603 1745 3.937 0 0 0 0 
67 4543.59 4398.97 4200 4188.72 4682.05 3881.54 4468.21 4422.56 4257.44 4205.13 4470.77 4271.79 4536.41 4589.23 1604 1745 3.953 0 0 0 0 
68 4547.18 4403.59 4198.46 4192.82 4684.62 3880 4465.13 4410.77 4247.69 4198.97 4471.28 4265.13 4528.72 4589.23 1603 1744 3.953 0 0 0 0 
69 4540 4403.08 4194.87 4191.28 4678.46 3884.62 4475.9 4413.85 4246.15 4196.92 4468.72 4265.64 4534.36 4585.64 1604 1744 3.968 0 0 0 0 
70 4526.67 4390.26 4184.62 4174.36 4664.1 3878.46 4482.56 4451.79 4258.46 4188.72 4460 4260.51 4526.67 4571.28 1604 1744 3.968 0 0 0 0 
71 4521.54 4390.26 4180 4174.87 4662.05 3870.77 4467.18 4451.79 4257.95 4183.08 4461.03 4252.31 4510.26 4557.44 1604 1743 3.984 0 0 0 0 
72 4524.62 4402.05 4191.28 4189.23 4671.28 3878.97 4452.82 4398.97 4242.05 4188.21 4468.72 4255.9 4507.69 4555.9 1603 1742 3.984 0 0 0 0 
73 4518.46 4397.95 4191.28 4186.15 4671.79 3881.03 4450.77 4389.74 4242.56 4192.82 4465.13 4258.46 4507.18 4549.74 1603 1741 3.999 0 0 0 0 
74 4502.05 4392.82 4176.41 4176.92 4666.67 3871.79 4448.21 4422.56 4255.38 4191.79 4459.49 4249.74 4500 4532.31 1603 1738 3.999 0 0 0 0 
75 4489.23 4398.46 4174.36 4173.33 4671.79 3879.49 4451.28 4422.05 4258.46 4195.9 4464.62 4248.21 4494.36 4519.49 1602 1737 4.015 0 0 0 0 
76 4483.08 4396.41 4183.59 4166.67 4678.97 3894.36 4461.54 4405.64 4260.51 4203.59 4466.15 4252.82 4494.36 4513.85 1602 1735 4.015 0 0 0 0 
77 4486.15 4395.38 4189.74 4171.79 4684.62 3897.95 4470.77 4415.9 4268.21 4208.72 4464.1 4256.41 4500.51 4512.82 1600 1734 4.031 0 0 0 0 
78 4484.1 4398.46 4188.72 4179.49 4686.15 3898.97 4480.51 4430.26 4270.26 4210.26 4465.13 4257.44 4500.51 4505.64 1601 1733 4.031 0 0 0 0 
79 4465.64 4390.26 4182.05 4164.1 4678.97 3903.59 4486.15 4432.82 4270.77 4211.28 4464.1 4252.82 4486.67 4483.59 1600 1730 4.046 0 0 0 0 
80 4453.33 4384.62 4183.08 4158.46 4682.56 3912.31 4489.74 4436.92 4279.49 4221.54 4468.21 4249.23 4488.21 4473.33 1600 1728 4.046 0 0 0 0 
81 4455.38 4390.77 4186.15 4173.33 4692.31 3911.28 4484.62 4437.44 4281.54 4228.72 4474.87 4252.31 4501.03 4479.49 1600 1726 4.062 0 0 0 0 
82 4445.64 4388.21 4179.49 4166.15 4688.21 3900.51 4471.79 4428.21 4274.87 4223.59 4473.33 4251.28 4502.05 4471.28 1600 1725 4.062 0 0 0 0 
83 4431.28 4379.49 4176.92 4146.67 4678.97 3900 4471.28 4424.1 4273.85 4221.03 4468.21 4248.21 4495.9 4457.44 1600 1723 4.077 0 0 0 0 
84 4430.77 4378.46 4182.05 4150.26 4675.9 3905.13 4481.54 4432.82 4277.95 4226.15 4467.18 4251.79 4497.95 4458.97 1600 1723 4.077 0 0 0 0 
85 4428.72 4374.87 4176.92 4152.82 4675.9 3903.08 4482.05 4438.97 4280.51 4227.69 4468.21 4254.87 4493.85 4455.38 1601 1722 4.093 0 0 0 0 
86 4417.95 4369.23 4166.67 4141.54 4675.9 3901.54 4478.46 4435.38 4279.49 4224.1 4466.15 4249.23 4482.05 4441.03 1600 1722 4.093 0 0 0 0 
87 4412.82 4364.62 4165.13 4135.9 4670.77 3902.05 4477.95 4427.69 4272.31 4218.46 4459.49 4242.56 4479.49 4435.9 1603 1722 4.109 0 0 0 0 
88 4409.74 4356.41 4164.1 4131.28 4661.54 3891.79 4467.69 4413.85 4257.95 4205.13 4452.31 4239.49 4474.36 4433.33 1602 1723 4.109 0 0 0 0 
89 4406.15 4354.36 4162.56 4124.1 4658.97 3881.54 4458.46 4402.05 4250.26 4194.36 4453.85 4240.51 4463.08 4429.74 1604 1725 4.124 0 0 0 0 
90 4402.56 4354.36 4165.13 4123.59 4660 3885.64 4460 4401.03 4252.31 4194.36 4460 4239.49 4461.54 4428.21 1604 1726 4.124 0 0 0 0 
91 4398.97 4346.67 4165.64 4127.69 4657.44 3888.72 4455.9 4399.49 4251.79 4194.87 4461.03 4237.95 4466.15 4425.64 1604 1728 4.14 0 0 0 0 
92 4398.97 4347.18 4163.59 4131.79 4658.46 3883.08 4449.23 4400 4252.31 4195.38 4454.87 4243.08 4463.08 4426.15 1606 1728 4.14 0 0 0 0 
93 4401.54 4353.85 4166.67 4128.21 4658.97 3882.56 4452.31 4404.62 4259.49 4198.97 4455.38 4247.69 4463.08 4432.31 1606 1730 4.155 0 0 0 0 
94 4400 4349.23 4168.72 4120 4656.41 3887.18 4455.38 4404.62 4261.54 4198.46 4461.54 4243.08 4471.79 4434.36 1607 1732 4.155 0 0 0 0 
95 4397.95 4346.67 4164.62 4128.21 4656.41 3885.13 4450.77 4402.56 4258.46 4198.97 4462.56 4236.41 4473.33 4432.31 1607 1734 4.171 0 0 0 0 
96 4398.46 4353.85 4162.05 4140 4653.85 3881.03 4445.64 4400.51 4256.41 4201.54 4458.97 4239.49 4471.28 4433.85 1608 1736 4.171 0 0 0 0 
97 4400 4352.31 4163.08 4132.82 4650.26 3880.51 4445.64 4395.9 4254.36 4196.92 4455.38 4242.05 4471.28 4437.95 1608 1743 4.187 0 0 0 0 
98 4403.59 4343.59 4169.23 4128.21 4650.26 3880.51 4446.15 4393.85 4250.26 4191.28 4456.92 4242.05 4469.74 4440.51 1608 1745 4.187 0 0 0 0 
99 4410.77 4349.23 4175.9 4141.54 4653.85 3881.54 4446.15 4395.38 4247.18 4193.33 4464.62 4247.69 4473.33 4450.26 1608 1749 4.202 0 0 0 0 
100 4420 4364.62 4176.92 4151.79 4659.49 3887.18 4450.77 4400 4249.23 4198.97 4470.26 4256.41 4490.26 4471.28 1608 1748 4.202 0 0 0 0 
101 4431.79 4372.31 4174.36 4148.72 4657.44 3885.13 4449.74 4407.18 4254.36 4199.49 4463.08 4255.9 4498.46 4483.59 1607 1746 4.218 0 0 0 0 
102 4445.13 4375.9 4177.95 4148.72 4651.28 3877.44 4442.56 4398.97 4246.67 4192.82 4456.92 4251.79 4489.23 4487.18 1606 1743 4.218 0 0 0 0 
103 4450.26 4376.92 4178.46 4152.82 4649.74 3880 4456.92 4392.31 4230.26 4176.92 4458.97 4250.77 4484.1 4495.38 1606 1741 4.233 0 0 0 0 
104 4455.38 4373.85 4177.95 4153.85 4648.72 3886.15 4484.1 4432.31 4240.51 4168.72 4461.54 4255.38 4488.72 4507.69 1605 1737 4.233 0 0 0 0 
105 4476.92 4384.62 4193.33 4163.08 4648.21 3885.64 4476.92 4456.92 4263.08 4185.64 4469.74 4268.72 4504.62 4532.31 1605 1736 4.249 0 0 0 0 
106 4500.51 4406.15 4205.64 4185.13 4653.33 3883.08 4448.72 4422.05 4262.05 4201.54 4478.46 4280.51 4525.64 4563.08 1606 1734 4.249 0 0 0 0 
107 4508.72 4413.85 4203.59 4197.95 4658.46 3882.56 4441.03 4409.74 4258.97 4199.49 4476.41 4279.49 4535.38 4577.95 1603 1732 4.265 0 0 0 0 
108 4513.33 4414.87 4206.15 4201.54 4656.92 3880.51 4438.46 4416.41 4259.49 4196.92 4469.74 4273.85 4535.9 4577.44 1604 1729 4.265 0 0 0 0 
109 4512.82 4416.92 4203.59 4190.77 4649.23 3871.79 4423.59 4381.03 4240 4194.87 4470.26 4268.21 4532.31 4572.82 1604 1727 4.28 0 0 0 0 
110 4497.44 4406.15 4186.15 4167.69 4643.08 3866.15 4422.56 4361.54 4223.08 4186.67 4472.31 4256.41 4519.49 4558.97 1603 1727 4.28 0 0 0 0 
111 4479.49 4395.38 4175.38 4161.03 4640.51 3868.72 4430.26 4383.08 4223.59 4172.82 4464.62 4247.18 4500.51 4539.49 1603 1726 4.296 0 0 0 0 
112 4464.62 4390.77 4174.87 4162.05 4636.41 3873.33 4428.72 4386.15 4220.51 4156.41 4450.26 4245.64 4485.64 4520.51 1603 1726 4.296 0 0 0 0 
113 4444.1 4378.97 4164.62 4146.67 4632.82 3879.49 4433.85 4383.59 4219.49 4152.31 4445.64 4238.97 4472.31 4496.41 1603 1724 4.311 0 0 0 0 
114 4427.69 4367.69 4154.36 4132.31 4633.85 3877.95 4439.49 4393.33 4224.62 4161.03 4451.28 4232.31 4460.51 4477.44 1603 1724 4.311 0 0 0 0 
115 4427.18 4375.38 4161.03 4141.03 4636.92 3872.31 4434.36 4395.38 4228.72 4170.77 4457.95 4240.51 4466.67 4476.92 1604 1723 4.327 0 0 0 0 
116 4427.18 4387.69 4168.21 4154.36 4637.95 3873.33 4430.26 4398.97 4238.97 4185.13 4461.03 4248.21 4482.05 4481.54 1603 1724 4.327 0 0 0 0 
117 4417.95 4378.97 4158.97 4150.77 4635.38 3875.38 4434.87 4404.1 4244.1 4191.28 4458.97 4243.59 4480 4473.33 1604 1725 4.343 0 0 0 0 
118 4409.74 4369.74 4156.92 4146.67 4637.44 3877.95 4440 4407.69 4242.56 4187.18 4458.97 4246.67 4473.33 4464.62 1603 1726 4.343 0 0 0 0 
119 4404.62 4374.87 4164.62 4145.64 4641.54 3880.51 4440 4409.23 4243.59 4188.72 4462.05 4251.28 4474.87 4459.49 1604 1728 4.358 0 0 0 0 
120 4393.85 4370.26 4157.44 4138.97 4641.03 3878.97 4442.05 4407.69 4245.64 4194.87 4461.54 4244.62 4469.74 4449.23 1604 1728 4.358 0 0 0 0 
121 4386.67 4362.05 4151.79 4134.36 4641.03 3880 4447.18 4410.77 4251.28 4203.08 4463.08 4243.59 4466.67 4443.59 1603 1731 4.374 0 0 0 0 
122 4384.62 4366.15 4159.49 4139.49 4642.05 3886.67 4451.28 4418.46 4256.41 4209.74 4469.74 4252.31 4475.9 4445.13 1604 1733 4.374 0 0 0 0 
123 4381.54 4366.67 4162.05 4140.51 4642.05 3887.69 4451.79 4420.51 4257.95 4206.67 4469.23 4254.36 4479.49 4445.64 1603 1735 4.389 0 0 0 0 
124 4375.9 4361.03 4159.49 4131.28 4643.59 3886.15 4452.31 4419.49 4256.92 4202.56 4460 4250.26 4470.26 4438.46 1604 1737 4.389 0 0 0 0 
125 4367.18 4358.46 4156.92 4130.26 4645.13 3886.67 4452.31 4420.51 4254.36 4206.15 4455.9 4248.21 4460.51 4426.67 1604 1739 4.405 0 0 0 0 
126 4364.1 4360 4151.79 4135.38 4645.64 3889.23 4450.26 4419.49 4252.31 4204.1 4460 4247.69 4460 4424.1 1603 1741 4.405 0 0 0 0 
127 4365.13 4361.54 4149.74 4133.85 4643.59 3889.23 4448.72 4414.87 4251.28 4197.44 4460.51 4247.69 4466.15 4426.15 1602 1744 4.421 0 0 0 0 
128 4357.44 4358.46 4150.77 4125.64 4640.51 3889.74 4452.31 4417.44 4253.85 4200.51 4458.46 4246.15 4468.72 4419.49 1604 1747 4.421 0 0 0 0 
0 4350.26 4351.79 4147.69 4124.1 4641.54 3892.82 4457.44 4423.59 4258.46 4205.13 4458.97 4246.15 4465.64 4416.92 1603 1747 4.436 0 0 0 0 
1 4359.49 4361.03 4151.28 4137.44 4647.18 3895.9 4458.46 4426.67 4266.67 4208.21 4464.1 4254.87 4470.26 4428.72 1603 1748 4.436 0 0 0 0 
2 4366.15 4374.36 4160.51 4148.21 4649.23 3902.05 4463.08 4427.69 4274.36 4215.9 4468.21 4260.51 4481.54 4436.41 1604 1745 4.452 0 0 0 0 
3 4352.82 4362.05 4151.79 4136.92 4644.1 3906.67 4476.41 4420.51 4266.67 4211.28 4463.08 4249.23 4476.92 4424.1 1603 1744 4.452 0 0 0 0 
4 4339.49 4349.74 4138.97 4123.08 4638.46 3903.08 4483.08 4420.51 4258.97 4197.44 4458.46 4238.46 4461.03 4411.79 1604 1741 4.467 0 0 0 0 
5 4342.56 4357.44 4143.08 4130.77 4634.87 3896.92 4469.74 4441.03 4267.69 4202.56 4459.49 4246.15 4458.97 4416.41 1603 1740 4.467 0 0 0 0 
6 4349.23 4360 4152.31 4137.44 4632.31 3899.49 4461.54 4447.69 4277.44 4213.85 4460.51 4251.79 4465.13 4421.03 1605 1738 4.483 0 0 0 0 
7 4350.77 4352.82 4156.41 4132.82 4632.82 3905.64 4472.82 4439.49 4275.38 4214.36 4463.08 4252.31 4475.38 4426.15 1605 1734 4.483 0 0 0 0 
8 4358.46 4357.95 4160.51 4136.41 4638.97 3902.56 4469.74 4432.82 4274.36 4220.51 4473.33 4258.46 4490.26 4438.46 1605 1732 4.499 0 0 0 0 
9 4371.28 4367.69 4163.08 4150.26 4641.03 3895.38 4445.13 4416.41 4270.77 4229.74 4475.9 4259.49 4495.38 4446.15 1604 1728 4.499 0 0 0 0 
10 4374.87 4368.21 4160 4153.85 4640.51 3894.87 4443.08 4403.59 4260.51 4223.59 4465.64 4251.79 4486.15 4448.72 1605 1726 4.514 0 0 0 0 
11 4384.1 4372.82 4162.56 4145.64 4644.1 3899.49 4461.03 4412.31 4257.44 4213.33 4463.08 4254.36 4482.05 4463.59 1605 1725 4.514 0 0 0 0 
12 4406.67 4388.21 4169.74 4150.77 4645.13 3900 4455.9 4410.77 4256.41 4214.36 4469.74 4258.97 4488.21 4481.54 1605 1725 4.53 0 0 0 0 
13 4418.97 4392.82 4166.67 4161.54 4636.41 3890.77 4436.41 4393.85 4245.13 4208.72 4467.18 4250.77 4488.72 4484.62 1605 1723 4.53 0 0 0 0 
14 4423.59 4390.77 4162.56 4158.97 4630.77 3881.03 4429.74 4391.79 4236.41 4194.87 4463.59 4252.82 4492.82 4496.41 1604 1723 4.545 0 0 0 0 
15 4444.1 4404.62 4174.87 4161.03 4636.41 3880 4432.31 4399.49 4242.56 4198.97 4471.28 4267.69 4504.62 4525.64 1605 1722 4.545 0 0 0 0 
16 4463.59 4415.9 4189.74 4177.44 4638.46 3886.15 4440.51 4409.23 4255.38 4213.33 4479.49 4271.79 4514.87 4544.1 1603 1722 4.561 0 0 0 0 
17 4462.05 4409.23 4188.21 4181.54 4637.44 3891.79 4449.74 4420.51 4262.05 4214.87 4476.41 4269.23 4524.1 4549.74 1604 1722 4.561 0 0 0 0 
18 4457.95 4407.69 4181.54 4170.77 4634.87 3888.21 4446.67 4418.46 4258.46 4209.23 4468.72 4266.67 4519.49 4548.72 1603 1722 4.577 0 0 0 0 
19 4464.1 4418.97 4182.05 4177.44 4631.28 3886.67 4444.1 4415.9 4256.92 4213.85 4469.23 4264.62 4509.74 4547.69 1603 1724 4.577 0 0 0 0 
20 4458.46 4415.38 4180.51 4187.18 4630.77 3890.26 4449.23 4422.05 4260 4215.38 4476.92 4264.1 4510.77 4544.1 1603 1725 4.592 0 0 0 0 
21 4437.95 4397.44 4169.74 4173.33 4631.28 3886.67 4446.15 4418.97 4254.36 4206.15 4475.9 4261.03 4510.77 4529.74 1603 1727 4.592 0 0 0 0 
22 4429.23 4397.95 4170.26 4170.77 4632.31 3887.69 4446.15 4410.26 4252.31 4204.62 4467.69 4258.46 4504.1 4513.85 1603 1728 4.608 0 0 0 0 
23 4432.31 4408.21 4178.46 4187.18 4639.49 3902.05 4458.97 4415.9 4265.64 4214.36 4467.18 4260 4498.97 4508.72 1602 1730 4.608 0 0 0 0 
24 4422.05 4404.62 4175.38 4185.64 4649.74 3912.82 4471.28 4430.26 4278.97 4225.64 4471.28 4258.46 4493.33 4500 1602 1734 4.623 0 0 0 0 
25 4409.74 4397.44 4172.31 4174.36 4648.72 3910.77 4476.41 4441.54 4285.13 4234.36 4472.82 4254.87 4497.95 4485.13 1603 1738 4.623 0 0 0 0 
26 4409.74 4397.44 4175.9 4175.9 4638.97 3907.18 4475.38 4445.13 4288.72 4237.95 4472.31 4258.46 4509.23 4478.97 1603 1740 4.639 0 0 0 0 
27 4406.15 4398.97 4177.95 4182.56 4642.56 3910.77 4474.36 4448.21 4292.82 4243.08 4473.33 4262.05 4503.59 4469.74 1604 1743 4.639 0 0 0 0 
28 4395.9 4397.44 4180.51 4181.03 4652.82 3915.9 4476.92 4454.87 4297.95 4254.36 4478.46 4262.05 4495.38 4453.85 1603 1744 4.655 0 0 0 0 
29 4392.31 4395.9 4180.51 4181.54 4655.9 3918.46 4480.51 4460.51 4302.56 4262.05 4482.05 4263.59 4508.21 4448.21 1604 1746 4.655 0 0 0 0 
30 4389.23 4391.79 4173.33 4183.59 4655.38 3920 4481.54 4460 4303.08 4260.51 4477.95 4262.05 4514.87 4446.67 1604 1746 4.67 0 0 0 0 
31 4373.85 4381.03 4162.56 4173.85 4652.82 3919.49 4482.56 4453.85 4300.51 4255.9 4467.69 4249.74 4494.87 4427.18 1604 1745 4.67 0 0 0 0 
32 4361.54 4376.92 4158.46 4168.72 4648.72 3917.95 4483.59 4456.41 4302.05 4258.97 4472.31 4241.54 4487.69 4407.18 1605 1742 4.686 0 0 0 0 
33 4363.59 4377.95 4164.62 4171.79 4647.69 3921.54 4497.44 4484.1 4314.36 4267.69 4483.08 4250.26 4506.15 4411.79 1604 1742 4.686 0 0 0 0 
34 4366.67 4372.82 4174.36 4169.23 4646.67 3927.69 4516.92 4504.1 4322.56 4265.13 4472.82 4259.49 4505.13 4417.44 1606 1738 4.701 0 0 0 0 
35 4361.54 4368.72 4176.41 4170.26 4642.56 3923.08 4508.72 4483.08 4308.21 4249.23 4459.49 4255.38 4481.54 4403.59 1604 1735 4.701 0 0 0 0 
36 4352.31 4367.69 4171.79 4174.87 4640.51 3912.82 4482.05 4456.92 4296.92 4244.1 4465.13 4252.31 4475.9 4396.41 1606 1733 4.717 0 0 0 0 
37 4349.74 4369.74 4169.23 4172.82 4641.03 3913.85 4480 4454.87 4304.1 4255.9 4473.33 4261.03 4491.28 4405.13 1605 1731 4.717 0 0 0 0 
38 4354.36 4374.87 4168.21 4169.74 4641.03 3914.36 4487.18 4452.82 4310.26 4267.69 4475.38 4269.23 4501.54 4413.85 1605 1729 4.733 0 0 0 0 
39 4355.9 4376.92 4163.59 4168.72 4642.05 3903.59 4468.72 4440.51 4310.77 4271.79 4479.49 4267.69 4505.64 4418.46 1604 1728 4.733 0 0 0 0 
40 4345.64 4371.79 4157.44 4161.03 4639.49 3898.46 4459.49 4434.36 4311.79 4268.21 4477.44 4258.97 4503.59 4409.23 1605 1728 4.748 0 0 0 0 
41 4334.36 4367.69 4153.85 4152.82 4636.41 3907.69 4480.51 4435.9 4307.69 4256.41 4470.77 4251.79 4494.87 4389.74 1604 1728 4.748 0 0 0 0 
42 4334.36 4368.21 4155.9 4150.77 4637.44 3914.87 4493.85 4442.05 4302.56 4246.15 4471.28 4251.28 4485.64 4389.23 1604 1728 4.764 0 0 0 0 
43 4334.36 4366.67 4154.36 4145.64 4636.41 3910.77 4486.15 4442.56 4300 4242.05 4470.26 4252.31 4479.49 4393.85 1603 1727 4.764 0 0 0 0 
44 4328.72 4365.64 4151.28 4141.54 4632.31 3908.21 4484.1 4433.85 4292.82 4236.41 4464.62 4248.21 4473.33 4383.08 1603 1727 4.779 0 0 0 0 
45 4324.62 4361.54 4149.23 4140.51 4634.36 3911.28 4491.79 4432.82 4290.26 4231.79 4464.1 4244.62 4468.21 4371.79 1603 1727 4.779 0 0 0 0 
46 4324.1 4358.46 4147.18 4136.92 4636.92 3912.82 4492.31 4435.9 4297.44 4234.36 4468.72 4245.64 4471.79 4375.9 1602 1727 4.795 0 0 0 0 
47 4325.13 4361.03 4146.15 4135.38 4633.33 3912.82 4488.21 4435.9 4305.64 4245.13 4474.36 4253.33 4482.05 4385.13 1603 1728 4.795 0 0 0 0 
48 4329.74 4365.64 4153.33 4140.51 4634.36 3913.85 4489.23 4442.05 4314.36 4256.92 4476.41 4261.03 4488.21 4391.79 1602 1727 4.811 0 0 0 0 
49 4332.31 4366.67 4164.1 4150.26 4637.95 3916.41 4495.9 4450.77 4320 4260.51 4476.41 4259.49 4486.67 4390.26 1601 1729 4.811 0 0 0 0 
50 4328.21 4363.08 4165.64 4150.77 4637.44 3921.03 4498.46 4451.28 4315.38 4254.87 4474.87 4253.85 4484.1 4386.15 1602 1730 4.826 0 0 0 0 
51 4328.72 4362.56 4157.44 4137.95 4636.92 3923.08 4493.33 4444.1 4304.1 4245.13 4469.23 4250.26 4475.38 4387.18 1603 1732 4.826 0 0 0 0 
52 4334.36 4363.08 4149.74 4126.67 4632.82 3914.87 4481.54 4432.82 4289.23 4230.77 4464.1 4245.64 4462.56 4386.67 1603 1733 4.842 0 0 0 0 
53 4340.51 4364.1 4146.67 4132.82 4632.31 3908.72 4472.31 4423.08 4279.49 4220.51 4465.64 4243.08 4462.56 4392.31 1603 1735 4.842 0 0 0 0 
54 4351.79 4368.21 4147.18 4141.54 4638.97 3909.74 4472.31 4422.05 4280 4222.05 4468.21 4246.67 4473.33 4407.18 1603 1736 4.857 0 0 0 0 
55 4367.69 4374.36 4152.31 4139.49 4637.44 3902.56 4470.77 4425.13 4281.54 4222.56 4466.67 4255.38 4481.03 4426.67 1602 1739 4.857 0 0 0 0 
56 4384.1 4386.67 4166.67 4153.33 4632.31 3896.92 4467.18 4424.1 4278.46 4218.97 4467.69 4263.59 4485.64 4450.26 1604 1741 4.873 0 0 0 0 
57 4402.05 4400 4181.54 4176.41 4631.28 3898.46 4468.21 4424.1 4277.44 4224.62 4474.36 4267.69 4494.87 4470.26 1603 1742 4.889 0 0 0 0 
58 4425.13 4410.26 4189.74 4186.15 4629.74 3899.49 4473.33 4433.85 4287.18 4238.46 4485.64 4275.9 4517.44 4493.85 1604 1745 4.889 0 0 0 0 
59 4438.97 4414.87 4190.77 4185.64 4628.21 3897.44 4476.41 4446.67 4296.92 4246.67 4493.33 4284.62 4536.92 4517.95 1604 1745 4.889 0 0 0 0 
60 4437.95 4412.31 4190.77 4182.05 4630.26 3900 4482.05 4449.74 4296.92 4246.67 4488.21 4283.59 4528.72 4524.1 1605 1745 4.904 0 0 0 0 
61 4437.95 4407.18 4189.74 4182.05 4627.69 3904.62 4488.72 4446.67 4291.28 4242.56 4480.51 4281.54 4516.41 4516.41 1605 1742 4.92 0 0 0 0 
62 4435.9 4402.56 4181.03 4175.38 4620 3900 4487.69 4457.44 4288.21 4231.79 4477.44 4277.44 4513.33 4509.23 1604 1742 4.92 0 0 0 0 
63 4420 4396.41 4172.82 4161.03 4618.97 3893.85 4480 4471.79 4290.77 4225.13 4476.92 4267.18 4507.18 4501.54 1605 1740 4.935 0 0 0 0 
64 4404.1 4390.77 4168.21 4156.41 4624.1 3894.87 4476.41 4453.85 4284.1 4224.62 4476.41 4258.97 4506.67 4486.67 1604 1739 4.935 0 0 0 0 
65 4394.87 4390.26 4158.46 4165.13 4630.26 3901.03 4479.49 4425.64 4269.74 4218.97 4468.72 4253.85 4508.21 4472.31 1604 1736 4.935 0 0 0 0 
66 4389.74 4390.26 4155.38 4169.23 4633.85 3897.95 4472.31 4426.67 4270.77 4216.41 4463.08 4248.72 4490.77 4458.97 1604 1735 4.951 0 0 0 0 
67 4384.1 4387.69 4159.49 4170.26 4632.82 3892.31 4464.1 4442.05 4282.05 4222.56 4468.72 4245.64 4476.92 4443.59 1604 1731 4.951 0 0 0 0 
68 4372.31 4380.51 4151.79 4168.72 4632.82 3897.95 4475.9 4452.82 4286.67 4223.59 4474.87 4246.15 4486.15 4431.28 1603 1730 4.967 0 0 0 0 
69 4354.87 4372.31 4141.54 4150.77 4632.31 3898.97 4478.46 4449.23 4285.64 4222.05 4473.33 4250.77 4488.72 4428.72 1604 1729 4.967 0 0 0 0 
70 4351.28 4371.79 4151.79 4147.18 4627.69 3893.85 4460 4429.74 4282.56 4229.23 4471.28 4253.33 4480 4426.67 1604 1728 4.982 0 0 0 0 
71 4356.92 4374.87 4163.59 4165.64 4628.21 3898.46 4460.51 4423.59 4281.54 4231.28 4469.23 4252.31 4482.56 4416.41 1602 1729 4.982 0 0 0 0 
72 4347.69 4371.79 4156.92 4164.1 4634.87 3909.74 4480.51 4438.97 4289.23 4233.85 4469.74 4253.85 4487.18 4406.15 1603 1728 4.998 0 0 0 0 
73 4333.33 4368.72 4152.31 4149.23 4635.9 3911.28 4484.1 4447.18 4298.46 4247.69 4475.9 4256.92 4485.13 4403.08 1602 1727 5.013 0 0 0 0 
74 4326.67 4364.62 4150.26 4148.21 4628.21 3902.05 4470.26 4438.46 4292.82 4245.64 4472.82 4250.77 4480.51 4391.79 1602 1727 5.013 0 0 0 0 
75 4315.38 4352.82 4141.03 4139.49 4621.03 3895.38 4461.54 4430.26 4282.05 4227.69 4464.1 4245.64 4475.38 4371.79 1601 1727 5.013 0 0 0 0 
76 4304.62 4346.67 4140 4133.85 4623.59 3900 4469.74 4436.41 4288.21 4230.26 4469.23 4252.82 4474.87 4369.23 1602 1727 5.029 0 0 0 0 
77 4308.21 4360.51 4151.79 4150.26 4632.82 3908.72 4480.51 4450.26 4300.51 4247.69 4481.03 4262.56 4484.1 4378.97 1601 1728 5.045 0 0 0 0 
78 4309.74 4367.18 4158.97 4150.77 4637.44 3909.23 4478.97 4452.82 4303.08 4251.28 4476.41 4263.08 4491.79 4374.87 1603 1730 5.045 0 0 0 0 
79 4301.54 4355.9 4157.44 4141.54 4633.85 3907.69 4474.87 4448.72 4303.59 4248.72 4466.67 4261.03 4487.69 4368.21 1602 1732 5.06 0 0 0 0 
80 4298.97 4349.23 4156.41 4151.28 4631.79 3909.23 4476.92 4449.74 4304.1 4250.77 4471.79 4263.59 4481.54 4373.33 1603 1732 5.06 0 0 0 0 
81 4300.51 4352.31 4155.9 4160.51 4638.46 3915.38 4478.97 4451.79 4303.08 4253.33 4475.38 4266.15 4485.13 4373.85 1603 1734 5.06 0 0 0 0 
82 4293.85 4347.69 4149.23 4152.82 4644.1 3918.97 4477.95 4446.15 4299.49 4248.21 4468.21 4258.97 4484.62 4361.54 1603 1735 5.076 0 0 0 0 
83 4285.64 4341.54 4138.46 4141.03 4640.51 3912.82 4473.85 4437.44 4290.77 4237.44 4464.1 4248.72 4472.31 4351.79 1603 1737 5.091 0 0 0 0 
84 4284.62 4344.62 4134.87 4140.51 4635.9 3908.21 4475.38 4438.46 4288.72 4234.87 4466.67 4246.67 4465.13 4349.74 1604 1738 5.091 0 0 0 0 
85 4284.62 4343.59 4135.38 4148.21 4635.9 3912.31 4480.51 4448.72 4297.44 4242.05 4470.26 4250.26 4471.28 4348.72 1603 1740 5.107 0 0 0 0 
86 4281.54 4338.46 4132.82 4150.77 4635.38 3914.87 4482.56 4454.36 4301.54 4247.18 4471.79 4251.28 4479.49 4348.72 1603 1740 5.107 0 0 0 0 
87 4277.95 4341.03 4134.87 4146.67 4635.38 3914.36 4484.62 4453.33 4300 4244.62 4466.67 4248.72 4476.41 4352.31 1603 1740 5.123 0 0 0 0 
88 4279.49 4347.69 4144.62 4149.23 4634.87 3913.33 4480.51 4451.79 4302.05 4243.59 4463.59 4249.23 4474.87 4353.85 1604 1740 5.123 0 0 0 0 
89 4280.51 4349.74 4146.15 4153.33 4630.26 3911.28 4474.87 4451.79 4301.03 4245.13 4469.74 4249.74 4481.54 4350.26 1604 1739 5.138 0 0 0 0 
90 4269.23 4339.49 4133.33 4142.56 4627.18 3908.21 4480 4445.64 4289.74 4233.33 4465.64 4238.97 4472.31 4342.05 1603 1739 5.138 0 0 0 0 
91 4254.87 4328.72 4127.18 4132.31 4624.1 3900.51 4472.82 4433.85 4277.44 4215.38 4455.9 4230.26 4450.26 4331.79 1604 1737 5.154 0 0 0 0 
92 4249.23 4324.62 4130.26 4126.67 4617.44 3890.77 4453.33 4427.18 4271.28 4206.15 4456.92 4237.44 4441.03 4324.1 1603 1735 5.154 0 0 0 0 
