125 4248.21 4318.97 4150.77 4136.92 4624.62 3894.87 4457.44 4428.21 4284.62 4232.31 4466.67 4250.77 4451.28 4305.64 1606 1730 0.046 0 0 0 0 
126 4237.44 4315.38 4144.62 4135.9 4612.31 3889.74 4452.31 4426.67 4278.97 4219.49 4464.62 4236.41 4449.23 4292.82 1607 1730 0.062 0 0 0 0 
127 4231.79 4312.82 4135.38 4129.23 4607.18 3881.54 4436.92 4423.08 4272.82 4209.74 4458.46 4235.9 4444.62 4289.23 1607 1728 0.062 0 0 0 0 
128 4230.26 4306.67 4122.56 4123.59 4617.95 3880.51 4434.87 4417.44 4268.72 4209.74 4455.38 4234.87 4432.82 4287.18 1606 1729 0.078 0 0 0 0 
0 4228.21 4304.1 4119.49 4127.18 4621.54 3886.67 4446.15 4416.41 4268.72 4213.85 4457.44 4229.74 4429.74 4279.49 1606 1729 0.093 0 0 0 0 
1 4230.26 4310.77 4129.23 4133.33 4618.97 3893.33 4456.41 4423.08 4275.38 4219.49 4461.54 4234.87 4438.97 4285.13 1606 1731 0.093 0 0 0 0 
2 4229.74 4311.79 4130.26 4127.69 4619.49 3895.9 4457.95 4427.18 4275.9 4217.44 4460.51 4238.97 4442.56 4292.31 1606 1731 0.093 0 0 0 0 
3 4227.69 4307.69 4124.62 4125.64 4615.9 3895.38 4455.9 4423.59 4271.28 4212.31 4455.38 4234.87 4433.85 4283.08 1605 1732 0.109 0 0 0 0 
4 4229.74 4310.26 4127.18 4127.69 4610.77 3892.82 4458.46 4421.03 4270.77 4213.33 4455.38 4230.26 4429.23 4275.9 1605 1731 0.124 0 0 0 0 
5 4226.67 4308.21 4125.64 4117.95 4609.74 3888.21 4451.28 4422.05 4270.26 4213.33 4458.46 4228.21 4431.79 4280 1604 1734 0.124 0 0 0 0 
6 4216.41 4300 4117.44 4113.33 4607.69 3882.56 4436.41 4416.92 4264.1 4205.13 4452.31 4227.18 4425.64 4275.38 1603 1734 0.14 0 0 0 0 
7 4212.82 4300 4114.87 4116.41 4606.15 3876.41 4430.77 4407.69 4258.97 4197.95 4445.13 4225.64 4412.31 4261.03 1603 1735 0.14 0 0 0 0 
8 4217.44 4301.54 4117.95 4115.38 4606.15 3876.41 4433.33 4407.69 4260.51 4195.9 4447.18 4221.03 4411.79 4258.97 1602 1735 0.156 0 0 0 0 
9 4220 4297.95 4121.54 4117.44 4604.62 3881.03 4435.9 4414.36 4262.56 4193.85 4453.33 4222.05 4417.44 4265.64 1601 1735 0.156 0 0 0 0 
10 4221.54 4301.03 4127.69 4125.13 4609.23 3885.64 4442.56 4422.56 4266.15 4198.97 4455.38 4230.77 4415.9 4267.69 1601 1735 0.171 0 0 0 0 
11 4221.54 4306.15 4134.87 4127.18 4621.03 3894.36 4456.41 4431.79 4276.41 4210.77 4452.31 4238.97 4418.46 4270.26 1601 1737 0.171 0 0 0 0 
12 4225.13 4306.67 4136.92 4127.69 4623.08 3894.87 4455.9 4433.33 4281.54 4211.79 4456.41 4244.1 4427.18 4278.97 1601 1736 0.187 0 0 0 0 
13 4236.92 4314.36 4144.1 4135.38 4614.36 3887.18 4445.13 4433.85 4282.56 4212.82 4470.77 4245.64 4434.87 4290.77 1600 1738 0.187 0 0 0 0 
14 4233.33 4314.87 4145.13 4132.82 4612.82 3889.23 4449.74 4435.9 4286.15 4220 4470.26 4240 4436.41 4289.74 1601 1737 0.202 0 0 0 0 
15 4217.95 4301.03 4131.79 4121.54 4614.87 3889.74 4457.95 4428.72 4282.05 4216.41 4455.9 4230.26 4431.79 4278.46 1600 1738 0.202 0 0 0 0 
16 4226.67 4301.54 4134.87 4131.79 4611.28 3882.05 4451.79 4427.69 4279.49 4212.31 4455.38 4232.82 4436.92 4278.97 1601 1739 0.218 0 0 0 0 
17 4244.62 4315.9 4150.77 4146.67 4612.31 3882.56 4438.46 4439.49 4293.33 4224.62 4465.64 4248.21 4453.33 4293.85 1601 1737 0.218 0 0 0 0 
18 4245.64 4318.97 4149.74 4143.08 4619.49 3887.69 4436.92 4437.44 4302.05 4234.87 4465.13 4253.85 4462.05 4306.15 1600 1738 0.234 0 0 0 0 
19 4253.85 4323.08 4147.18 4144.62 4623.08 3888.72 4445.13 4427.18 4293.33 4229.74 4461.03 4249.74 4463.08 4315.38 1601 1736 0.234 0 0 0 0 
20 4275.38 4332.82 4156.92 4156.41 4618.97 3889.23 4451.79 4429.23 4287.69 4221.03 4467.18 4250.77 4469.74 4329.74 1601 1734 0.249 0 0 0 0 
21 4287.69 4332.82 4155.9 4155.38 4617.95 3891.79 4456.92 4435.9 4291.79 4219.49 4469.74 4252.82 4476.41 4342.56 1601 1734 0.249 0 0 0 0 
22 4296.92 4333.85 4151.28 4151.79 4616.41 3888.72 4455.9 4430.77 4286.15 4213.85 4462.05 4247.69 4474.36 4348.21 1600 1734 0.265 0 0 0 0 
23 4311.28 4345.64 4160.51 4160 4612.31 3877.44 4443.59 4421.54 4274.36 4202.05 4460 4247.18 4472.82 4357.95 1600 1731 0.265 0 0 0 0 
24 4323.08 4350.77 4165.64 4165.64 4612.31 3867.69 4429.23 4416.41 4267.69 4192.82 4465.64 4253.33 4474.36 4375.38 1599 1730 0.28 0 0 0 0 
25 4331.79 4350.26 4161.54 4157.95 4608.21 3866.15 4420 4405.64 4255.38 4185.13 4462.05 4248.72 4470.26 4386.15 1600 1728 0.28 0 0 0 0 
26 4337.95 4353.33 4161.03 4151.79 4601.03 3864.1 4416.92 4391.79 4240 4174.87 4457.95 4244.1 4466.15 4388.21 1599 1728 0.296 0 0 0 0 
27 4342.56 4355.38 4161.54 4160.51 4601.54 3860 4418.97 4398.46 4244.1 4174.36 4462.05 4253.85 4470.26 4391.28 1600 1729 0.296 0 0 0 0 
28 4350.77 4362.05 4165.64 4173.85 4608.21 3863.08 4416.41 4410.77 4258.46 4187.69 4467.69 4265.13 4484.1 4402.56 1600 1727 0.312 0 0 0 0 
29 4355.38 4374.36 4175.38 4184.1 4616.92 3872.82 4412.82 4405.64 4263.59 4201.54 4473.85 4267.18 4501.54 4414.87 1599 1729 0.312 0 0 0 0 
30 4346.67 4370.77 4178.46 4188.72 4618.97 3874.87 4420 4401.54 4260.51 4202.05 4473.33 4264.1 4501.54 4407.69 1600 1728 0.327 0 0 0 0 
31 4330.77 4355.9 4167.69 4177.44 4612.82 3871.28 4429.23 4411.28 4257.44 4192.82 4463.59 4256.92 4482.56 4382.56 1600 1729 0.327 0 0 0 0 
32 4321.03 4350.77 4158.97 4160.51 4610.77 3872.82 4431.79 4417.44 4258.46 4190.77 4461.54 4250.26 4472.82 4363.08 1600 1731 0.343 0 0 0 0 
33 4315.9 4352.31 4157.44 4160.51 4612.31 3874.87 4430.26 4413.85 4261.03 4194.36 4464.1 4249.74 4474.87 4355.9 1601 1731 0.343 0 0 0 0 
34 4305.64 4346.15 4153.85 4162.05 4609.74 3872.31 4430.77 4413.33 4262.05 4189.74 4461.03 4250.26 4466.67 4349.23 1602 1732 0.358 0 0 0 0 
35 4288.72 4334.87 4147.18 4147.69 4605.64 3868.72 4431.79 4415.38 4260.51 4185.64 4453.33 4247.18 4448.72 4332.31 1600 1734 0.358 0 0 0 0 
36 4277.95 4329.23 4145.13 4140 4605.13 3870.77 4436.92 4417.95 4262.56 4191.28 4452.82 4250.26 4440 4316.41 1603 1735 0.374 0 0 0 0 
37 4277.44 4329.74 4150.26 4150.77 4609.23 3877.95 4443.08 4424.1 4272.82 4202.05 4461.03 4254.87 4451.28 4315.38 1602 1736 0.374 0 0 0 0 
38 4273.33 4328.21 4152.82 4155.9 4615.9 3881.54 4441.54 4428.21 4278.97 4206.15 4463.08 4255.9 4465.64 4314.36 1603 1738 0.39 0 0 0 0 
39 4265.64 4325.64 4153.33 4149.74 4617.95 3882.56 4441.03 4429.23 4281.03 4209.23 4461.03 4258.46 4459.49 4304.1 1603 1738 0.39 0 0 0 0 
40 4263.08 4326.67 4151.79 4149.23 4616.41 3886.67 4449.74 4429.74 4284.1 4215.38 4466.15 4256.92 4445.13 4300.51 1603 1742 0.405 0 0 0 0 
41 4257.95 4327.69 4148.72 4154.36 4620 3891.79 4457.44 4433.33 4288.72 4218.46 4468.72 4249.74 4446.67 4297.95 1604 1741 0.405 0 0 0 0 
42 4250.77 4327.69 4154.36 4158.46 4623.08 3893.33 4454.87 4444.1 4300 4225.13 4464.62 4253.33 4462.56 4293.33 1603 1740 0.421 0 0 0 0 
43 4247.18 4322.05 4160 4157.95 4620 3897.95 4463.08 4448.72 4302.56 4229.74 4465.13 4260 4466.67 4293.33 1604 1737 0.421 0 0 0 0 
44 4238.46 4310.77 4150.26 4148.72 4616.41 3904.1 4488.72 4450.77 4293.33 4221.54 4461.03 4251.79 4452.31 4284.62 1604 1736 0.436 0 0 0 0 
45 4229.23 4310.26 4141.54 4143.59 4616.92 3895.9 4483.59 4468.21 4296.92 4216.41 4455.9 4247.18 4446.15 4273.85 1605 1735 0.436 0 0 0 0 
46 4235.38 4320 4148.72 4152.31 4618.97 3885.64 4451.28 4466.67 4306.15 4222.56 4467.18 4257.44 4461.54 4284.62 1604 1734 0.452 0 0 0 0 
47 4246.15 4324.62 4153.85 4164.1 4622.05 3887.69 4439.49 4420.51 4293.33 4225.13 4474.36 4263.08 4472.82 4301.54 1604 1733 0.452 0 0 0 0 
48 4243.08 4321.54 4147.69 4158.46 4622.05 3887.69 4438.97 4386.15 4276.92 4221.54 4465.13 4254.87 4465.13 4296.41 1604 1732 0.468 0 0 0 0 
49 4234.87 4317.44 4143.59 4143.59 4617.44 3882.56 4433.85 4406.67 4283.59 4222.05 4463.59 4248.21 4461.54 4289.74 1604 1730 0.468 0 0 0 0 
50 4245.13 4317.95 4145.64 4145.64 4616.92 3884.1 4438.97 4442.05 4296.92 4222.05 4467.69 4255.38 4464.62 4300.51 1603 1728 0.483 0 0 0 0 
51 4262.56 4327.18 4143.59 4160 4620 3888.21 4448.72 4443.08 4295.38 4218.46 4465.13 4256.92 4464.1 4315.38 1602 1728 0.483 0 0 0 0 
52 4276.41 4336.41 4144.1 4166.15 4618.97 3886.15 4445.64 4421.54 4284.62 4214.87 4466.15 4249.74 4468.21 4327.18 1604 1728 0.499 0 0 0 0 
53 4301.03 4343.59 4157.44 4170.26 4621.03 3886.15 4441.54 4418.97 4280 4211.79 4473.85 4257.95 4483.59 4348.21 1603 1728 0.499 0 0 0 0 
54 4328.21 4354.36 4171.79 4183.59 4627.18 3890.77 4442.05 4435.38 4286.67 4216.41 4474.87 4272.31 4495.9 4376.41 1603 1728 0.514 0 0 0 0 
55 4334.87 4356.41 4169.23 4185.13 4625.13 3890.77 4440.51 4434.36 4284.1 4217.95 4468.72 4263.59 4491.28 4387.69 1602 1727 0.514 0 0 0 0 
56 4334.36 4351.79 4162.05 4176.92 4618.46 3885.64 4436.41 4424.62 4275.9 4210.26 4468.72 4257.44 4487.18 4385.13 1602 1728 0.53 0 0 0 0 
57 4341.03 4355.38 4168.21 4182.56 4620 3884.1 4436.92 4430.26 4280.51 4210.26 4470.26 4267.18 4493.33 4390.26 1602 1728 0.53 0 0 0 0 
58 4335.9 4355.9 4164.62 4181.54 4622.56 3883.59 4438.46 4432.82 4283.59 4213.85 4462.56 4262.56 4496.92 4391.79 1602 1729 0.546 0 0 0 0 
59 4324.1 4349.74 4151.79 4171.28 4620 3885.13 4437.95 4429.74 4282.05 4210.77 4465.13 4256.92 4495.9 4380.51 1602 1731 0.546 0 0 0 0 
60 4321.03 4347.18 4154.36 4172.82 4624.1 3893.33 4441.54 4434.36 4287.69 4214.87 4473.85 4263.08 4490.77 4367.69 1602 1732 0.561 0 0 0 0 
61 4314.87 4345.13 4162.05 4173.33 4630.26 3897.44 4449.23 4441.54 4295.9 4227.18 4465.13 4262.05 4483.59 4362.56 1602 1733 0.561 0 0 0 0 
62 4309.74 4349.74 4160.51 4173.85 4629.23 3897.95 4455.38 4449.74 4303.59 4232.82 4465.64 4265.64 4499.49 4363.59 1602 1735 0.577 0 0 0 0 
63 4306.67 4357.95 4161.03 4180.51 4623.59 3899.49 4456.92 4453.33 4309.23 4232.82 4477.44 4268.21 4511.28 4352.82 1602 1737 0.577 0 0 0 0 
64 4290.26 4342.05 4156.92 4172.82 4626.15 3898.46 4451.28 4451.79 4314.36 4241.54 4469.74 4253.33 4482.56 4327.69 1602 1739 0.592 0 0 0 0 
65 4271.79 4322.05 4146.15 4161.54 4633.33 3901.54 4450.26 4455.9 4318.97 4248.72 4463.59 4247.69 4469.74 4318.97 1602 1741 0.592 0 0 0 0 
66 4268.21 4324.62 4146.15 4165.13 4633.33 3907.69 4454.36 4464.1 4322.05 4243.08 4474.87 4260.51 4493.33 4321.03 1603 1741 0.608 0 0 0 0 
67 4266.67 4327.18 4152.82 4165.64 4631.28 3908.21 4456.41 4463.08 4324.1 4241.03 4476.92 4258.46 4498.46 4311.79 1601 1742 0.608 0 0 0 0 
68 4259.49 4324.1 4149.23 4160 4633.33 3909.23 4460.51 4459.49 4324.62 4249.23 4471.28 4245.13 4489.23 4301.03 1602 1743 0.624 0 0 0 0 
69 4251.79 4326.15 4143.08 4165.64 4636.92 3913.33 4467.18 4464.62 4325.64 4255.38 4469.74 4245.13 4490.77 4296.41 1602 1741 0.624 0 0 0 0 
70 4244.62 4324.62 4145.64 4168.21 4636.41 3916.92 4473.85 4466.15 4323.08 4247.69 4463.59 4248.21 4481.03 4288.72 1601 1743 0.639 0 0 0 0 
71 4246.67 4318.97 4152.82 4161.03 4637.44 3919.49 4477.44 4474.36 4326.15 4243.59 4466.67 4250.26 4471.79 4286.67 1601 1741 0.639 0 0 0 0 
72 4258.97 4326.15 4156.92 4169.23 4645.64 3920.51 4471.79 4499.49 4346.67 4260 4483.08 4260 4491.28 4296.41 1600 1741 0.655 0 0 0 0 
73 4262.05 4331.79 4158.46 4181.03 4651.79 3923.08 4474.36 4507.18 4357.95 4274.36 4486.15 4267.69 4511.28 4306.67 1601 1740 0.655 0 0 0 0 
74 4256.92 4328.72 4161.03 4182.05 4654.87 3930.26 4486.15 4480 4342.05 4271.79 4476.41 4265.64 4509.23 4310.26 1600 1739 0.67 0 0 0 0 
75 4260 4338.97 4165.13 4190.26 4658.97 3933.33 4478.97 4461.54 4328.21 4268.72 4476.41 4264.1 4505.13 4306.15 1600 1738 0.67 0 0 0 0 
76 4262.56 4350.26 4166.67 4197.44 4659.49 3930.77 4464.1 4475.9 4338.46 4273.85 4483.08 4266.67 4510.77 4302.56 1599 1737 0.686 0 0 0 0 
77 4261.03 4347.18 4170.26 4195.38 4660 3933.85 4469.74 4494.36 4352.82 4282.05 4484.62 4269.23 4518.97 4311.79 1599 1737 0.686 0 0 0 0 
78 4262.56 4345.64 4172.31 4196.41 4665.64 3941.03 4483.59 4495.9 4352.82 4286.67 4488.21 4271.28 4522.56 4320.51 1599 1737 0.702 0 0 0 0 
79 4264.1 4350.26 4170.26 4196.41 4667.69 3943.08 4486.67 4491.28 4348.72 4282.56 4490.77 4271.28 4515.9 4311.79 1598 1735 0.702 0 0 0 0 
80 4260 4349.74 4167.18 4190.26 4665.13 3939.49 4478.46 4486.15 4350.26 4278.46 4485.13 4268.21 4509.74 4303.59 1599 1732 0.717 0 0 0 0 
81 4261.03 4348.21 4167.18 4190.26 4663.08 3932.82 4466.67 4472.31 4345.64 4276.92 4482.05 4265.64 4510.77 4304.1 1598 1732 0.717 0 0 0 0 
82 4266.67 4352.31 4171.79 4191.28 4660 3929.23 4463.59 4465.64 4334.87 4271.28 4486.15 4267.18 4511.28 4304.62 1600 1729 0.733 0 0 0 0 
83 4262.05 4346.67 4171.28 4181.54 4660 3931.79 4472.31 4474.87 4333.33 4262.56 4484.62 4267.69 4506.15 4298.97 1599 1727 0.733 0 0 0 0 
84 4250.26 4334.36 4160 4173.85 4666.15 3939.49 4477.95 4481.03 4336.41 4258.97 4473.85 4260 4497.44 4287.18 1601 1726 0.748 0 0 0 0 
85 4245.13 4334.87 4155.38 4173.85 4668.21 3946.15 4477.44 4480 4336.92 4257.95 4469.74 4256.41 4487.18 4278.97 1602 1722 0.748 0 0 0 0 
86 4245.64 4339.49 4161.03 4171.28 4662.56 3940 4470.77 4480.51 4338.97 4258.97 4475.9 4259.49 4483.08 4278.46 1603 1721 0.764 0 0 0 0 
87 4249.74 4341.54 4162.56 4174.36 4663.08 3932.31 4462.56 4481.03 4342.56 4268.21 4481.03 4260 4497.44 4282.05 1603 1721 0.764 0 0 0 0 
88 4256.92 4345.64 4163.59 4189.23 4670.26 3935.9 4463.08 4480 4344.62 4280 4482.05 4262.05 4510.77 4285.13 1604 1723 0.78 0 0 0 0 
89 4258.97 4346.15 4168.21 4191.79 4668.21 3940.51 4466.15 4484.1 4350.26 4282.05 4484.62 4270.26 4508.21 4289.23 1605 1723 0.78 0 0 0 0 
90 4258.46 4345.13 4170.26 4186.67 4667.18 3939.49 4469.23 4493.33 4357.44 4282.56 4487.18 4274.87 4510.77 4293.85 1606 1724 0.795 0 0 0 0 
91 4267.18 4356.41 4169.74 4193.33 4676.92 3941.54 4472.31 4496.92 4358.46 4284.1 4483.08 4269.23 4518.97 4301.54 1609 1723 0.795 0 0 0 0 
92 4275.38 4363.59 4170.26 4197.95 4682.56 3947.69 4473.33 4490.26 4351.28 4277.95 4478.97 4262.05 4514.87 4304.62 1610 1723 0.811 0 0 0 0 
93 4285.13 4363.59 4174.36 4200.51 4681.03 3946.67 4470.77 4487.69 4348.72 4276.41 4484.1 4264.62 4515.9 4312.82 1613 1720 0.811 0 0 0 0 
94 4304.1 4375.9 4182.56 4214.36 4682.56 3942.56 4472.82 4493.33 4354.36 4281.03 4486.15 4273.33 4526.15 4334.36 1614 1720 0.826 0 0 0 0 
95 4313.85 4383.08 4184.62 4216.92 4680.51 3943.59 4483.08 4496.92 4352.31 4270.26 4479.49 4274.87 4518.46 4347.18 1617 1720 0.826 0 0 0 0 
96 4323.59 4380 4186.67 4210.77 4675.38 3947.18 4487.69 4494.36 4344.1 4258.46 4480.51 4273.33 4516.41 4360 1617 1720 0.842 0 0 0 0 
97 4353.85 4394.36 4201.03 4228.72 4675.9 3941.03 4476.41 4486.67 4345.64 4268.72 4493.33 4284.1 4550.26 4397.95 1619 1722 0.842 0 0 0 0 
98 4384.62 4412.82 4212.31 4247.69 4681.03 3936.41 4464.62 4482.05 4357.44 4291.28 4507.18 4301.03 4588.21 4444.1 1620 1723 0.858 0 0 0 0 
99 4395.38 4412.82 4211.28 4244.1 4679.49 3938.46 4468.21 4486.15 4359.49 4296.92 4508.21 4305.13 4600.51 4464.62 1620 1726 0.858 0 0 0 0 
100 4390.77 4400.51 4207.18 4238.46 4667.18 3934.87 4473.85 4493.33 4351.28 4286.15 4496.92 4294.36 4600.51 4466.15 1619 1729 0.873 0 0 0 0 
101 4385.64 4392.31 4206.67 4231.28 4662.05 3926.67 4463.59 4498.46 4352.31 4285.13 4495.9 4286.15 4604.1 4465.64 1618 1734 0.873 0 0 0 0 
102 4383.59 4392.82 4204.62 4224.1 4669.23 3925.13 4448.72 4494.87 4357.95 4296.92 4502.56 4287.69 4608.21 4465.13 1616 1739 0.889 0 0 0 0 
103 4379.49 4389.74 4199.49 4221.54 4663.08 3922.56 4447.18 4478.97 4348.21 4291.28 4497.95 4286.67 4606.67 4461.54 1614 1745 0.889 0 0 0 0 
104 4366.67 4382.05 4193.33 4216.41 4647.69 3914.87 4452.31 4469.74 4332.82 4268.72 4492.82 4277.95 4598.46 4446.67 1612 1748 0.904 0 0 0 0 
105 4356.92 4383.08 4191.79 4217.44 4650.77 3917.95 4456.92 4480.51 4337.95 4271.28 4500 4277.95 4596.41 4435.38 1607 1749 0.904 0 0 0 0 
106 4350.77 4382.56 4192.82 4217.95 4659.49 3931.79 4471.28 4489.74 4346.67 4283.59 4501.54 4281.03 4589.74 4428.21 1605 1751 0.92 0 0 0 0 
107 4334.87 4366.15 4181.03 4201.03 4654.87 3931.79 4479.49 4481.54 4333.33 4268.21 4483.08 4267.18 4563.08 4405.64 1602 1751 0.92 0 0 0 0 
108 4324.1 4359.49 4171.79 4198.46 4651.79 3923.08 4466.67 4478.97 4327.18 4254.87 4472.82 4258.97 4542.56 4389.23 1599 1752 0.936 0 0 0 0 
109 4325.64 4366.15 4178.46 4213.33 4658.97 3921.03 4451.28 4489.23 4345.64 4270.26 4488.72 4272.31 4551.28 4392.82 1597 1751 0.936 0 0 0 0 
110 4316.41 4358.46 4176.92 4194.87 4658.97 3920 4446.67 4483.08 4349.23 4277.95 4492.82 4275.38 4555.9 4380.51 1592 1750 0.951 0 0 0 0 
111 4297.44 4340 4162.56 4173.85 4649.74 3917.95 4451.28 4470.77 4334.36 4265.13 4474.36 4264.62 4528.21 4351.28 1591 1748 0.951 0 0 0 0 
112 4291.28 4333.85 4159.49 4187.69 4649.74 3921.54 4453.85 4480.51 4340 4265.64 4473.33 4264.1 4508.72 4340.51 1588 1746 0.967 0 0 0 0 
113 4294.36 4340.51 4172.31 4201.54 4656.92 3927.18 4450.77 4487.69 4353.33 4281.54 4490.26 4268.72 4524.62 4341.54 1586 1744 0.967 0 0 0 0 
114 4290.77 4342.05 4180 4192.31 4661.03 3930.26 4454.87 4477.44 4351.28 4285.64 4491.28 4268.21 4538.46 4337.95 1584 1742 0.982 0 0 0 0 
115 4285.13 4334.87 4168.72 4182.05 4661.03 3930.77 4460.51 4475.9 4347.18 4277.44 4485.64 4270.26 4535.38 4334.87 1583 1739 0.982 0 0 0 0 
116 4276.41 4328.72 4160 4180 4661.03 3928.21 4459.49 4485.13 4348.72 4274.36 4486.15 4268.21 4527.18 4324.62 1583 1735 0.998 0 0 0 0 
117 4264.62 4321.54 4165.13 4178.46 4657.95 3924.62 4456.92 4483.08 4349.23 4273.33 4480 4258.97 4514.36 4305.64 1584 1732 0.998 0 0 0 0 
118 4261.54 4313.85 4166.15 4168.72 4653.85 3924.62 4455.38 4480.51 4347.69 4268.72 4473.85 4254.36 4505.64 4297.95 1585 1732 1.014 0 0 0 0 
119 4259.49 4310.26 4153.85 4152.31 4654.87 3923.59 4451.79 4476.92 4340.51 4262.05 4471.79 4254.87 4500 4296.41 1587 1730 1.014 0 0 0 0 
120 4249.23 4307.69 4144.62 4151.28 4657.44 3917.95 4445.13 4457.44 4328.21 4255.38 4470.26 4253.85 4493.33 4285.13 1588 1729 1.029 0 0 0 0 
121 4247.18 4306.15 4146.15 4160.51 4653.33 3906.67 4428.21 4441.54 4321.54 4249.74 4474.36 4251.79 4492.31 4279.49 1591 1727 1.029 0 0 0 0 
122 4250.77 4308.72 4145.64 4158.97 4650.26 3901.54 4418.97 4446.67 4324.62 4251.28 4476.92 4251.79 4496.92 4281.03 1592 1726 1.045 0 0 0 0 
123 4240 4306.15 4138.97 4152.31 4656.41 3913.85 4437.44 4457.44 4329.74 4255.9 4468.72 4250.77 4489.74 4270.26 1595 1726 1.045 0 0 0 0 
124 4232.82 4303.59 4134.87 4151.28 4656.41 3925.64 4450.77 4460.51 4328.21 4251.28 4464.62 4247.18 4474.36 4255.9 1598 1726 1.06 0 0 0 0 
125 4238.46 4304.62 4141.03 4149.74 4651.79 3919.49 4438.46 4465.64 4327.69 4247.69 4472.82 4250.77 4473.85 4260 1601 1728 1.06 0 0 0 0 
126 4235.9 4298.97 4147.18 4144.62 4658.46 3913.33 4430.77 4474.87 4337.44 4257.95 4476.41 4262.05 4484.62 4272.82 1603 1727 1.076 0 0 0 0 
127 4233.85 4298.97 4148.21 4145.64 4660 3916.41 4432.82 4469.23 4334.36 4261.03 4471.79 4263.59 4484.1 4270.26 1605 1728 1.076 0 0 0 0 
128 4244.1 4310.26 4151.79 4147.69 4653.85 3917.44 4434.36 4457.95 4323.59 4253.85 4474.36 4260.51 4477.95 4265.64 1608 1728 1.092 0 0 0 0 
0 4244.62 4306.67 4151.28 4144.62 4655.9 3911.79 4432.82 4460.51 4328.72 4257.44 4481.03 4264.62 4485.13 4271.28 1610 1728 1.092 0 0 0 0 
1 4238.97 4293.85 4149.23 4138.46 4655.9 3907.69 4430.77 4463.59 4333.33 4260 4476.92 4267.69 4489.74 4276.92 1613 1728 1.107 0 0 0 0 
2 4247.18 4297.95 4155.9 4141.54 4654.87 3914.36 4437.44 4465.13 4330.77 4258.46 4473.33 4266.67 4489.74 4282.05 1615 1730 1.107 0 0 0 0 
3 4258.97 4310.77 4163.08 4153.33 4657.44 3921.54 4442.56 4471.28 4336.41 4266.15 4478.97 4271.28 4501.03 4293.85 1616 1730 1.123 0 0 0 0 
4 4267.18 4315.9 4163.08 4162.05 4654.87 3915.9 4433.85 4473.33 4340.51 4269.74 4476.92 4274.36 4509.23 4306.67 1616 1731 1.123 0 0 0 0 
5 4283.59 4316.92 4161.54 4163.59 4650.77 3909.23 4430.26 4462.05 4327.69 4256.92 4469.74 4271.79 4503.59 4318.46 1617 1732 1.138 0 0 0 0 
6 4300 4322.05 4164.1 4165.13 4653.33 3910.77 4437.95 4456.41 4319.49 4251.28 4475.9 4270.77 4501.03 4333.85 1615 1733 1.138 0 0 0 0 
7 4316.41 4335.9 4174.87 4175.9 4663.59 3911.28 4433.85 4468.72 4331.28 4264.62 4487.69 4275.38 4520 4353.33 1615 1735 1.154 0 0 0 0 
8 4338.46 4344.1 4184.62 4185.64 4668.21 3907.69 4423.59 4474.36 4335.38 4268.72 4486.67 4286.15 4537.95 4374.36 1613 1735 1.154 0 0 0 0 
9 4352.82 4333.85 4184.62 4185.13 4660 3908.72 4430.26 4472.31 4327.18 4257.95 4482.56 4295.38 4529.74 4392.82 1610 1737 1.17 0 0 0 0 
10 4361.54 4327.18 4186.15 4193.85 4658.46 3913.85 4439.49 4475.9 4323.59 4251.28 4485.13 4293.33 4526.15 4409.74 1609 1737 1.17 0 0 0 0 
11 4369.74 4324.1 4192.31 4202.05 4662.05 3909.23 4426.67 4460 4312.31 4243.59 4485.64 4283.59 4538.97 4421.03 1605 1738 1.185 0 0 0 0 
12 4372.31 4313.85 4190.77 4194.36 4655.9 3900 4410.77 4429.23 4295.38 4232.31 4484.62 4281.54 4537.95 4418.97 1605 1738 1.185 0 0 0 0 
13 4371.28 4309.74 4187.69 4191.79 4654.87 3904.1 4415.9 4432.82 4301.03 4235.9 4481.54 4283.59 4525.64 4409.74 1603 1736 1.201 0 0 0 0 
14 4373.33 4309.23 4193.85 4204.1 4665.13 3913.85 4423.08 4460 4317.95 4247.69 4480.51 4282.05 4530.77 4414.87 1601 1735 1.201 0 0 0 0 
15 4374.36 4305.64 4201.54 4214.87 4667.18 3914.36 4417.95 4465.13 4321.54 4252.31 4487.69 4284.1 4542.05 4421.54 1601 1734 1.216 0 0 0 0 
16 4362.05 4300 4197.95 4214.36 4665.13 3912.82 4415.9 4458.46 4321.03 4251.28 4493.33 4284.1 4532.31 4405.64 1602 1732 1.216 0 0 0 0 
17 4347.18 4289.23 4190.77 4205.13 4669.74 3913.33 4418.97 4462.56 4323.59 4246.67 4487.18 4276.41 4518.97 4386.15 1601 1732 1.232 0 0 0 0 
18 4341.54 4280.51 4188.72 4195.9 4668.72 3907.69 4413.33 4466.67 4325.13 4243.59 4477.95 4273.85 4514.36 4377.95 1601 1731 1.232 0 0 0 0 
19 4334.87 4282.05 4185.13 4198.97 4664.62 3907.69 4413.33 4461.54 4329.74 4252.31 4478.97 4272.31 4512.82 4368.21 1601 1729 1.248 0 0 0 0 
20 4327.18 4285.13 4185.64 4204.62 4675.38 3921.03 4425.13 4462.56 4341.54 4267.18 4486.15 4270.77 4516.92 4357.44 1600 1729 1.248 0 0 0 0 
21 4325.64 4284.1 4194.36 4202.56 4678.46 3926.67 4426.15 4471.79 4347.69 4272.82 4488.21 4273.33 4522.56 4351.79 1600 1728 1.263 0 0 0 0 
22 4309.74 4276.92 4189.74 4197.95 4668.21 3925.13 4431.79 4475.9 4340.51 4261.54 4479.49 4270.26 4511.28 4337.44 1599 1728 1.263 0 0 0 0 
23 4284.1 4263.08 4174.36 4183.59 4669.74 3930.26 4440 4478.46 4336.92 4253.33 4469.74 4260 4494.87 4319.49 1600 1729 1.279 0 0 0 0 
24 4280 4253.85 4168.72 4170.77 4675.9 3925.13 4423.08 4470.26 4340 4257.44 4471.28 4260 4492.31 4312.82 1600 1729 1.279 0 0 0 0 
25 4282.56 4253.85 4168.21 4177.95 4673.33 3914.87 4410.26 4453.33 4338.97 4260.51 4476.41 4262.56 4490.26 4305.64 1599 1729 1.294 0 0 0 0 
26 4273.33 4252.82 4166.15 4185.13 4673.33 3924.1 4428.72 4467.69 4344.1 4266.15 4479.49 4262.56 4489.74 4296.41 1599 1726 1.294 0 0 0 0 
27 4267.69 4248.21 4165.13 4178.46 4676.41 3935.38 4438.97 4492.82 4358.46 4276.92 4481.54 4267.69 4496.41 4293.85 1598 1724 1.31 0 0 0 0 
28 4264.62 4245.64 4161.54 4173.85 4669.74 3927.69 4430.77 4482.05 4357.95 4273.85 4481.03 4265.64 4493.85 4286.67 1597 1721 1.31 0 0 0 0 
29 4252.31 4242.56 4154.36 4166.15 4664.62 3920.51 4429.23 4463.59 4340 4255.9 4471.79 4254.87 4478.46 4270.77 1598 1720 1.326 0 0 0 0 
30 4244.62 4235.38 4155.9 4149.23 4668.21 3917.95 4421.54 4461.54 4333.85 4249.74 4466.15 4255.9 4471.28 4264.62 1598 1719 1.326 0 0 0 0 
31 4244.62 4230.77 4159.49 4144.1 4668.21 3908.72 4401.54 4456.92 4337.95 4256.92 4470.77 4261.54 4475.38 4266.67 1597 1719 1.341 0 0 0 0 
32 4238.97 4230.77 4153.85 4151.28 4660.51 3901.03 4394.87 4443.08 4325.64 4248.72 4466.15 4253.85 4464.62 4257.95 1598 1716 1.341 0 0 0 0 
33 4233.85 4228.72 4145.64 4143.08 4649.74 3900.51 4401.54 4437.44 4305.13 4224.1 4456.92 4245.64 4445.13 4246.67 1597 1717 1.357 0 0 0 0 
34 4232.82 4220.51 4148.21 4128.72 4647.69 3900 4401.54 4440 4305.13 4217.44 4458.46 4251.28 4443.59 4249.23 1597 1718 1.357 0 0 0 0 
35 4232.31 4215.38 4155.9 4134.36 4652.31 3898.46 4394.87 4444.62 4313.33 4229.74 4463.08 4258.46 4451.28 4251.79 1596 1719 1.372 0 0 0 0 
36 4228.72 4215.9 4152.31 4142.05 4651.28 3898.97 4395.38 4445.13 4311.79 4233.85 4461.03 4253.33 4442.56 4243.59 1596 1723 1.372 0 0 0 0 
37 4224.62 4219.49 4148.21 4136.41 4648.21 3901.03 4401.54 4444.62 4310.26 4234.87 4461.03 4247.69 4434.36 4238.46 1596 1726 1.388 0 0 0 0 
38 4223.59 4222.05 4151.28 4127.69 4649.23 3898.97 4398.46 4448.21 4314.87 4241.54 4463.59 4252.82 4446.15 4239.49 1596 1729 1.388 0 0 0 0 
39 4224.62 4220.51 4148.72 4127.69 4650.77 3895.9 4387.18 4447.69 4317.44 4243.08 4463.59 4256.92 4452.82 4231.28 1597 1732 1.404 0 0 0 0 
40 4222.05 4216.92 4142.05 4130.26 4649.74 3898.46 4386.67 4447.18 4315.9 4238.46 4464.62 4252.82 4446.67 4216.92 1596 1736 1.404 0 0 0 0 
41 4218.46 4215.38 4143.08 4131.79 4646.67 3898.46 4390.26 4447.18 4310.26 4231.79 4463.59 4251.28 4442.56 4209.23 1597 1740 1.419 0 0 0 0 
42 4220 4217.44 4147.69 4136.92 4643.08 3894.36 4389.74 4445.64 4309.23 4226.67 4462.56 4254.87 4438.97 4203.59 1599 1749 1.419 0 0 0 0 
43 4223.59 4223.08 4148.72 4143.08 4642.56 3900 4394.36 4448.72 4320.51 4231.79 4468.72 4255.9 4438.97 4195.38 1599 1752 1.435 0 0 0 0 
44 4223.08 4225.64 4146.67 4142.05 4645.64 3906.67 4402.56 4456.92 4327.18 4236.41 4472.82 4253.33 4444.62 4187.69 1600 1756 1.435 0 0 0 0 
45 4227.18 4226.67 4147.69 4145.13 4647.69 3908.21 4406.67 4463.59 4325.64 4238.46 4471.28 4257.44 4447.18 4190.26 1602 1759 1.45 0 0 0 0 
46 4242.56 4232.82 4156.92 4154.36 4648.72 3913.33 4411.79 4464.62 4330.26 4248.72 4474.36 4267.18 4452.31 4202.05 1602 1760 1.45 0 0 0 0 
47 4257.95 4239.49 4166.67 4155.9 4646.67 3913.85 4410.26 4460 4333.33 4252.82 4476.41 4269.74 4458.46 4212.31 1603 1760 1.466 0 0 0 0 
48 4273.33 4244.1 4174.36 4161.03 4641.54 3905.64 4399.49 4457.95 4328.21 4243.59 4475.38 4272.31 4461.03 4222.05 1603 1762 1.466 0 0 0 0 
49 4291.28 4249.74 4181.54 4175.9 4642.05 3901.54 4395.38 4453.33 4319.49 4237.44 4478.46 4276.92 4473.33 4234.87 1604 1760 1.482 0 0 0 0 
50 4300.51 4254.36 4181.54 4172.82 4641.54 3901.03 4395.9 4445.13 4309.74 4230.26 4477.95 4271.28 4478.97 4241.54 1603 1760 1.482 0 0 0 0 
51 4301.03 4255.38 4182.05 4162.56 4636.41 3898.46 4390.26 4446.67 4306.67 4218.97 4473.33 4266.67 4464.1 4238.46 1605 1758 1.497 0 0 0 0 
52 4297.44 4252.31 4178.46 4166.15 4632.82 3892.82 4381.54 4447.18 4307.69 4217.44 4475.38 4264.62 4459.49 4230.26 1603 1755 1.497 0 0 0 0 
53 4293.85 4253.33 4170.77 4176.92 4634.87 3894.87 4381.54 4444.62 4313.33 4225.13 4480 4262.05 4472.82 4220 1605 1752 1.513 0 0 0 0 
54 4296.92 4262.05 4180.51 4188.72 4642.56 3905.64 4392.31 4452.82 4322.05 4232.31 4482.56 4269.74 4483.59 4218.97 1604 1749 1.513 0 0 0 0 
55 4303.08 4265.64 4194.36 4196.41 4645.64 3910.26 4403.08 4461.03 4326.67 4236.92 4484.62 4280 4487.69 4225.13 1604 1750 1.528 0 0 0 0 
56 4303.08 4262.56 4185.64 4194.87 4640.51 3904.1 4404.1 4456.92 4322.05 4233.33 4479.49 4272.82 4483.59 4215.38 1604 1748 1.528 0 0 0 0 
57 4297.95 4259.49 4171.28 4183.08 4635.38 3897.95 4396.41 4450.77 4312.31 4221.03 4472.82 4262.56 4472.82 4201.54 1605 1745 1.544 0 0 0 0 
58 4305.13 4261.54 4180 4181.03 4638.97 3900 4390.26 4451.28 4312.82 4224.1 4478.46 4270.77 4477.95 4211.79 1604 1741 1.544 0 0 0 0 
59 4323.08 4264.62 4191.79 4193.33 4639.49 3902.56 4392.31 4441.03 4314.87 4229.74 4483.08 4282.56 4489.23 4225.64 1603 1736 1.56 0 0 0 0 
60 4328.21 4263.08 4184.1 4197.95 4635.9 3898.46 4397.95 4430.77 4307.69 4215.9 4478.97 4278.97 4483.08 4220.51 1604 1732 1.56 0 0 0 0 
61 4328.21 4267.18 4180.51 4195.9 4638.97 3896.92 4405.13 4444.62 4305.13 4209.74 4476.41 4274.87 4476.41 4219.49 1603 1730 1.575 0 0 0 0 
62 4342.56 4276.92 4195.38 4200.51 4641.03 3896.92 4401.54 4456.41 4312.82 4219.49 4480.51 4285.64 4483.59 4229.74 1603 1728 1.575 0 0 0 0 
63 4356.41 4281.03 4205.64 4207.18 4637.44 3888.21 4380.51 4442.05 4315.38 4229.23 4484.62 4291.79 4501.03 4236.41 1601 1728 1.591 0 0 0 0 
64 4352.82 4284.1 4200 4209.23 4636.41 3878.97 4367.69 4427.69 4311.28 4231.28 4485.13 4286.15 4513.33 4236.41 1602 1728 1.591 0 0 0 0 
65 4345.13 4286.67 4196.41 4213.33 4640 3884.62 4382.05 4430.77 4312.82 4232.82 4483.08 4283.08 4511.28 4227.18 1602 1727 1.606 0 0 0 0 
66 4339.49 4281.54 4198.46 4207.18 4642.05 3897.44 4397.44 4435.38 4317.44 4238.97 4482.56 4284.62 4508.21 4209.74 1601 1727 1.606 0 0 0 0 
67 4327.69 4275.38 4190.26 4189.23 4639.49 3897.95 4392.82 4432.82 4312.82 4240.51 4482.56 4278.46 4504.62 4190.26 1601 1728 1.622 0 0 0 0 
68 4314.36 4270.77 4181.03 4187.18 4638.97 3891.28 4387.18 4430.26 4306.15 4229.74 4483.08 4269.74 4491.28 4173.85 1600 1731 1.622 0 0 0 0 
69 4306.15 4264.62 4182.56 4196.92 4642.56 3896.92 4398.46 4432.31 4309.74 4222.56 4476.92 4270.77 4478.97 4162.56 1601 1732 1.638 0 0 0 0 
70 4293.33 4264.62 4185.13 4197.44 4642.56 3907.69 4410.77 4436.41 4310.26 4223.08 4465.13 4267.69 4472.31 4141.03 1600 1733 1.638 0 0 0 0 
71 4275.38 4257.95 4173.85 4185.64 4640 3907.18 4407.69 4433.85 4304.1 4215.38 4462.56 4253.33 4454.36 4110.77 1601 1734 1.653 0 0 0 0 
72 4263.59 4240.51 4166.67 4171.28 4637.44 3901.54 4401.54 4433.85 4306.67 4210.77 4470.77 4252.82 4441.54 4098.97 1600 1734 1.653 0 0 0 0 
73 4255.38 4232.82 4170.26 4161.03 4627.18 3898.97 4405.13 4438.97 4311.79 4218.46 4472.31 4259.49 4443.59 4092.82 1601 1734 1.669 0 0 0 0 
74 4244.1 4228.72 4163.08 4158.97 4618.46 3896.92 4406.67 4434.87 4306.15 4222.56 4468.21 4252.31 4441.54 4069.23 1601 1734 1.669 0 0 0 0 
75 4238.46 4223.59 4155.9 4167.69 4621.54 3891.79 4397.44 4430.77 4304.62 4223.59 4469.74 4248.72 4440 4055.9 1602 1735 1.684 0 0 0 0 
76 4235.9 4226.67 4160 4170.77 4624.1 3889.23 4391.79 4437.95 4312.31 4229.74 4470.26 4256.41 4440.51 4056.41 1602 1733 1.684 0 0 0 0 
77 4225.13 4226.67 4157.95 4158.97 4622.05 3890.77 4391.79 4439.49 4313.33 4232.82 4465.13 4251.79 4437.95 4035.9 1603 1734 1.7 0 0 0 0 
78 4217.95 4221.03 4151.28 4154.87 4622.56 3891.79 4390.26 4434.87 4309.74 4225.64 4466.15 4246.67 4439.49 4018.46 1604 1732 1.7 0 0 0 0 
79 4218.46 4218.46 4153.33 4162.05 4625.64 3891.28 4393.33 4436.92 4309.74 4220.51 4469.23 4255.38 4438.97 4023.08 1603 1733 1.716 0 0 0 0 
80 4209.23 4215.9 4150.77 4160 4624.62 3891.28 4403.59 4435.9 4305.64 4220 4463.59 4257.95 4430.26 4014.87 1605 1731 1.716 0 0 0 0 
81 4203.59 4217.44 4146.67 4160.51 4624.1 3896.41 4404.62 4443.08 4307.69 4225.13 4462.56 4252.82 4427.18 4001.54 1605 1731 1.731 0 0 0 0 
82 4212.82 4225.13 4156.41 4166.15 4628.72 3902.05 4398.46 4461.54 4321.54 4236.92 4471.79 4254.87 4436.41 4007.69 1606 1731 1.731 0 0 0 0 
83 4212.82 4221.03 4156.92 4161.54 4629.23 3903.59 4398.46 4450.77 4318.97 4235.9 4466.15 4255.9 4434.87 4005.64 1605 1731 1.747 0 0 0 0 
84 4203.08 4215.9 4148.21 4162.05 4624.62 3900.51 4400 4421.54 4301.03 4223.08 4457.95 4251.28 4423.08 3991.79 1607 1730 1.747 0 0 0 0 
85 4200 4221.03 4151.79 4169.23 4626.15 3899.49 4390.77 4422.56 4299.49 4224.1 4468.21 4253.33 4421.03 3990.77 1605 1731 1.762 0 0 0 0 
86 4204.62 4224.1 4161.03 4170.77 4633.85 3904.1 4388.21 4444.1 4314.36 4237.95 4473.33 4262.56 4431.28 3997.95 1607 1731 1.762 0 0 0 0 
87 4210.26 4226.67 4164.62 4174.87 4635.38 3910.26 4404.62 4453.85 4324.1 4241.54 4468.72 4267.69 4440.51 4000.51 1606 1730 1.778 0 0 0 0 
88 4204.1 4224.62 4158.46 4173.85 4629.23 3913.33 4416.41 4451.28 4321.03 4234.87 4471.28 4262.56 4429.23 3992.31 1605 1732 1.778 0 0 0 0 
89 4191.79 4218.46 4154.36 4167.69 4628.72 3913.33 4416.41 4450.26 4316.41 4230.26 4474.87 4253.85 4418.46 3979.49 1605 1732 1.794 0 0 0 0 
90 4193.85 4223.59 4159.49 4173.33 4632.82 3912.31 4412.82 4453.85 4317.44 4229.23 4471.79 4254.36 4422.05 3978.46 1605 1734 1.794 0 0 0 0 
91 4201.54 4232.82 4165.13 4177.95 4633.33 3909.23 4409.23 4455.38 4320 4238.46 4470.26 4264.1 4427.18 3987.69 1605 1734 1.809 0 0 0 0 
92 4201.54 4226.67 4167.18 4171.28 4633.33 3910.77 4411.28 4457.44 4326.15 4253.33 4472.31 4270.26 4434.87 3992.82 1604 1734 1.809 0 0 0 0 
93 4205.13 4220 4171.79 4174.87 4638.46 3920 4421.03 4464.62 4335.38 4256.92 4472.31 4271.28 4444.62 3992.82 1605 1734 1.825 0 0 0 0 
94 4210.77 4227.18 4173.85 4188.72 4641.54 3929.23 4433.33 4467.69 4332.31 4251.28 4474.87 4269.74 4444.62 3994.87 1605 1734 1.825 0 0 0 0 
95 4215.9 4230.26 4169.74 4190.77 4632.82 3926.15 4433.33 4457.95 4323.08 4246.67 4475.9 4266.15 4436.92 4003.08 1604 1734 1.84 0 0 0 0 
96 4233.85 4229.23 4168.72 4186.15 4625.13 3913.85 4416.92 4448.72 4321.54 4242.05 4473.33 4268.72 4442.05 4016.41 1604 1734 1.84 0 0 0 0 
97 4258.97 4240 4173.85 4195.9 4631.28 3914.87 4416.92 4452.82 4323.59 4241.03 4473.85 4276.92 4451.28 4030.26 1604 1733 1.856 0 0 0 0 
98 4275.9 4253.33 4181.03 4208.72 4636.92 3925.13 4433.33 4462.56 4326.67 4247.69 4478.46 4281.03 4450.26 4045.13 1603 1733 1.856 0 0 0 0 
99 4289.74 4256.92 4188.72 4211.79 4634.87 3921.03 4435.38 4468.21 4331.28 4249.74 4481.54 4289.23 4457.44 4066.67 1604 1732 1.872 0 0 0 0 
100 4312.82 4266.67 4197.44 4221.03 4635.9 3913.33 4424.1 4465.64 4329.23 4246.15 4483.08 4301.03 4474.36 4093.33 1603 1731 1.872 0 0 0 0 
101 4330.77 4274.87 4200 4229.74 4633.33 3913.33 4418.97 4444.62 4312.31 4240.51 4480.51 4294.87 4477.44 4104.62 1604 1730 1.887 0 0 0 0 
102 4332.82 4271.28 4194.87 4219.49 4626.67 3909.23 4419.49 4422.56 4293.33 4224.62 4473.33 4280 4461.54 4098.97 1604 1730 1.887 0 0 0 0 
103 4335.38 4275.9 4193.33 4214.36 4630.26 3906.15 4416.41 4427.18 4296.41 4221.03 4480.51 4283.08 4464.62 4106.67 1604 1730 1.903 0 0 0 0 
104 4346.67 4291.28 4200.51 4234.36 4640 3912.82 4411.79 4444.62 4317.95 4243.59 4492.31 4293.85 4487.69 4121.54 1604 1731 1.903 0 0 0 0 
105 4344.1 4291.79 4197.95 4241.54 4639.49 3914.87 4407.69 4448.72 4327.18 4254.36 4484.1 4288.21 4483.08 4112.31 1605 1733 1.918 0 0 0 0 
106 4325.13 4276.92 4182.05 4222.05 4630.26 3906.67 4404.1 4438.46 4308.21 4230.26 4469.74 4273.33 4455.9 4085.13 1605 1733 1.918 0 0 0 0 
107 4308.72 4267.69 4175.38 4209.23 4624.62 3900.51 4401.03 4427.69 4291.79 4212.82 4468.21 4265.64 4446.15 4064.62 1604 1736 1.934 0 0 0 0 
108 4295.38 4264.1 4171.79 4206.15 4622.05 3900 4403.59 4424.1 4292.31 4216.41 4464.62 4264.1 4443.59 4049.23 1605 1735 1.934 0 0 0 0 
109 4276.41 4255.9 4158.97 4197.95 4618.97 3899.49 4406.15 4426.67 4293.85 4212.31 4460.51 4260.51 4429.23 4027.69 1604 1736 1.95 0 0 0 0 
110 4265.13 4249.74 4150.26 4190.26 4621.54 3895.38 4399.49 4427.18 4292.82 4206.15 4464.62 4257.95 4420.51 4011.28 1605 1736 1.95 0 0 0 0 
111 4264.1 4245.13 4152.31 4182.05 4623.59 3894.36 4398.46 4428.21 4297.95 4212.82 4465.64 4260.51 4420.51 4004.1 1604 1736 1.965 0 0 0 0 
112 4257.95 4242.56 4156.92 4178.97 4626.15 3904.1 4410.26 4439.49 4310.26 4225.64 4467.18 4264.1 4420 3999.49 1604 1736 1.965 0 0 0 0 
113 4247.69 4242.05 4154.87 4187.69 4627.69 3906.67 4411.79 4442.05 4308.72 4223.08 4467.18 4262.56 4417.44 3986.15 1603 1738 1.981 0 0 0 0 
114 4238.46 4235.9 4149.23 4184.62 4621.54 3897.44 4406.67 4432.82 4298.46 4210.26 4457.44 4258.97 4409.74 3969.74 1604 1739 1.981 0 0 0 0 
115 4228.21 4229.74 4147.18 4168.72 4620 3899.49 4414.87 4438.97 4306.15 4219.49 4457.95 4257.95 4408.21 3963.08 1602 1740 1.996 0 0 0 0 
116 4221.54 4233.85 4149.74 4172.82 4627.18 3909.74 4423.08 4453.85 4319.49 4235.9 4468.72 4261.03 4414.87 3960 1603 1741 1.996 0 0 0 0 
117 4222.05 4236.92 4155.38 4185.64 4624.62 3908.72 4419.49 4453.33 4316.41 4231.28 4470.26 4265.13 4416.92 3953.33 1602 1740 2.012 0 0 0 0 
118 4222.05 4232.31 4155.9 4176.92 4618.97 3902.56 4416.92 4447.69 4312.82 4227.18 4466.15 4264.1 4416.92 3949.23 1601 1741 2.012 0 0 0 0 
119 4217.44 4227.18 4149.74 4164.1 4625.13 3902.05 4412.82 4451.28 4317.95 4237.44 4467.18 4260.51 4415.9 3949.23 1601 1739 2.028 0 0 0 0 
120 4214.36 4220 4144.1 4168.21 4626.15 3900 4405.13 4453.85 4313.85 4233.85 4467.69 4254.87 4407.18 3945.13 1600 1740 2.028 0 0 0 0 
121 4211.28 4210.77 4146.15 4163.08 4612.82 3892.31 4402.05 4449.23 4302.56 4218.46 4462.56 4250.77 4398.97 3937.44 1600 1740 2.043 0 0 0 0 
122 4208.21 4210.77 4152.82 4152.31 4609.23 3890.26 4403.59 4446.15 4303.59 4218.97 4457.95 4257.44 4403.08 3937.44 1600 1740 2.043 0 0 0 0 
123 4205.64 4213.85 4152.82 4156.41 4612.31 3889.74 4396.41 4443.08 4305.13 4221.03 4457.44 4262.56 4404.62 3936.92 1599 1740 2.059 0 0 0 0 
124 4201.03 4210.26 4147.18 4160 4604.62 3886.67 4396.41 4440 4299.49 4213.85 4458.97 4256.92 4395.38 3927.18 1598 1738 2.059 0 0 0 0 
125 4203.59 4210.77 4149.23 4158.46 4603.59 3889.74 4413.33 4443.59 4303.08 4217.44 4460.51 4257.95 4395.9 3924.62 1597 1738 2.074 0 0 0 0 
126 4205.64 4215.38 4151.28 4158.46 4615.38 3893.33 4411.28 4439.49 4309.74 4226.15 4462.05 4262.05 4404.62 3930.26 1596 1738 2.074 0 0 0 0 
127 4200.51 4215.38 4147.69 4156.92 4618.46 3889.23 4394.36 4421.03 4305.13 4222.56 4462.56 4255.9 4403.59 3927.69 1596 1738 2.09 0 0 0 0 
128 4196.41 4212.31 4150.77 4150.26 4612.31 3892.31 4398.97 4413.85 4300.51 4214.87 4461.54 4252.82 4396.41 3920 1597 1737 2.09 0 0 0 0 
0 4202.05 4215.38 4157.95 4153.33 4613.85 3901.54 4409.23 4427.69 4313.85 4226.67 4465.64 4262.05 4404.1 3921.03 1596 1738 2.106 0 0 0 0 
1 4203.59 4218.97 4155.9 4163.08 4619.49 3900.51 4402.56 4435.9 4322.05 4239.49 4468.21 4266.15 4419.49 3921.54 1598 1736 2.106 0 0 0 0 
2 4194.87 4215.38 4145.13 4158.46 4614.87 3894.87 4401.03 4426.15 4307.69 4226.15 4461.54 4253.33 4413.85 3908.72 1597 1737 2.121 0 0 0 0 
3 4191.79 4214.87 4143.08 4149.74 4607.69 3893.33 4402.56 4424.1 4300.51 4213.85 4457.95 4245.64 4402.05 3899.49 1597 1738 2.121 0 0 0 0 
4 4194.87 4217.95 4147.18 4152.31 4606.67 3891.28 4391.79 4429.23 4306.15 4223.08 4461.54 4252.31 4400.51 3902.56 1598 1738 2.137 0 0 0 0 
5 4189.23 4214.87 4141.03 4156.92 4607.69 3886.15 4384.62 4421.54 4300 4222.56 4455.9 4252.31 4399.49 3898.97 1597 1739 2.137 0 0 0 0 
6 4180 4207.69 4129.74 4149.23 4602.56 3881.54 4389.23 4409.23 4287.18 4208.72 4449.23 4239.49 4395.38 3886.15 1597 1738 2.152 0 0 0 0 
7 4182.05 4207.18 4129.74 4143.59 4597.44 3880 4390.77 4408.72 4281.54 4201.03 4452.31 4233.85 4394.36 3882.56 1597 1739 2.152 0 0 0 0 
8 4188.72 4209.74 4133.85 4142.56 4600 3880.51 4383.59 4412.31 4277.95 4199.49 4455.9 4240 4394.36 3887.69 1597 1738 2.168 0 0 0 0 
9 4197.44 4211.79 4134.87 4142.05 4601.03 3880 4375.9 4411.79 4280.51 4200.51 4456.92 4245.64 4398.46 3901.03 1597 1739 2.168 0 0 0 0 
10 4216.41 4218.97 4139.49 4149.74 4595.38 3877.44 4378.46 4413.85 4285.13 4198.46 4456.41 4249.74 4404.1 3918.97 1597 1738 2.184 0 0 0 0 
11 4234.36 4227.18 4149.23 4163.08 4592.31 3878.46 4386.15 4423.08 4285.64 4195.9 4460 4258.97 4413.85 3935.38 1596 1738 2.184 0 0 0 0 
12 4249.23 4235.9 4154.87 4167.69 4595.38 3878.97 4385.13 4422.05 4281.03 4197.95 4465.13 4268.21 4427.69 3953.33 1596 1736 2.202 0 0 0 0 
13 4268.21 4247.18 4153.33 4163.08 4594.87 3872.31 4376.92 4404.62 4264.62 4189.74 4460.51 4265.13 4426.67 3968.21 1595 1734 2.202 0 0 0 0 
14 4287.18 4258.97 4156.41 4168.21 4590.26 3866.15 4373.33 4396.41 4251.28 4177.44 4456.41 4261.03 4423.59 3976.92 1596 1733 2.217 0 0 0 0 
15 4299.49 4266.15 4168.21 4184.62 4590.26 3869.23 4370.26 4403.59 4254.87 4180 4464.1 4270.26 4436.41 3994.87 1594 1729 2.217 0 0 0 0 
16 4308.72 4270.77 4174.87 4194.36 4598.97 3874.36 4371.28 4410.77 4260.51 4186.15 4464.62 4274.87 4436.41 4010.77 1594 1728 2.233 0 0 0 0 
17 4310.77 4275.9 4172.82 4192.31 4606.67 3874.87 4380.51 4422.56 4261.03 4180 4455.9 4267.69 4415.38 4000.51 1594 1727 2.233 0 0 0 0 
18 4309.23 4281.54 4173.33 4198.46 4606.15 3872.82 4381.03 4431.79 4262.05 4175.38 4461.54 4271.28 4410.26 3989.74 1593 1728 2.248 0 0 0 0 
19 4311.79 4286.67 4176.92 4214.87 4604.1 3876.41 4376.41 4427.18 4264.62 4183.59 4470.26 4277.95 4427.18 3997.44 1593 1728 2.248 0 0 0 0 
20 4308.72 4288.21 4178.97 4216.41 4611.79 3886.67 4388.21 4426.67 4271.79 4196.41 4465.13 4269.74 4435.38 3994.87 1593 1728 2.264 0 0 0 0 
21 4300.51 4287.69 4175.9 4203.59 4617.44 3892.82 4402.56 4438.97 4281.54 4204.1 4462.05 4262.05 4430.77 3978.46 1592 1727 2.264 0 0 0 0 
22 4292.82 4284.1 4171.79 4196.92 4611.79 3887.18 4395.38 4443.59 4279.49 4201.54 4462.05 4266.67 4424.62 3969.23 1592 1728 2.28 0 0 0 0 
23 4276.92 4272.82 4167.18 4189.23 4605.13 3879.49 4385.64 4432.31 4269.23 4190.77 4456.41 4264.62 4417.95 3959.49 1592 1729 2.28 0 0 0 0 
24 4256.41 4257.44 4156.41 4174.36 4598.97 3879.49 4387.18 4424.1 4262.56 4181.03 4454.87 4253.85 4411.28 3938.97 1592 1731 2.295 0 0 0 0 
25 4247.18 4249.74 4145.64 4169.74 4587.18 3883.59 4391.79 4427.69 4262.56 4180 4457.44 4250.26 4402.05 3922.56 1593 1731 2.295 0 0 0 0 
26 4243.08 4247.69 4146.15 4171.28 4578.97 3885.64 4394.87 4434.36 4264.1 4182.56 4454.36 4252.82 4391.28 3920 1592 1731 2.311 0 0 0 0 
27 4228.21 4241.03 4144.62 4160.51 4575.9 3882.56 4391.28 4435.38 4266.67 4183.08 4451.79 4251.79 4389.23 3913.33 1592 1731 2.311 0 0 0 0 
28 4213.33 4231.28 4131.79 4152.82 4569.74 3876.92 4380.51 4434.36 4266.15 4183.08 4449.74 4246.67 4387.69 3894.36 1592 1732 2.326 0 0 0 0 
29 4206.15 4227.69 4128.21 4154.36 4565.64 3872.31 4377.44 4436.92 4264.1 4183.08 4443.59 4243.59 4376.92 3883.59 1592 1732 2.326 0 0 0 0 
30 4203.59 4233.85 4141.03 4152.31 4571.28 3874.36 4384.1 4438.97 4266.15 4186.15 4444.1 4249.23 4377.44 3885.64 1592 1734 2.342 0 0 0 0 
31 4196.41 4231.79 4141.54 4146.67 4573.85 3881.03 4389.74 4438.46 4267.18 4190.26 4451.79 4251.79 4384.62 3879.49 1593 1736 2.342 0 0 0 0 
32 4186.15 4221.54 4123.59 4141.54 4563.08 3878.97 4389.23 4433.33 4261.54 4183.08 4449.74 4246.15 4370.77 3864.1 1590 1739 2.358 0 0 0 0 
33 4182.56 4220.51 4117.44 4141.03 4559.49 3875.38 4388.21 4428.21 4258.97 4176.92 4445.64 4247.18 4362.05 3861.54 1592 1741 2.358 0 0 0 0 
34 4185.64 4224.1 4128.72 4145.64 4571.28 3881.03 4391.79 4433.33 4268.21 4187.69 4451.79 4255.38 4380 3872.31 1589 1741 2.373 0 0 0 0 
35 4183.08 4216.41 4133.33 4144.1 4568.21 3886.67 4392.31 4437.44 4272.82 4190.77 4452.82 4256.92 4387.69 3873.85 1588 1743 2.373 0 0 0 0 
36 4173.33 4210.77 4126.15 4138.46 4554.36 3884.1 4388.72 4433.33 4270.26 4180.51 4444.1 4254.36 4375.9 3865.13 1589 1741 2.389 0 0 0 0 
37 4169.74 4216.41 4121.54 4137.95 4556.92 3878.97 4387.18 4431.79 4272.82 4184.62 4442.56 4252.82 4375.38 3862.56 1587 1741 2.389 0 0 0 0 
38 4165.13 4208.72 4116.92 4129.23 4558.97 3868.21 4380 4427.18 4271.79 4191.28 4445.13 4247.69 4377.44 3863.59 1587 1739 2.404 0 0 0 0 
39 4161.54 4196.41 4109.74 4118.46 4545.13 3860 4371.28 4412.31 4260.51 4177.95 4441.03 4247.18 4368.72 3857.95 1586 1738 2.404 0 0 0 0 
40 4163.08 4200 4108.21 4121.03 4539.49 3866.15 4374.36 4403.08 4253.33 4166.67 4439.49 4248.72 4364.1 3855.9 1585 1737 2.42 0 0 0 0 
41 4160.51 4203.08 4104.62 4119.49 4546.15 3869.23 4375.9 4399.49 4251.28 4169.74 4440.51 4243.59 4364.1 3857.44 1584 1737 2.42 0 0 0 0 
42 4158.46 4202.56 4102.56 4123.08 4551.28 3864.62 4371.28 4401.03 4253.33 4176.92 4442.05 4241.03 4366.15 3860 1585 1736 2.436 0 0 0 0 
43 4161.54 4205.13 4105.13 4134.36 4549.23 3861.54 4371.79 4408.72 4261.03 4181.54 4445.64 4249.23 4369.74 3863.59 1584 1736 2.436 0 0 0 0 
44 4154.36 4196.41 4096.41 4124.62 4542.05 3860 4375.9 4405.64 4257.44 4176.92 4444.1 4248.72 4366.67 3859.49 1584 1736 2.451 0 0 0 0 
45 4145.64 4185.64 4089.74 4110.26 4538.46 3860 4384.1 4398.97 4248.72 4169.74 4440.51 4239.49 4359.49 3847.69 1583 1737 2.451 0 0 0 0 
46 4147.69 4193.85 4096.41 4112.82 4540 3861.54 4390.26 4403.59 4250.26 4167.69 4438.97 4243.08 4353.33 3845.13 1583 1739 2.467 0 0 0 0 
47 4148.72 4204.1 4096.92 4118.46 4539.49 3859.49 4378.97 4404.1 4252.31 4170.26 4436.92 4248.72 4351.79 3850.77 1584 1739 2.467 0 0 0 0 
48 4143.08 4199.49 4089.23 4109.74 4536.41 3853.85 4367.69 4398.46 4248.21 4174.36 4435.38 4241.54 4353.33 3847.69 1582 1741 2.482 0 0 0 0 
49 4138.97 4192.82 4089.74 4104.1 4533.85 3851.79 4376.92 4396.92 4244.62 4170.77 4436.92 4232.82 4350.77 3837.95 1582 1740 2.482 0 0 0 0 
50 4138.97 4195.9 4092.31 4112.82 4536.92 3853.85 4383.59 4400.51 4249.23 4167.18 4437.44 4237.44 4350.26 3836.41 1581 1741 2.498 0 0 0 0 
51 4140 4200 4092.82 4120.51 4537.95 3857.44 4377.44 4400 4253.33 4171.28 4435.38 4243.59 4352.82 3841.03 1581 1741 2.498 0 0 0 0 
52 4137.44 4197.95 4090.77 4113.85 4529.74 3856.41 4378.46 4392.31 4241.03 4163.59 4431.79 4236.41 4342.05 3836.92 1580 1742 2.514 0 0 0 0 
53 4130.77 4189.23 4085.64 4096.41 4522.56 3851.79 4383.08 4388.21 4228.21 4144.1 4426.67 4229.23 4320.51 3828.72 1580 1742 2.514 0 0 0 0 
54 4128.72 4186.67 4086.15 4094.36 4528.21 3854.36 4382.56 4400 4236.92 4146.67 4424.62 4238.97 4317.44 3831.28 1578 1743 2.529 0 0 0 0 
55 4137.95 4195.9 4089.74 4109.23 4535.38 3863.59 4389.23 4415.9 4255.38 4168.72 4433.33 4248.21 4340 3842.05 1579 1743 2.529 0 0 0 0 
56 4144.1 4200 4088.72 4117.44 4531.28 3863.59 4395.38 4411.79 4257.95 4173.33 4443.08 4243.59 4355.38 3847.18 1579 1742 2.545 0 0 0 0 
57 4139.49 4194.36 4090.77 4110.77 4526.67 3852.82 4387.69 4397.44 4248.72 4164.62 4441.03 4242.05 4345.13 3842.56 1578 1744 2.545 0 0 0 0 
58 4137.95 4191.79 4091.79 4105.64 4526.67 3848.72 4382.05 4392.31 4242.05 4161.03 4437.44 4248.72 4336.92 3838.46 1579 1743 2.56 0 0 0 0 
59 4143.59 4195.9 4088.72 4113.85 4524.1 3854.36 4388.21 4396.92 4248.21 4166.15 4443.08 4250.77 4348.72 3842.56 1579 1743 2.56 0 0 0 0 
60 4145.64 4198.46 4095.38 4121.54 4525.64 3859.49 4390.26 4402.05 4255.9 4175.38 4446.67 4252.31 4359.49 3849.74 1580 1743 2.576 0 0 0 0 
61 4145.64 4200 4105.13 4118.97 4529.23 3854.87 4386.67 4396.92 4246.15 4173.33 4440 4253.33 4354.87 3849.74 1578 1742 2.576 0 0 0 0 
62 4150.77 4203.59 4106.15 4119.49 4527.18 3852.82 4389.74 4394.87 4241.54 4166.67 4440 4252.31 4352.31 3853.33 1578 1741 2.592 0 0 0 0 
63 4152.82 4208.21 4104.62 4129.23 4527.69 3861.54 4406.15 4404.1 4257.95 4175.38 4451.79 4253.85 4359.49 3862.56 1576 1739 2.592 0 0 0 0 
64 4153.85 4212.31 4105.64 4134.36 4533.85 3873.85 4424.62 4411.79 4262.05 4186.15 4453.33 4258.97 4366.15 3865.64 1575 1738 2.607 0 0 0 0 
65 4164.62 4217.44 4114.87 4134.87 4538.46 3877.44 4428.21 4419.49 4261.03 4190.26 4446.67 4265.64 4370.77 3871.28 1574 1738 2.607 0 0 0 0 
66 4170.26 4220 4118.46 4137.44 4536.41 3871.79 4423.08 4430.77 4272.31 4193.33 4449.23 4265.64 4370.26 3878.97 1574 1739 2.623 0 0 0 0 
67 4162.56 4218.46 4108.21 4137.95 4533.33 3870.26 4435.38 4433.85 4274.36 4189.23 4456.92 4260.51 4370.77 3876.41 1574 1740 2.623 0 0 0 0 
68 4165.13 4220 4107.69 4143.59 4535.38 3874.36 4448.21 4428.21 4267.69 4186.67 4457.44 4261.03 4379.49 3877.44 1573 1741 2.638 0 0 0 0 
69 4182.05 4232.31 4122.56 4155.38 4537.95 3869.74 4428.72 4425.64 4271.79 4197.44 4455.9 4265.64 4386.67 3892.82 1575 1739 2.638 0 0 0 0 
70 4191.28 4244.62 4124.1 4156.41 4531.28 3858.46 4408.21 4419.49 4268.21 4197.44 4453.33 4260.51 4381.03 3902.56 1573 1739 2.654 0 0 0 0 
71 4196.92 4243.59 4114.36 4147.69 4526.15 3855.9 4417.95 4407.69 4251.79 4180 4449.23 4254.87 4376.41 3905.13 1576 1738 2.654 0 0 0 0 
72 4219.49 4251.79 4121.03 4157.95 4534.36 3864.1 4432.82 4406.67 4247.69 4176.92 4452.82 4263.08 4384.1 3923.08 1576 1736 2.67 0 0 0 0 
73 4247.18 4272.82 4136.41 4177.95 4539.49 3868.21 4431.79 4412.31 4253.85 4188.21 4460.51 4272.31 4391.28 3948.72 1577 1736 2.67 0 0 0 0 
74 4264.62 4283.08 4144.1 4181.54 4532.82 3865.64 4435.38 4415.38 4252.31 4186.15 4463.08 4276.41 4397.95 3970.77 1578 1734 2.685 0 0 0 0 
75 4281.54 4283.08 4153.85 4188.72 4526.67 3865.64 4448.21 4412.31 4245.13 4174.87 4461.54 4281.03 4409.23 3990.26 1579 1734 2.685 0 0 0 0 
76 4300.51 4296.41 4165.13 4207.18 4530.77 3869.23 4445.64 4407.69 4246.67 4178.97 4461.03 4283.08 4421.54 4010.26 1580 1733 2.701 0 0 0 0 
77 4312.31 4314.36 4165.13 4222.05 4540 3870.77 4430.77 4405.13 4255.9 4196.41 4466.67 4282.56 4434.87 4027.18 1582 1733 2.701 0 0 0 0 
78 4312.82 4313.85 4161.03 4227.69 4543.59 3873.85 4434.36 4405.64 4259.49 4204.62 4470.26 4282.05 4441.03 4033.85 1583 1733 2.716 0 0 0 0 
79 4309.23 4309.74 4163.59 4227.69 4537.44 3876.92 4450.26 4409.23 4255.38 4201.54 4462.56 4275.9 4429.23 4027.69 1587 1736 2.716 0 0 0 0 
80 4306.15 4311.28 4163.08 4222.05 4531.28 3874.87 4455.38 4414.36 4254.36 4197.95 4458.97 4268.21 4423.59 4022.05 1589 1736 2.732 0 0 0 0 
81 4302.05 4306.15 4155.9 4213.33 4531.79 3871.28 4451.79 4414.36 4251.28 4194.36 4464.62 4265.64 4427.18 4019.49 1590 1736 2.732 0 0 0 0 
82 4293.85 4291.28 4151.79 4205.64 4533.85 3870.77 4452.31 4409.74 4249.74 4194.87 4458.97 4264.1 4417.95 4007.18 1591 1735 2.748 0 0 0 0 
83 4288.21 4292.82 4150.26 4214.36 4538.97 3879.49 4460.51 4413.85 4258.97 4203.08 4453.85 4263.59 4410.26 3996.41 1593 1734 2.748 0 0 0 0 
84 4284.1 4306.67 4148.72 4225.64 4538.97 3888.72 4469.74 4422.05 4266.67 4210.26 4468.72 4268.72 4421.54 3996.92 1593 1733 2.763 0 0 0 0 
85 4274.87 4305.64 4146.67 4218.46 4537.95 3894.36 4479.49 4428.72 4276.41 4222.05 4478.97 4271.79 4434.36 3996.41 1595 1734 2.763 0 0 0 0 
86 4270.77 4295.9 4144.62 4220 4546.67 3902.05 4491.28 4439.49 4292.31 4237.95 4468.72 4271.28 4438.97 3989.23 1595 1733 2.779 0 0 0 0 
87 4265.64 4290.26 4140.51 4232.82 4547.18 3903.08 4489.23 4442.56 4295.9 4236.41 4460 4264.1 4429.23 3973.85 1595 1734 2.779 0 0 0 0 
88 4249.74 4284.62 4133.85 4220.51 4543.59 3898.46 4482.05 4438.97 4290.26 4228.72 4462.05 4255.9 4414.36 3959.49 1598 1735 2.794 0 0 0 0 
89 4233.85 4274.87 4131.28 4201.54 4549.23 3901.54 4490.26 4442.05 4288.72 4229.74 4462.05 4257.44 4412.82 3953.33 1596 1738 2.794 0 0 0 0 
90 4226.67 4267.69 4134.36 4208.72 4551.79 3910.26 4502.56 4449.23 4289.23 4230.26 4461.03 4262.05 4416.92 3945.64 1598 1740 2.81 0 0 0 0 
91 4224.1 4267.69 4138.97 4212.82 4551.79 3914.36 4502.56 4451.28 4295.9 4234.36 4462.05 4263.59 4415.38 3936.92 1597 1740 2.81 0 0 0 0 
92 4217.44 4271.79 4131.28 4202.56 4552.82 3914.36 4502.56 4451.79 4303.08 4240.51 4463.08 4262.05 4411.79 3932.31 1599 1742 2.826 0 0 0 0 
93 4211.28 4271.28 4129.74 4209.74 4548.21 3916.92 4513.33 4460.51 4305.13 4241.54 4465.13 4260 4411.79 3927.18 1599 1742 2.826 0 0 0 0 
94 4211.79 4266.67 4145.64 4222.05 4548.72 3921.03 4518.97 4466.15 4307.69 4245.13 4463.59 4262.05 4411.79 3923.08 1600 1742 2.841 0 0 0 0 
95 4212.31 4270.26 4147.18 4221.54 4558.46 3917.95 4509.74 4457.44 4308.72 4251.79 4462.05 4264.62 4410.26 3926.67 1600 1741 2.841 0 0 0 0 
96 4206.67 4273.85 4133.85 4217.95 4554.36 3908.72 4500 4447.69 4304.1 4249.23 4462.56 4262.05 4407.69 3927.69 1601 1741 2.857 0 0 0 0 
97 4201.54 4268.72 4133.85 4212.31 4543.08 3911.28 4505.64 4456.92 4307.69 4250.77 4463.08 4260 4408.72 3925.13 1602 1740 2.857 0 0 0 0 
98 4210.77 4271.79 4150.26 4226.67 4549.74 3927.18 4525.13 4473.85 4321.54 4265.13 4467.69 4270.26 4421.03 3934.36 1602 1741 2.872 0 0 0 0 
99 4217.95 4276.92 4158.97 4253.33 4562.56 3934.36 4536.41 4477.44 4329.23 4274.87 4474.36 4280.51 4430.77 3946.67 1604 1739 2.872 0 0 0 0 
100 4216.41 4277.95 4155.38 4251.28 4569.23 3933.33 4534.36 4477.44 4333.33 4281.54 4477.95 4278.97 4433.33 3947.18 1603 1739 2.888 0 0 0 0 
101 4221.03 4287.69 4160 4246.67 4577.44 3938.97 4536.41 4487.69 4342.05 4292.82 4480 4282.05 4443.59 3952.31 1605 1738 2.888 0 0 0 0 
102 4224.62 4295.9 4164.1 4254.87 4578.46 3940.51 4543.08 4491.28 4345.13 4295.9 4478.97 4283.59 4448.21 3960 1605 1737 2.904 0 0 0 0 
103 4224.1 4289.74 4161.54 4257.44 4572.82 3933.85 4542.05 4484.62 4343.08 4292.82 4475.9 4279.49 4442.05 3960.51 1606 1738 2.904 0 0 0 0 
104 4228.72 4290.77 4166.15 4270.77 4577.95 3938.46 4541.03 4492.82 4353.85 4304.62 4481.03 4283.59 4452.31 3966.67 1607 1736 2.919 0 0 0 0 
105 4232.82 4298.97 4172.31 4285.64 4581.54 3947.18 4548.21 4504.62 4363.59 4316.92 4486.67 4289.23 4465.13 3975.38 1607 1738 2.919 0 0 0 0 
106 4226.15 4300 4165.13 4268.21 4576.92 3941.54 4553.85 4495.9 4354.87 4309.23 4478.97 4281.03 4449.23 3969.23 1607 1736 2.935 0 0 0 0 
107 4217.95 4296.92 4157.44 4252.31 4582.56 3935.9 4551.79 4487.18 4349.74 4301.54 4476.41 4274.87 4437.44 3965.13 1608 1735 2.935 0 0 0 0 
108 4216.92 4295.38 4157.95 4260 4584.62 3939.49 4550.26 4488.21 4354.87 4307.18 4482.56 4276.92 4450.77 3969.23 1608 1734 2.95 0 0 0 0 
109 4216.92 4297.44 4159.49 4269.74 4574.36 3943.59 4560.51 4487.18 4352.31 4306.15 4480.51 4275.38 4449.74 3963.08 1608 1734 2.95 0 0 0 0 
110 4215.9 4299.49 4162.56 4280.51 4578.97 3945.64 4571.28 4490.77 4350.77 4300 4475.38 4274.87 4434.36 3958.46 1609 1732 2.966 0 0 0 0 
111 4211.79 4300 4157.95 4273.33 4583.59 3946.15 4563.59 4494.36 4356.41 4304.1 4474.87 4278.46 4437.44 3963.59 1608 1731 2.966 0 0 0 0 
112 4212.82 4304.1 4151.79 4268.72 4572.82 3944.62 4552.82 4489.74 4354.87 4306.15 4476.92 4278.46 4447.69 3964.62 1609 1731 2.982 0 0 0 0 
113 4217.95 4310.77 4158.97 4289.74 4576.92 3949.23 4564.1 4488.72 4354.87 4305.64 4480.51 4277.95 4451.28 3968.21 1608 1728 2.982 0 0 0 0 
114 4221.03 4313.33 4165.64 4295.9 4593.85 3956.92 4576.92 4502.56 4367.18 4315.9 4484.1 4283.08 4460 3980.51 1609 1728 2.997 0 0 0 0 
115 4222.05 4311.79 4163.59 4283.08 4593.85 3955.38 4571.79 4512.31 4375.9 4326.15 4483.59 4286.15 4462.05 3980.51 1609 1726 2.997 0 0 0 0 
116 4220.51 4310.26 4165.64 4286.15 4587.18 3949.23 4564.62 4503.59 4369.23 4324.1 4486.67 4283.08 4451.28 3974.87 1607 1727 3.013 0 0 0 0 
117 4221.03 4306.67 4168.72 4297.44 4589.23 3947.69 4562.56 4491.79 4358.97 4322.56 4491.79 4280 4453.85 3979.49 1608 1729 3.013 0 0 0 0 
118 4224.1 4307.18 4166.15 4303.08 4587.69 3945.64 4562.56 4491.28 4355.9 4318.97 4484.1 4280.51 4462.05 3978.46 1606 1731 3.028 0 0 0 0 
119 4218.97 4311.28 4159.49 4300.51 4582.05 3940.51 4563.59 4491.79 4351.28 4309.23 4473.85 4276.92 4449.23 3967.69 1606 1732 3.028 0 0 0 0 
120 4203.59 4302.05 4149.74 4276.41 4573.33 3932.82 4555.38 4482.56 4339.49 4296.92 4473.85 4268.21 4429.74 3956.92 1604 1733 3.044 0 0 0 0 
121 4203.59 4294.36 4153.33 4268.21 4568.21 3933.33 4552.82 4483.59 4341.03 4296.92 4478.46 4271.28 4436.41 3958.46 1603 1734 3.044 0 0 0 0 
122 4223.59 4309.23 4169.74 4298.46 4573.85 3944.1 4572.31 4496.41 4354.87 4309.74 4481.54 4283.59 4460 3975.9 1599 1734 3.06 0 0 0 0 
123 4230.26 4322.05 4175.38 4315.9 4581.03 3949.23 4580 4501.03 4357.44 4314.36 4484.1 4284.1 4468.21 3985.64 1597 1733 3.06 0 0 0 0 
124 4219.49 4315.38 4166.15 4303.08 4587.69 3947.18 4565.64 4505.13 4358.97 4316.41 4485.13 4280.51 4461.54 3979.49 1594 1732 3.075 0 0 0 0 
125 4212.31 4312.31 4162.05 4288.21 4584.62 3944.62 4559.49 4508.72 4364.62 4320 4480 4277.95 4460.51 3975.9 1591 1735 3.075 0 0 0 0 
126 4216.92 4317.95 4163.08 4293.33 4576.41 3942.56 4566.15 4503.08 4358.97 4311.79 4474.87 4272.31 4462.05 3976.41 1590 1733 3.091 0 0 0 0 
127 4216.92 4316.41 4159.49 4301.03 4579.49 3939.49 4566.15 4495.38 4350.77 4302.05 4475.9 4270.26 4458.97 3971.79 1587 1734 3.091 0 0 0 0 
128 4216.92 4313.85 4164.62 4298.46 4587.69 3937.44 4561.54 4501.03 4354.87 4307.18 4482.05 4275.9 4462.56 3973.85 1586 1735 3.106 0 0 0 0 
0 4225.64 4324.1 4176.41 4310.77 4594.87 3946.15 4566.15 4516.41 4364.1 4317.95 4486.67 4278.97 4470.77 3983.59 1584 1735 3.106 0 0 0 0 
1 4230.77 4334.36 4175.38 4332.82 4594.36 3955.38 4571.79 4518.46 4364.62 4318.97 4484.1 4277.95 4469.74 3986.67 1582 1737 3.122 0 0 0 0 
2 4228.21 4332.82 4169.23 4331.79 4588.21 3953.85 4576.41 4513.33 4360 4316.41 4482.56 4275.9 4470.26 3987.18 1580 1739 3.122 0 0 0 0 
3 4231.28 4330.77 4176.41 4326.15 4595.9 3954.36 4583.59 4520 4368.72 4324.1 4488.21 4278.46 4481.54 3989.74 1579 1740 3.138 0 0 0 0 
4 4237.95 4332.82 4181.03 4332.31 4615.9 3957.95 4582.05 4525.13 4381.03 4334.87 4492.31 4284.1 4488.21 3992.82 1578 1740 3.138 0 0 0 0 
5 4231.28 4325.13 4169.74 4329.23 4613.85 3951.28 4572.82 4516.92 4377.95 4331.79 4487.18 4282.05 4484.1 3993.33 1577 1739 3.153 0 0 0 0 
6 4221.54 4316.41 4158.46 4324.62 4592.31 3946.15 4569.23 4510.26 4368.21 4322.56 4481.03 4273.33 4479.49 3990.26 1578 1740 3.153 0 0 0 0 
7 4227.69 4329.23 4166.15 4335.9 4596.92 3952.31 4571.79 4516.92 4376.41 4327.18 4484.62 4277.95 4482.56 3993.33 1580 1741 3.169 0 0 0 0 
8 4237.95 4344.62 4178.97 4345.13 4612.31 3956.92 4574.36 4523.59 4387.69 4335.9 4491.79 4286.15 4490.26 4006.67 1581 1742 3.169 0 0 0 0 
9 4239.49 4338.46 4172.82 4346.67 4610.77 3957.95 4583.08 4522.56 4380 4330.77 4488.21 4282.05 4487.18 4012.82 1584 1742 3.184 0 0 0 0 
10 4248.21 4338.97 4171.79 4354.87 4611.79 3962.05 4590.26 4524.1 4372.82 4331.28 4485.64 4285.64 4484.1 4018.46 1585 1743 3.184 0 0 0 0 
11 4271.28 4360 4194.87 4363.59 4620 3962.56 4589.74 4529.74 4377.44 4338.46 4493.33 4296.41 4496.92 4041.03 1588 1742 3.2 0 0 0 0 
12 4286.15 4374.87 4199.49 4362.56 4613.85 3956.92 4589.23 4526.15 4371.28 4330.26 4492.82 4289.23 4505.64 4057.95 1588 1741 3.2 0 0 0 0 
13 4292.82 4370.26 4184.62 4364.1 4603.59 3948.72 4576.92 4512.31 4356.92 4317.95 4485.13 4280.51 4495.9 4058.97 1590 1739 3.216 0 0 0 0 
14 4314.87 4370.26 4193.85 4384.1 4616.41 3947.18 4562.05 4508.21 4356.92 4321.03 4490.77 4292.31 4493.85 4076.92 1589 1735 3.216 0 0 0 0 
15 4343.59 4381.03 4213.33 4416.41 4625.64 3954.87 4569.23 4513.85 4361.54 4325.13 4501.03 4303.59 4511.28 4111.28 1590 1733 3.231 0 0 0 0 
16 4358.97 4383.59 4214.87 4437.95 4614.87 3960 4578.46 4512.82 4355.9 4321.03 4498.46 4298.97 4520.51 4130.77 1591 1729 3.231 0 0 0 0 
17 4364.62 4378.46 4214.87 4434.36 4614.87 3955.9 4574.87 4510.77 4352.82 4323.08 4490.77 4297.44 4513.33 4133.85 1591 1729 3.247 0 0 0 0 
18 4371.79 4380.51 4221.03 4431.28 4628.21 3952.82 4575.9 4517.44 4357.44 4327.69 4493.85 4306.15 4516.92 4143.59 1593 1728 3.247 0 0 0 0 
19 4376.41 4385.64 4224.62 4436.41 4627.69 3950.26 4576.41 4527.69 4360 4325.64 4503.59 4310.26 4537.44 4155.9 1593 1730 3.262 0 0 0 0 
20 4372.82 4369.23 4225.64 4420.51 4616.92 3946.15 4574.36 4529.74 4356.41 4320.51 4502.05 4302.56 4534.36 4151.28 1595 1733 3.262 0 0 0 0 
21 4367.18 4360.51 4219.49 4408.72 4621.54 3949.23 4587.69 4527.18 4351.28 4317.44 4488.21 4296.41 4508.72 4136.92 1597 1734 3.278 0 0 0 0 
22 4364.1 4379.49 4212.82 4442.05 4633.33 3957.95 4593.85 4531.79 4354.87 4319.49 4489.23 4298.46 4509.74 4131.28 1600 1733 3.278 0 0 0 0 
23 4359.49 4383.59 4216.41 4465.13 4633.33 3962.56 4585.64 4542.56 4365.64 4325.64 4505.13 4300.51 4534.87 4128.72 1601 1732 3.294 0 0 0 0 
24 4346.67 4363.59 4216.41 4442.05 4631.28 3964.1 4590.26 4549.74 4369.74 4334.87 4506.15 4295.9 4542.56 4120 1603 1732 3.294 0 0 0 0 
25 4339.49 4357.44 4215.38 4430.26 4630.77 3966.15 4600.51 4550.77 4370.26 4341.54 4496.92 4292.31 4530.77 4113.33 1603 1731 3.309 0 0 0 0 
26 4341.03 4363.08 4220.51 4439.49 4632.82 3968.72 4600 4552.82 4378.46 4347.69 4498.46 4294.87 4530.26 4110.77 1604 1733 3.309 0 0 0 0 
27 4331.28 4352.31 4218.46 4432.31 4638.46 3972.31 4601.03 4551.79 4381.54 4350.77 4502.05 4295.9 4539.49 4101.54 1605 1732 3.325 0 0 0 0 
28 4310.26 4337.95 4209.74 4416.41 4644.1 3977.44 4608.72 4553.85 4382.05 4354.87 4502.05 4290.77 4540 4090.26 1604 1734 3.325 0 0 0 0 
29 4298.97 4335.9 4208.72 4414.36 4647.69 3981.03 4611.79 4563.08 4394.36 4360.51 4497.95 4288.21 4538.46 4085.13 1607 1733 3.34 0 0 0 0 
30 4298.97 4334.87 4209.74 4427.18 4649.74 3985.13 4619.49 4568.21 4398.46 4363.59 4493.85 4289.23 4536.41 4078.46 1607 1732 3.34 0 0 0 0 
31 4293.33 4326.15 4203.08 4432.82 4644.62 3986.67 4628.72 4568.21 4386.67 4357.95 4491.28 4286.15 4530.77 4067.69 1609 1735 3.356 0 0 0 0 
32 4282.56 4315.38 4196.92 4418.97 4627.18 3976.92 4614.87 4570.77 4384.62 4350.26 4493.85 4284.1 4526.15 4059.49 1609 1736 3.356 0 0 0 0 
33 4278.46 4316.92 4197.44 4403.59 4631.79 3974.87 4597.95 4577.95 4397.95 4360 4500 4288.72 4533.85 4058.46 1611 1739 3.372 0 0 0 0 
34 4275.9 4324.1 4198.46 4406.67 4653.85 3985.13 4606.67 4582.56 4401.03 4372.31 4502.05 4293.33 4543.59 4061.03 1611 1740 3.372 0 0 0 0 
35 4268.72 4324.1 4199.49 4415.9 4652.82 3988.21 4623.59 4588.72 4396.92 4372.82 4499.49 4290.77 4542.56 4061.03 1613 1740 3.387 0 0 0 0 
36 4266.67 4323.08 4201.54 4418.46 4644.1 3988.72 4626.15 4595.9 4403.08 4373.85 4498.97 4286.15 4540.51 4057.44 1614 1737 3.387 0 0 0 0 
37 4272.31 4325.64 4202.56 4417.44 4647.69 3996.92 4624.62 4590.77 4403.59 4372.82 4500 4286.67 4540 4055.9 1614 1738 3.403 0 0 0 0 
38 4273.85 4328.72 4204.1 4419.49 4654.36 4003.08 4627.18 4585.64 4398.46 4370.77 4503.08 4292.31 4544.1 4058.97 1615 1734 3.403 0 0 0 0 
39 4273.33 4326.67 4205.64 4423.08 4651.79 4001.54 4628.21 4593.85 4405.64 4373.85 4502.56 4291.28 4545.13 4060 1615 1735 3.418 0 0 0 0 
40 4275.38 4321.03 4202.56 4418.46 4651.79 4006.67 4635.38 4605.13 4417.95 4383.59 4501.03 4289.74 4545.64 4061.03 1616 1734 3.418 0 0 0 0 
41 4277.95 4327.18 4205.13 4417.95 4663.59 4015.38 4648.72 4608.72 4424.62 4397.44 4508.72 4298.46 4562.56 4071.79 1616 1734 3.434 0 0 0 0 
42 4280 4331.28 4210.77 4425.64 4663.08 4010.26 4647.69 4608.72 4427.69 4404.1 4512.82 4298.46 4573.85 4076.41 1616 1735 3.434 0 0 0 0 
43 4277.95 4321.54 4207.18 4430.26 4650.77 4003.08 4640.51 4612.31 4427.69 4400.51 4502.56 4286.67 4565.64 4070.77 1616 1735 3.45 0 0 0 0 
44 4275.38 4320 4200.51 4428.72 4653.33 4007.69 4647.69 4617.95 4427.69 4398.97 4498.46 4285.64 4558.46 4069.74 1616 1735 3.45 0 0 0 0 
45 4274.87 4335.38 4199.49 4424.1 4664.62 4010.26 4648.21 4621.54 4427.18 4400.51 4507.18 4292.82 4565.64 4077.44 1616 1735 3.465 0 0 0 0 
46 4277.95 4339.49 4206.15 4425.64 4660.51 4001.03 4632.31 4613.85 4420 4392.82 4508.72 4294.36 4570.26 4082.05 1615 1735 3.465 0 0 0 0 
47 4281.03 4331.28 4206.15 4425.64 4651.28 3993.33 4620 4602.05 4411.79 4385.64 4505.64 4290.26 4562.05 4080.51 1615 1733 3.481 0 0 0 0 
48 4288.21 4334.87 4197.44 4422.05 4650.77 3991.28 4615.9 4597.44 4407.18 4381.03 4506.67 4290.26 4557.95 4088.21 1615 1734 3.481 0 0 0 0 
49 4303.08 4347.69 4201.54 4428.21 4648.72 3989.74 4614.36 4594.36 4400 4371.28 4504.62 4299.49 4561.03 4103.08 1616 1732 3.496 0 0 0 0 
50 4318.46 4352.82 4210.26 4431.79 4640 3988.21 4616.92 4585.64 4392.31 4363.08 4498.46 4300.51 4561.54 4111.28 1615 1731 3.496 0 0 0 0 
51 4330.26 4354.87 4207.18 4430.26 4639.49 3987.69 4623.59 4585.13 4391.28 4358.97 4501.54 4290.77 4556.92 4120 1617 1729 3.512 0 0 0 0 
52 4341.54 4364.62 4209.74 4437.44 4654.87 3986.67 4625.13 4586.15 4386.67 4354.36 4507.69 4289.74 4556.92 4137.44 1617 1727 3.512 0 0 0 0 
53 4354.87 4377.95 4215.38 4449.23 4663.59 3986.15 4622.05 4575.9 4378.46 4348.21 4504.1 4296.92 4553.85 4148.72 1618 1728 3.528 0 0 0 0 
54 4367.18 4384.62 4218.97 4451.28 4666.67 3993.85 4625.13 4581.03 4385.13 4352.31 4504.1 4303.59 4559.49 4161.03 1618 1727 3.528 0 0 0 0 
55 4378.46 4386.15 4230.26 4448.72 4672.82 3995.9 4626.67 4593.33 4393.85 4364.1 4511.79 4306.15 4581.03 4183.08 1618 1727 3.543 0 0 0 0 
56 4377.95 4383.08 4235.9 4456.41 4666.15 3988.21 4615.38 4585.13 4388.21 4363.08 4510.26 4301.03 4577.95 4185.64 1617 1728 3.543 0 0 0 0 
57 4372.31 4384.1 4228.21 4460 4661.03 3985.64 4614.87 4584.1 4389.23 4362.56 4504.62 4297.95 4560 4172.31 1617 1729 3.559 0 0 0 0 
58 4369.74 4383.08 4230.26 4452.82 4668.21 3991.28 4629.23 4594.87 4397.44 4366.67 4503.59 4304.1 4565.13 4167.18 1616 1731 3.559 0 0 0 0 
59 4364.1 4376.41 4234.87 4451.28 4666.67 3994.87 4633.33 4590.77 4393.33 4364.62 4506.15 4305.13 4571.28 4165.64 1616 1732 3.574 0 0 0 0 
60 4357.44 4377.44 4230.26 4462.05 4670.77 3999.49 4633.85 4592.82 4396.41 4369.23 4510.77 4300.51 4566.67 4162.05 1615 1731 3.574 0 0 0 0 
61 4351.28 4379.49 4228.72 4465.13 4690.26 4005.64 4641.03 4610.77 4414.36 4387.69 4512.31 4301.54 4574.36 4157.44 1614 1732 3.59 0 0 0 0 
62 4333.33 4365.13 4222.05 4446.15 4686.15 4007.18 4650.77 4608.72 4411.79 4387.18 4506.15 4295.38 4573.33 4140.51 1614 1731 3.606 0 0 0 0 
63 4311.79 4347.18 4211.28 4422.56 4672.31 4007.69 4655.9 4597.95 4401.03 4375.9 4501.54 4288.21 4555.38 4122.56 1614 1731 3.606 0 0 0 0 
64 4310.77 4348.21 4221.03 4428.21 4677.95 4005.64 4646.67 4600.51 4405.13 4381.03 4502.56 4293.85 4548.72 4121.03 1613 1730 3.606 0 0 0 0 
65 4318.97 4355.9 4232.82 4455.9 4682.56 4003.08 4639.49 4601.54 4409.23 4390.26 4503.08 4297.95 4548.72 4120 1612 1730 3.621 0 0 0 0 
66 4312.82 4357.95 4227.18 4464.62 4685.64 4009.74 4660 4607.18 4414.87 4398.46 4509.74 4297.44 4557.44 4111.79 1611 1730 3.621 0 0 0 0 
67 4298.46 4350.77 4218.46 4444.1 4689.23 4021.03 4681.03 4617.95 4419.49 4397.44 4509.23 4295.38 4561.54 4104.62 1610 1731 3.637 0 0 0 0 
68 4289.74 4336.41 4211.28 4428.72 4677.95 4018.46 4670.26 4613.85 4412.82 4383.59 4491.28 4287.18 4544.62 4092.82 1609 1730 3.652 0 0 0 0 
69 4289.23 4334.36 4206.67 4435.38 4676.92 4011.28 4664.1 4606.15 4410.26 4382.05 4487.69 4280.51 4539.49 4085.64 1607 1731 3.652 0 0 0 0 
70 4288.21 4337.44 4208.72 4441.54 4695.9 4017.44 4677.95 4613.85 4419.49 4395.38 4503.08 4288.21 4555.9 4093.33 1607 1731 3.652 0 0 0 0 
71 4284.1 4335.9 4209.23 4437.44 4698.46 4021.54 4682.56 4617.44 4422.05 4395.38 4507.69 4293.33 4557.95 4093.85 1605 1731 3.668 0 0 0 0 
72 4279.49 4333.85 4202.56 4426.15 4680 4014.87 4680.51 4607.18 4411.79 4382.05 4494.36 4281.54 4543.08 4076.41 1604 1732 3.668 0 0 0 0 
73 4277.44 4332.31 4200.51 4420 4676.92 4012.82 4687.69 4605.64 4407.18 4380 4492.31 4279.49 4539.49 4071.28 1603 1732 3.684 0 0 0 0 
74 4278.97 4333.33 4206.67 4437.44 4688.72 4021.54 4694.87 4615.38 4415.9 4387.18 4502.05 4290.77 4546.67 4084.1 1601 1733 3.684 0 0 0 0 
75 4280.51 4335.38 4212.31 4452.31 4691.28 4024.1 4697.95 4620 4421.03 4388.21 4500 4296.41 4550.26 4087.18 1600 1733 3.699 0 0 0 0 
76 4282.05 4328.72 4213.85 4447.69 4687.18 4024.1 4710.26 4622.56 4417.95 4385.13 4495.38 4292.82 4548.21 4084.62 1599 1733 3.699 0 0 0 0 
77 4282.05 4327.18 4214.36 4448.21 4688.21 4033.33 4725.13 4628.72 4421.54 4388.72 4500.51 4292.31 4548.72 4089.23 1597 1733 3.715 0 0 0 0 
78 4284.1 4336.41 4218.46 4458.97 4694.87 4038.46 4723.59 4633.85 4432.82 4396.92 4507.69 4298.97 4554.36 4096.92 1596 1733 3.73 0 0 0 0 
79 4287.69 4333.33 4222.56 4461.03 4701.03 4033.85 4715.9 4637.44 4440.51 4402.05 4507.18 4304.1 4559.49 4104.1 1595 1731 3.73 0 0 0 0 
80 4291.79 4331.79 4221.03 4465.13 4701.54 4032.82 4717.44 4637.44 4440.51 4403.59 4503.08 4301.03 4567.69 4109.23 1592 1731 3.73 0 0 0 0 
81 4293.33 4344.62 4217.44 4469.74 4694.87 4032.31 4718.46 4635.38 4436.92 4402.56 4501.54 4297.95 4577.95 4110.26 1592 1733 3.746 0 0 0 0 
82 4293.85 4345.64 4218.97 4467.18 4690.26 4028.21 4715.9 4638.46 4438.97 4405.13 4502.56 4298.46 4576.41 4111.79 1590 1734 3.746 0 0 0 0 
83 4300 4340.51 4224.1 4480.51 4695.38 4032.82 4722.56 4644.62 4446.15 4410.77 4508.21 4301.03 4576.41 4118.97 1589 1737 3.762 0 0 0 0 
84 4312.82 4353.33 4231.28 4501.54 4703.59 4035.9 4726.67 4645.64 4447.18 4413.33 4511.79 4303.08 4586.67 4130.77 1588 1736 3.777 0 0 0 0 
85 4326.67 4363.08 4234.36 4504.1 4704.1 4026.15 4712.31 4636.92 4439.49 4410.77 4509.74 4300 4588.72 4139.49 1587 1737 3.777 0 0 0 0 
86 4332.82 4356.92 4229.74 4498.46 4691.28 4017.95 4707.69 4616.41 4420 4391.28 4501.03 4288.21 4569.74 4137.44 1587 1737 3.777 0 0 0 0 
87 4336.41 4357.44 4225.64 4496.41 4680 4018.97 4716.41 4604.1 4405.64 4372.82 4495.9 4282.56 4558.46 4139.49 1586 1739 3.793 0 0 0 0 
88 4359.49 4376.92 4233.85 4502.56 4683.08 4014.87 4704.62 4611.28 4415.38 4384.1 4502.05 4289.23 4577.95 4164.1 1587 1741 3.808 0 0 0 0 
89 4393.85 4400 4251.79 4523.08 4694.87 4011.28 4694.87 4620.51 4429.74 4398.97 4510.77 4296.92 4593.85 4191.28 1587 1744 3.808 0 0 0 0 
90 4405.64 4406.15 4254.36 4536.41 4695.38 4015.9 4709.23 4620 4426.15 4387.18 4511.79 4293.85 4585.13 4198.97 1589 1745 3.824 0 0 0 0 
91 4402.05 4405.64 4246.67 4537.44 4685.13 4012.82 4709.23 4614.36 4419.49 4376.92 4509.74 4286.15 4580 4202.05 1590 1747 3.824 0 0 0 0 
92 4412.31 4410.26 4253.85 4549.74 4689.23 4008.21 4697.44 4615.9 4426.67 4394.36 4515.38 4295.38 4596.92 4220 1593 1748 3.84 0 0 0 0 
93 4420 4415.38 4262.56 4557.95 4700.51 4013.85 4702.56 4618.46 4430.26 4404.1 4520.51 4305.64 4610.26 4230.77 1595 1748 3.84 0 0 0 0 
94 4404.1 4412.31 4250.26 4547.69 4689.74 4015.9 4708.21 4610.26 4413.85 4382.56 4507.18 4289.23 4592.82 4213.85 1598 1749 3.855 0 0 0 0 
95 4387.69 4400 4242.05 4539.49 4677.44 4011.79 4709.23 4604.62 4403.08 4366.67 4496.41 4275.38 4575.38 4195.38 1602 1748 3.855 0 0 0 0 
96 4388.72 4396.41 4252.31 4541.54 4691.28 4017.95 4715.9 4615.9 4418.46 4380 4506.15 4283.59 4586.15 4197.44 1605 1748 3.855 0 0 0 0 
97 4386.15 4405.13 4253.33 4544.62 4703.08 4025.13 4717.44 4628.72 4435.9 4395.38 4513.33 4286.15 4594.36 4197.44 1609 1745 3.871 0 0 0 0 
98 4367.18 4405.13 4242.05 4548.72 4688.21 4017.44 4710.26 4627.18 4430.77 4387.18 4502.56 4278.46 4574.36 4176.92 1613 1743 3.886 0 0 0 0 
99 4352.31 4393.33 4236.92 4546.67 4679.49 4015.38 4716.41 4627.69 4426.15 4381.54 4500 4275.38 4561.03 4160 1616 1741 3.886 0 0 0 0 
100 4349.23 4386.15 4235.38 4532.31 4695.9 4030.26 4731.79 4634.87 4435.9 4397.44 4507.18 4271.79 4572.31 4160 1620 1739 3.902 0 0 0 0 
101 4343.59 4385.64 4233.33 4528.21 4703.59 4038.97 4731.28 4632.82 4438.97 4408.21 4506.67 4271.28 4576.92 4153.33 1622 1737 3.902 0 0 0 0 
102 4338.97 4390.77 4236.92 4556.41 4695.38 4036.41 4726.67 4630.26 4441.03 4411.79 4510.77 4277.95 4573.33 4140.51 1624 1737 3.918 0 0 0 0 
103 4338.97 4396.41 4243.08 4571.79 4701.54 4040 4735.9 4639.49 4451.28 4418.46 4518.97 4282.05 4574.87 4137.44 1627 1736 3.918 0 0 0 0 
104 4331.79 4387.69 4239.49 4550.26 4715.38 4044.62 4738.97 4641.54 4449.23 4417.44 4512.82 4281.03 4578.46 4134.36 1630 1734 3.933 0 0 0 0 
105 4322.56 4380 4234.36 4541.54 4705.13 4038.46 4725.64 4631.79 4440.51 4410.26 4505.64 4281.54 4581.54 4126.15 1631 1733 3.933 0 0 0 0 
106 4320 4385.13 4233.85 4549.23 4691.28 4034.36 4718.46 4627.69 4444.62 4412.82 4511.28 4281.54 4577.95 4119.49 1632 1732 3.949 0 0 0 0 
107 4314.87 4386.15 4228.72 4544.1 4698.97 4034.87 4721.03 4628.21 4443.59 4413.33 4510.77 4273.85 4565.13 4111.79 1631 1733 3.949 0 0 0 0 
108 4305.64 4378.46 4222.56 4543.08 4700.51 4028.72 4717.95 4621.03 4429.74 4399.49 4503.08 4265.13 4560.51 4106.15 1632 1732 3.964 0 0 0 0 
109 4302.05 4370.77 4226.15 4550.77 4689.23 4024.1 4718.46 4615.9 4424.62 4393.85 4503.08 4266.67 4560.51 4104.1 1630 1730 3.964 0 0 0 0 
110 4303.59 4368.21 4234.36 4543.08 4690.77 4031.79 4731.79 4621.54 4426.67 4398.97 4508.72 4276.41 4555.9 4105.13 1629 1729 3.98 0 0 0 0 
111 4304.1 4372.31 4236.41 4544.62 4696.92 4038.97 4740 4627.18 4427.18 4400 4512.31 4278.97 4556.92 4109.74 1626 1728 3.98 0 0 0 0 
112 4304.1 4376.92 4237.95 4560.51 4691.28 4031.79 4731.28 4622.56 4431.28 4400 4513.33 4275.9 4563.08 4110.77 1624 1729 3.996 0 0 0 0 
113 4303.08 4376.41 4240.51 4553.33 4690.77 4024.1 4725.64 4616.92 4433.85 4401.03 4510.77 4275.9 4561.54 4104.62 1622 1729 3.996 0 0 0 0 
114 4302.56 4371.79 4240.51 4546.67 4695.9 4027.69 4736.92 4622.56 4431.28 4396.41 4506.67 4278.97 4552.82 4101.03 1620 1731 4.011 0 0 0 0 
115 4307.69 4371.79 4241.54 4565.13 4700 4035.9 4742.05 4635.9 4437.95 4401.54 4512.82 4282.05 4558.46 4111.79 1619 1730 4.011 0 0 0 0 
116 4312.31 4374.87 4240.51 4574.87 4706.67 4031.79 4726.67 4635.9 4447.69 4414.36 4522.05 4281.54 4574.87 4121.54 1617 1728 4.027 0 0 0 0 
117 4305.13 4372.82 4230.77 4561.03 4704.1 4025.13 4717.44 4621.03 4437.95 4406.67 4519.49 4275.9 4569.74 4112.82 1615 1728 4.027 0 0 0 0 
118 4301.03 4368.21 4226.15 4549.74 4692.82 4026.67 4725.13 4614.36 4424.62 4392.31 4507.69 4272.82 4548.21 4106.15 1614 1729 4.042 0 0 0 0 
119 4304.62 4362.05 4222.05 4544.62 4683.59 4022.56 4726.15 4608.72 4415.38 4377.95 4494.87 4269.23 4537.44 4105.13 1612 1728 4.042 0 0 0 0 
120 4311.28 4362.56 4215.9 4545.13 4685.13 4013.33 4713.33 4591.28 4401.54 4361.54 4494.87 4265.13 4541.54 4104.1 1611 1728 4.058 0 0 0 0 
121 4327.18 4370.77 4224.62 4552.82 4689.74 4007.69 4699.49 4589.74 4399.49 4356.92 4504.62 4271.79 4542.05 4114.87 1608 1726 4.058 0 0 0 0 
122 4347.18 4383.59 4240 4559.49 4689.23 4006.15 4692.31 4607.18 4410.77 4364.62 4506.67 4282.05 4542.05 4140 1606 1725 4.074 0 0 0 0 
123 4364.1 4399.49 4242.05 4572.31 4688.21 4007.69 4689.74 4608.21 4410.26 4365.64 4504.1 4286.15 4550.26 4159.49 1604 1722 4.074 0 0 0 0 
124 4379.49 4404.1 4240.51 4582.05 4690.77 4007.69 4690.26 4593.33 4399.49 4358.97 4510.77 4290.26 4562.56 4172.31 1602 1723 4.089 0 0 0 0 
125 4390.77 4400.51 4245.13 4579.49 4687.18 3998.97 4688.72 4592.31 4394.87 4354.87 4514.36 4290.77 4570.26 4186.67 1601 1722 4.089 0 0 0 0 
126 4394.36 4399.49 4245.13 4572.82 4683.08 3990.26 4682.56 4590.26 4386.15 4348.72 4503.59 4284.1 4562.05 4190.26 1599 1724 4.105 0 0 0 0 
127 4394.36 4396.92 4242.56 4565.64 4683.59 3991.28 4678.46 4572.82 4372.31 4337.44 4496.41 4282.05 4549.74 4188.72 1599 1724 4.105 0 0 0 0 
128 4390.77 4397.95 4238.97 4563.59 4674.36 3985.64 4670.77 4562.56 4364.1 4319.49 4501.03 4286.15 4545.13 4191.79 1598 1726 4.12 0 0 0 0 
0 4380 4401.54 4231.28 4569.23 4667.69 3975.38 4661.03 4570.77 4362.05 4307.69 4503.08 4282.56 4537.44 4184.1 1598 1727 4.12 0 0 0 0 
1 4373.33 4391.28 4231.28 4566.67 4677.44 3978.46 4662.05 4582.56 4370.77 4321.03 4500 4277.44 4536.41 4171.28 1597 1728 4.136 0 0 0 0 
2 4374.36 4385.64 4234.87 4555.9 4677.95 3987.18 4668.72 4585.13 4380 4337.44 4505.13 4281.54 4551.28 4171.28 1597 1729 4.136 0 0 0 0 
3 4369.74 4401.54 4228.72 4558.97 4672.82 3988.21 4669.23 4584.62 4381.54 4337.44 4515.38 4285.64 4562.05 4176.92 1598 1729 4.152 0 0 0 0 
4 4358.97 4403.59 4225.64 4568.21 4682.05 3992.31 4673.85 4588.72 4383.59 4334.87 4512.31 4281.54 4553.85 4169.74 1599 1730 4.152 0 0 0 0 
5 4349.74 4380 4228.72 4558.46 4678.97 3996.41 4683.08 4594.87 4386.67 4337.95 4501.03 4276.92 4541.03 4155.38 1600 1728 4.167 0 0 0 0 
6 4342.56 4363.59 4222.56 4543.08 4667.69 3991.79 4682.56 4598.46 4386.67 4337.95 4500 4278.46 4535.9 4140.51 1601 1729 4.167 0 0 0 0 
7 4330.77 4365.13 4211.28 4536.41 4671.28 3986.67 4673.85 4592.31 4384.1 4337.44 4506.67 4278.97 4534.87 4128.21 1603 1727 4.183 0 0 0 0 
8 4317.95 4372.31 4209.23 4529.74 4672.31 3984.62 4664.62 4585.13 4380 4339.49 4501.03 4273.85 4526.67 4116.92 1603 1728 4.183 0 0 0 0 
9 4310.26 4375.38 4210.26 4525.64 4665.64 3982.05 4665.13 4585.13 4375.38 4339.49 4489.74 4270.77 4513.33 4101.54 1605 1728 4.198 0 0 0 0 
10 4305.13 4365.13 4204.62 4523.59 4666.15 3977.95 4666.67 4588.72 4377.95 4339.49 4494.36 4273.33 4510.26 4089.23 1605 1727 4.198 0 0 0 0 
11 4294.87 4350.26 4200.51 4507.69 4668.72 3977.95 4672.31 4593.85 4386.15 4340.51 4507.69 4277.95 4514.87 4087.18 1606 1728 4.214 0 0 0 0 
12 4281.03 4338.46 4202.05 4496.92 4662.05 3978.97 4682.56 4596.41 4385.64 4339.49 4508.21 4276.41 4514.87 4082.05 1607 1728 4.214 0 0 0 0 
13 4276.41 4333.85 4204.1 4507.18 4659.49 3976.92 4677.44 4591.79 4380.51 4340 4501.54 4275.38 4521.03 4075.9 1607 1728 4.23 0 0 0 0 
14 4277.44 4335.9 4206.15 4510.77 4664.1 3980 4671.79 4587.18 4381.03 4337.95 4501.54 4281.03 4525.64 4077.44 1607 1728 4.23 0 0 0 0 
15 4278.97 4336.92 4207.18 4502.56 4664.62 3986.15 4678.46 4586.67 4383.59 4336.41 4503.59 4286.15 4516.92 4081.54 1608 1729 4.245 0 0 0 0 
16 4272.31 4330.77 4204.1 4495.9 4658.46 3985.64 4677.95 4579.49 4375.9 4335.9 4500 4278.97 4511.28 4076.92 1608 1728 4.245 0 0 0 0 
17 4262.05 4328.21 4197.44 4488.21 4655.9 3983.08 4676.92 4573.85 4369.74 4329.74 4499.49 4272.31 4514.36 4070.26 1607 1729 4.261 0 0 0 0 
18 4264.1 4337.44 4195.9 4490.26 4662.05 3990.26 4689.74 4583.59 4378.46 4330.26 4503.59 4277.44 4517.44 4073.85 1608 1729 4.261 0 0 0 0 
19 4269.74 4338.97 4201.03 4499.49 4664.1 3994.36 4694.36 4589.23 4386.15 4340 4505.64 4282.05 4517.44 4077.95 1607 1728 4.276 0 0 0 0 
20 4268.72 4332.31 4202.05 4491.79 4661.54 3990.77 4688.72 4581.54 4382.05 4341.54 4504.62 4278.46 4515.38 4075.38 1609 1727 4.276 0 0 0 0 
21 4268.72 4335.9 4198.97 4487.69 4664.1 3989.23 4692.31 4575.9 4377.95 4334.87 4506.15 4278.46 4517.95 4076.41 1608 1725 4.292 0 0 0 0 
22 4266.15 4338.97 4196.41 4496.92 4666.15 3988.72 4704.1 4574.36 4375.9 4326.15 4507.18 4281.54 4516.92 4078.46 1608 1726 4.292 0 0 0 0 
23 4254.36 4330.77 4194.36 4491.79 4660 3986.67 4715.9 4568.72 4369.23 4315.38 4500.51 4275.38 4501.54 4067.69 1608 1724 4.308 0 0 0 0 
24 4250.77 4329.23 4193.33 4477.44 4657.44 3993.33 4729.74 4573.85 4369.74 4316.41 4494.87 4270.77 4496.41 4062.56 1607 1726 4.308 0 0 0 0 
25 4255.9 4335.9 4194.87 4471.79 4658.46 4001.54 4740 4585.13 4380.51 4322.56 4499.49 4275.9 4506.67 4072.31 1608 1726 4.323 0 0 0 0 
26 4252.82 4333.85 4195.38 4468.72 4655.38 3996.41 4745.64 4584.1 4387.18 4322.05 4505.64 4278.97 4507.18 4073.33 1608 1727 4.323 0 0 0 0 
27 4253.33 4332.31 4199.49 4469.23 4657.95 3996.41 4764.1 4587.18 4385.64 4330.26 4508.72 4277.44 4510.77 4068.21 1607 1726 4.339 0 0 0 0 
28 4262.56 4340.51 4209.23 4476.92 4663.59 4005.64 4786.15 4598.46 4383.08 4333.33 4511.28 4278.46 4513.33 4072.82 1607 1726 4.339 0 0 0 0 
29 4271.28 4349.74 4210.77 4479.49 4665.13 4006.15 4792.82 4598.97 4386.15 4326.15 4512.31 4283.59 4508.21 4086.15 1607 1723 4.354 0 0 0 0 
30 4278.46 4353.33 4207.18 4474.87 4668.21 4001.54 4793.85 4586.15 4385.64 4324.62 4508.72 4286.15 4518.46 4099.49 1606 1724 4.354 0 0 0 0 
31 4285.64 4352.31 4208.21 4471.28 4666.67 3995.38 4792.31 4574.87 4374.36 4318.97 4503.59 4283.59 4520 4109.23 1608 1724 4.37 0 0 0 0 
32 4296.41 4358.46 4211.79 4471.28 4657.44 3986.67 4785.64 4572.82 4368.21 4306.15 4504.62 4281.03 4502.56 4116.41 1607 1723 4.37 0 0 0 0 
33 4307.69 4368.21 4211.79 4469.23 4649.74 3981.03 4790.26 4571.28 4367.18 4297.44 4504.1 4280 4504.62 4125.13 1608 1724 4.386 0 0 0 0 
34 4317.44 4371.79 4212.31 4469.23 4648.21 3985.13 4797.95 4562.05 4359.49 4290.26 4502.56 4284.1 4518.46 4138.97 1609 1720 4.386 0 0 0 0 
35 4334.87 4384.1 4223.59 4475.9 4657.95 3993.33 4803.59 4562.05 4362.56 4296.41 4512.31 4293.85 4524.62 4159.49 1608 1721 4.401 0 0 0 0 
36 4358.46 4404.1 4232.82 4476.41 4667.69 3998.46 4816.92 4572.82 4371.79 4309.23 4516.41 4297.44 4535.9 4176.41 1609 1720 4.401 0 0 0 0 
37 4368.72 4406.15 4230.77 4467.18 4665.13 3997.95 4827.18 4579.49 4369.23 4306.15 4507.69 4295.9 4547.69 4183.59 1609 1721 4.417 0 0 0 0 
38 4368.21 4396.41 4230.26 4458.97 4663.08 3996.92 4826.67 4584.62 4369.74 4305.64 4511.79 4304.1 4549.74 4194.36 1610 1724 4.417 0 0 0 0 
39 4370.26 4392.31 4232.31 4445.64 4667.18 3996.92 4830.26 4588.21 4371.28 4310.26 4520 4302.56 4550.26 4203.59 1610 1726 4.432 0 0 0 0 
40 4367.69 4391.28 4226.67 4430.26 4664.1 3990.77 4834.87 4587.18 4364.1 4301.54 4512.31 4284.1 4546.15 4196.92 1610 1727 4.432 0 0 0 0 
41 4356.92 4392.31 4222.05 4426.67 4655.38 3988.72 4839.49 4588.72 4359.49 4291.79 4502.56 4275.38 4534.36 4186.15 1610 1727 4.448 0 0 0 0 
42 4348.21 4388.21 4223.08 4424.1 4656.41 3995.38 4851.28 4593.85 4360.51 4291.79 4502.56 4283.59 4529.23 4181.03 1612 1728 4.448 0 0 0 0 
43 4345.64 4382.56 4221.03 4411.79 4665.64 3994.36 4851.79 4592.82 4361.54 4295.38 4505.64 4283.08 4528.21 4172.82 1612 1729 4.464 0 0 0 0 
44 4337.44 4379.49 4214.36 4396.92 4668.72 3988.21 4845.13 4592.82 4365.13 4298.97 4507.69 4267.18 4524.1 4160 1614 1729 4.464 0 0 0 0 
45 4328.21 4377.44 4215.38 4391.28 4664.1 3992.82 4852.31 4601.54 4371.28 4299.49 4510.77 4265.13 4528.21 4161.03 1615 1730 4.479 0 0 0 0 
46 4324.62 4378.46 4217.95 4393.85 4662.05 3998.46 4862.05 4601.03 4369.23 4296.41 4509.23 4276.41 4529.74 4163.59 1616 1729 4.479 0 0 0 0 
47 4313.33 4371.79 4209.74 4384.1 4666.15 3995.9 4866.15 4592.31 4364.1 4302.56 4509.23 4272.82 4516.41 4147.18 1616 1729 4.495 0 0 0 0 
48 4298.97 4361.03 4202.56 4363.08 4666.67 4001.54 4877.44 4599.49 4365.13 4316.41 4509.74 4266.15 4509.74 4132.31 1618 1728 4.495 0 0 0 0 
49 4298.97 4363.08 4207.18 4354.87 4667.18 4016.41 4892.31 4614.36 4374.87 4321.54 4512.31 4274.36 4520.51 4136.41 1617 1729 4.51 0 0 0 0 
50 4303.59 4370.26 4213.33 4359.49 4675.9 4022.05 4894.87 4614.87 4383.08 4322.56 4517.95 4281.54 4524.1 4138.97 1619 1729 4.51 0 0 0 0 
51 4299.49 4365.13 4217.44 4359.49 4679.49 4018.97 4890.26 4614.87 4384.1 4328.72 4520.51 4279.49 4519.49 4130.26 1618 1729 4.526 0 0 0 0 
52 4293.85 4357.44 4219.49 4352.82 4672.82 4015.38 4890.77 4621.54 4385.64 4330.77 4518.97 4285.13 4522.56 4127.69 1619 1732 4.526 0 0 0 0 
53 4285.64 4350.77 4213.85 4336.92 4667.18 4013.85 4892.82 4623.59 4388.72 4325.64 4512.82 4285.64 4517.95 4124.62 1621 1731 4.542 0 0 0 0 
54 4275.9 4341.03 4208.72 4315.38 4664.1 4013.85 4893.33 4618.97 4386.15 4326.15 4507.18 4275.38 4505.64 4112.82 1619 1732 4.542 0 0 0 0 
55 4275.38 4342.05 4211.28 4319.49 4665.13 4016.41 4892.31 4620 4389.23 4336.92 4511.79 4273.33 4508.72 4110.77 1620 1729 4.557 0 0 0 0 
56 4275.38 4350.26 4208.21 4333.85 4670.77 4018.46 4890.77 4623.08 4395.38 4341.03 4516.41 4276.41 4518.46 4110.26 1620 1728 4.557 0 0 0 0 
57 4264.62 4349.23 4196.41 4320 4671.79 4018.46 4896.41 4612.31 4385.64 4330.26 4506.67 4269.23 4510.26 4103.08 1621 1727 4.573 0 0 0 0 
58 4256.92 4342.56 4193.85 4301.54 4668.72 4018.97 4901.03 4593.85 4372.31 4321.54 4498.97 4262.56 4495.9 4097.95 1620 1727 4.573 0 0 0 0 
59 4262.05 4342.56 4200 4304.62 4667.18 4013.85 4891.28 4592.82 4374.87 4319.49 4507.69 4267.18 4496.92 4097.95 1621 1726 4.588 0 0 0 0 
60 4266.67 4347.18 4201.54 4307.69 4664.1 4010.77 4888.72 4605.13 4382.05 4317.95 4509.74 4272.31 4509.23 4101.54 1620 1726 4.588 0 0 0 0 
61 4261.54 4344.1 4203.59 4300 4665.13 4020 4907.18 4613.85 4388.21 4322.05 4507.69 4272.82 4517.44 4107.69 1622 1727 4.604 0 0 0 0 
62 4257.95 4338.46 4208.72 4295.9 4671.28 4023.59 4912.82 4622.05 4398.46 4331.79 4511.79 4276.92 4516.92 4106.67 1620 1726 4.604 0 0 0 0 
63 4258.97 4340 4210.77 4298.97 4672.82 4016.41 4899.49 4623.08 4399.49 4336.41 4514.36 4280 4513.33 4100.51 1621 1728 4.62 0 0 0 0 
64 4259.49 4337.44 4206.15 4295.38 4666.15 4016.41 4896.41 4612.82 4389.23 4332.31 4510.77 4279.49 4512.31 4104.1 1622 1727 4.62 0 0 0 0 
65 4256.92 4329.74 4203.59 4282.56 4660.51 4018.97 4901.54 4606.15 4385.13 4327.69 4509.23 4282.56 4510.77 4110.26 1621 1729 4.635 0 0 0 0 
66 4254.36 4329.23 4204.62 4275.9 4658.46 4010.26 4892.31 4595.38 4380 4321.03 4511.79 4283.08 4513.85 4106.67 1623 1730 4.635 0 0 0 0 
67 4255.9 4332.82 4209.23 4278.46 4661.03 4005.13 4886.15 4579.49 4373.33 4321.54 4512.31 4279.49 4525.13 4108.72 1622 1731 4.651 0 0 0 0 
68 4263.08 4330.26 4213.85 4281.54 4666.67 4016.41 4899.49 4586.15 4383.08 4333.33 4509.74 4278.46 4527.69 4121.54 1623 1731 4.651 0 0 0 0 
69 4270.26 4332.82 4214.36 4286.15 4667.69 4026.15 4912.82 4610.77 4402.05 4345.13 4511.28 4278.46 4528.72 4125.64 1624 1729 4.666 0 0 0 0 
70 4272.82 4344.62 4216.92 4292.31 4669.74 4023.59 4908.21 4622.56 4410.77 4353.85 4517.44 4277.95 4536.41 4122.05 1624 1728 4.666 0 0 0 0 
71 4269.23 4344.1 4216.92 4282.56 4671.28 4015.9 4902.05 4617.44 4409.23 4351.79 4508.72 4276.92 4521.54 4122.05 1625 1727 4.682 0 0 0 0 
72 4263.08 4333.85 4211.79 4265.64 4663.59 4012.31 4908.72 4609.74 4401.54 4339.49 4499.49 4273.33 4507.18 4119.49 1627 1728 4.682 0 0 0 0 
73 4268.21 4338.97 4213.85 4270.26 4656.92 4012.82 4904.62 4605.64 4394.87 4335.9 4514.36 4275.9 4533.85 4124.62 1627 1727 4.698 0 0 0 0 
74 4274.87 4343.08 4213.85 4276.41 4654.36 4006.67 4887.18 4595.9 4387.69 4331.79 4523.08 4277.95 4547.69 4133.33 1627 1729 4.698 0 0 0 0 
75 4276.92 4336.41 4210.26 4264.62 4651.28 4000 4883.08 4584.62 4377.44 4314.87 4513.85 4267.18 4526.15 4131.79 1629 1728 4.713 0 0 0 0 
76 4291.28 4346.15 4215.38 4265.13 4650.77 4001.54 4890.26 4586.15 4374.36 4309.74 4510.77 4265.64 4530.26 4141.54 1628 1728 4.713 0 0 0 0 
77 4307.18 4362.05 4222.05 4277.44 4650.77 4000.51 4884.62 4588.21 4375.9 4316.92 4511.28 4276.41 4545.13 4158.46 1628 1727 4.729 0 0 0 0 
78 4315.9 4366.15 4222.05 4271.79 4645.13 3993.33 4872.31 4583.08 4373.33 4314.87 4508.72 4277.95 4536.92 4161.54 1625 1727 4.729 0 0 0 0 
79 4331.79 4371.79 4225.64 4265.13 4645.64 3989.23 4871.28 4584.1 4370.26 4305.64 4510.26 4274.87 4534.36 4169.23 1625 1728 4.744 0 0 0 0 
80 4347.69 4380.51 4230.26 4278.97 4648.72 3987.18 4871.28 4581.03 4365.64 4299.49 4506.67 4277.95 4540.51 4187.18 1624 1727 4.744 0 0 0 0 
81 4349.74 4383.08 4226.15 4286.15 4644.1 3984.1 4863.08 4566.67 4361.03 4297.44 4504.1 4280 4541.03 4193.85 1624 1726 4.76 0 0 0 0 
82 4348.21 4382.05 4226.15 4275.38 4639.49 3983.08 4852.31 4561.54 4361.54 4295.9 4508.72 4278.97 4537.44 4193.33 1624 1725 4.76 0 0 0 0 
83 4351.79 4380 4229.74 4269.23 4639.49 3984.62 4851.28 4568.72 4361.54 4292.82 4508.21 4276.92 4532.82 4193.85 1625 1725 4.776 0 0 0 0 
84 4355.9 4382.05 4230.26 4277.44 4640.51 3990.77 4865.13 4572.82 4360.51 4295.9 4509.23 4274.87 4538.97 4195.38 1623 1725 4.776 0 0 0 0 
85 4355.38 4386.15 4230.77 4278.97 4643.08 3994.36 4871.79 4576.41 4364.1 4303.08 4513.85 4278.97 4548.72 4199.49 1624 1725 4.791 0 0 0 0 
86 4348.21 4384.1 4230.26 4269.23 4647.69 3990.26 4863.59 4580.51 4369.74 4306.67 4513.85 4282.56 4546.67 4193.85 1624 1725 4.791 0 0 0 0 
87 4334.87 4375.9 4220.51 4263.59 4642.56 3985.13 4854.36 4573.85 4364.1 4302.56 4508.72 4275.9 4539.49 4177.44 1622 1727 4.807 0 0 0 0 
88 4323.59 4367.69 4208.21 4258.46 4633.33 3983.59 4856.92 4570.26 4356.92 4300.51 4506.67 4268.72 4536.41 4167.69 1623 1728 4.807 0 0 0 0 
89 4314.87 4363.08 4211.28 4252.31 4635.9 3985.13 4868.72 4580 4360.51 4303.59 4512.82 4270.26 4543.59 4165.64 1622 1728 4.822 0 0 0 0 
90 4304.62 4362.05 4214.36 4244.1 4641.03 3991.28 4870.77 4583.59 4367.69 4305.64 4517.95 4269.74 4552.82 4156.41 1622 1729 4.822 0 0 0 0 
91 4298.97 4362.05 4211.28 4245.13 4645.64 3999.49 4867.69 4583.08 4376.92 4318.97 4512.82 4268.21 4551.79 4147.18 1622 1728 4.838 0 0 0 0 
92 4296.41 4356.92 4216.41 4250.77 4650.26 4004.62 4875.38 4583.08 4387.18 4334.87 4509.23 4273.85 4547.18 4147.69 1622 1728 4.838 0 0 0 0 
93 4280.51 4344.62 4215.9 4238.97 4649.23 4005.64 4882.56 4561.03 4382.05 4330.26 4510.26 4273.85 4541.03 4137.95 1622 1727 4.854 0 0 0 0 
94 4265.64 4335.9 4205.64 4226.67 4642.05 4002.56 4871.28 4525.13 4370.26 4319.49 4504.62 4265.64 4527.69 4117.44 1622 1728 4.854 0 0 0 0 
95 4263.08 4335.38 4201.03 4228.72 4638.97 3997.44 4862.56 4510.77 4372.82 4324.1 4504.1 4263.59 4526.67 4109.23 1623 1728 4.869 0 0 0 0 
96 4256.92 4331.28 4201.54 4222.05 4636.41 3994.87 4865.64 4498.46 4376.92 4325.13 4511.79 4263.08 4537.95 4103.59 1621 1728 4.869 0 0 0 0 
97 4248.21 4328.21 4199.49 4211.79 4636.41 3996.92 4861.54 4465.64 4376.92 4322.05 4510.26 4264.1 4538.97 4094.36 1621 1730 4.885 0 0 0 0 
98 4244.62 4332.31 4201.03 4217.44 4643.59 3999.49 4853.85 4431.79 4382.56 4330.26 4506.67 4270.77 4537.44 4094.87 1621 1731 4.885 0 0 0 0 
99 4238.97 4326.67 4202.05 4210.77 4643.08 3994.87 4854.36 4406.67 4383.08 4328.21 4510.77 4269.74 4543.08 4096.41 1621 1731 4.9 0 0 0 0 
100 4233.33 4314.87 4201.54 4195.38 4638.46 3992.82 4856.92 4381.54 4378.97 4318.46 4517.44 4265.64 4548.72 4092.31 1621 1731 4.9 0 0 0 0 
101 4236.41 4319.49 4207.18 4209.74 4644.62 4001.54 4863.59 4360 4382.56 4325.64 4518.46 4274.87 4552.31 4093.33 1620 1732 4.916 0 0 0 0 
102 4238.97 4326.15 4211.79 4224.62 4652.82 4010.77 4874.36 4346.15 4387.18 4337.95 4511.28 4278.46 4549.23 4094.36 1620 1733 4.916 0 0 0 0 
103 4235.38 4322.56 4208.72 4213.33 4651.28 4008.72 4873.33 4329.74 4387.69 4335.9 4507.18 4273.33 4535.38 4090.77 1620 1732 4.932 0 0 0 0 
104 4231.79 4320.51 4209.23 4206.15 4645.64 4005.13 4864.1 4311.79 4387.18 4325.13 4512.82 4277.95 4534.87 4091.28 1620 1732 4.932 0 0 0 0 
105 4229.74 4323.59 4209.23 4211.28 4647.69 4002.56 4856.92 4294.87 4384.62 4323.59 4513.85 4276.92 4545.13 4087.69 1620 1730 4.947 0 0 0 0 
106 4228.72 4322.05 4202.56 4201.03 4651.28 3995.9 4845.64 4273.85 4380.51 4324.62 4505.13 4264.62 4541.54 4080.51 1619 1732 4.947 0 0 0 0 
107 4223.59 4314.36 4197.44 4185.64 4647.18 3992.31 4842.05 4251.79 4373.85 4312.31 4505.64 4265.13 4530.26 4080.51 1621 1731 4.963 0 0 0 0 
108 4216.41 4308.72 4194.87 4184.1 4637.95 3992.82 4846.15 4236.41 4368.21 4304.62 4512.82 4270.77 4534.87 4084.1 1620 1730 4.963 0 0 0 0 
109 4214.36 4307.18 4192.82 4185.64 4636.92 3996.41 4846.67 4235.38 4371.28 4309.23 4512.31 4265.13 4544.62 4083.08 1622 1730 4.978 0 0 0 0 
110 4216.92 4311.28 4196.41 4187.18 4646.15 4000.51 4845.64 4242.05 4381.54 4310.77 4507.69 4261.03 4535.9 4080.51 1623 1728 4.978 0 0 0 0 
111 4225.64 4321.03 4202.05 4197.44 4652.82 4001.03 4845.13 4238.46 4386.67 4312.31 4506.15 4265.64 4534.87 4088.21 1623 1728 4.994 0 0 0 0 
112 4232.31 4324.62 4204.1 4203.08 4651.79 4001.03 4845.64 4224.1 4381.03 4312.31 4507.69 4271.79 4549.23 4105.64 1624 1728 4.994 0 0 0 0 
113 4233.33 4320 4207.69 4197.44 4647.69 4001.54 4845.64 4212.82 4372.82 4300 4510.77 4272.82 4544.1 4115.38 1625 1728 5.01 0 0 0 0 
114 4237.44 4320.51 4211.28 4200.51 4648.72 4000 4841.54 4208.21 4369.74 4297.95 4511.79 4267.69 4531.28 4115.9 1626 1727 5.01 0 0 0 0 
115 4248.21 4329.23 4208.72 4205.13 4650.77 3993.33 4830.26 4209.74 4369.74 4302.56 4508.72 4269.23 4533.85 4121.54 1625 1728 5.025 0 0 0 0 
116 4258.46 4337.95 4212.31 4201.54 4649.74 3993.33 4824.1 4214.87 4369.23 4285.13 4503.08 4277.44 4537.95 4133.33 1627 1727 5.025 0 0 0 0 
117 4265.64 4341.03 4214.87 4202.05 4647.69 3995.38 4822.56 4212.31 4365.13 4271.28 4501.54 4274.36 4531.79 4143.08 1625 1727 5.041 0 0 0 0 
118 4269.74 4340.51 4209.23 4198.97 4639.49 3984.62 4812.82 4206.67 4351.28 4274.87 4498.97 4261.03 4522.56 4144.62 1627 1727 5.041 0 0 0 0 
119 4276.41 4341.03 4206.15 4187.18 4628.72 3969.74 4798.97 4205.64 4338.46 4255.38 4494.36 4264.1 4511.79 4143.08 1626 1727 5.056 0 0 0 0 
