105 4591.28 4353.85 4106.15 4206.15 4704.1 3917.95 4455.9 4514.87 4302.05 4271.28 4470.77 4248.21 4524.62 4293.33 1604 1731 0.14 0 0 0 0 
106 4592.82 4358.46 4105.64 4205.64 4709.74 3922.05 4455.9 4514.36 4305.13 4271.79 4466.67 4244.62 4524.62 4290.77 1605 1732 0.156 0 0 0 0 
107 4596.41 4360.51 4105.64 4205.64 4713.33 3914.87 4450.26 4509.74 4303.08 4269.23 4465.13 4243.08 4523.08 4291.79 1605 1732 0.156 0 0 0 0 
108 4589.74 4350.26 4097.95 4201.54 4702.56 3905.64 4444.1 4501.54 4289.23 4258.46 4462.56 4237.95 4514.36 4284.1 1605 1733 0.171 0 0 0 0 
109 4581.54 4342.56 4090.26 4195.38 4695.38 3902.05 4443.59 4496.41 4281.03 4255.9 4463.59 4235.38 4509.23 4279.49 1606 1733 0.171 0 0 0 0 
110 4582.56 4343.59 4089.23 4191.79 4701.03 3905.13 4449.23 4494.87 4281.54 4256.92 4465.13 4238.97 4508.21 4283.08 1605 1734 0.187 0 0 0 0 
111 4584.1 4342.56 4087.69 4191.28 4702.05 3906.67 4450.26 4494.36 4279.49 4249.23 4461.54 4243.59 4505.13 4281.03 1605 1735 0.187 0 0 0 0 
112 4578.97 4334.87 4081.54 4187.69 4694.87 3901.03 4444.1 4491.28 4275.38 4244.62 4457.44 4242.56 4502.56 4273.33 1604 1734 0.202 0 0 0 0 
113 4575.9 4331.79 4078.97 4182.05 4693.33 3896.41 4440 4489.74 4278.46 4251.28 4459.49 4238.46 4505.64 4273.85 1605 1734 0.202 0 0 0 0 
114 4578.46 4336.41 4082.56 4186.15 4696.92 3898.46 4434.87 4494.87 4282.56 4255.38 4462.05 4238.46 4510.26 4280 1604 1734 0.218 0 0 0 0 
115 4580.51 4334.87 4081.03 4185.64 4695.38 3898.46 4434.87 4491.79 4274.36 4250.77 4456.92 4237.44 4505.64 4278.97 1605 1734 0.218 0 0 0 0 
116 4578.97 4324.1 4073.33 4173.33 4690.77 3891.79 4435.9 4477.44 4262.05 4242.56 4453.33 4233.85 4497.95 4271.79 1604 1734 0.234 0 0 0 0 
117 4575.38 4323.08 4070.26 4173.33 4690.77 3890.77 4429.74 4473.85 4263.59 4243.59 4458.46 4234.36 4499.49 4267.18 1604 1734 0.234 0 0 0 0 
118 4575.9 4328.21 4072.82 4180.51 4695.38 3900 4433.85 4486.67 4271.28 4252.82 4459.49 4237.95 4503.59 4265.13 1604 1733 0.249 0 0 0 0 
119 4576.41 4325.64 4074.36 4173.33 4694.87 3906.15 4444.62 4490.77 4269.74 4247.69 4452.82 4239.49 4498.97 4263.59 1603 1734 0.249 0 0 0 0 
120 4574.36 4322.05 4071.28 4167.18 4689.74 3901.03 4440 4484.62 4266.67 4236.41 4450.77 4241.54 4495.38 4261.03 1604 1733 0.265 0 0 0 0 
121 4574.36 4324.1 4072.31 4171.79 4686.67 3896.41 4424.1 4486.15 4269.23 4242.05 4453.85 4241.03 4499.49 4260.51 1603 1733 0.265 0 0 0 0 
122 4576.92 4323.59 4073.85 4173.33 4687.18 3896.92 4415.38 4486.67 4268.21 4247.18 4454.87 4236.92 4500.51 4263.59 1603 1734 0.28 0 0 0 0 
123 4572.82 4320.51 4074.36 4168.72 4688.72 3897.44 4416.92 4480.51 4265.13 4238.46 4452.82 4237.44 4494.87 4263.59 1603 1733 0.28 0 0 0 0 
124 4563.08 4315.9 4072.31 4162.56 4683.59 3893.33 4419.49 4474.36 4258.46 4227.18 4444.62 4236.41 4488.72 4255.9 1602 1733 0.296 0 0 0 0 
125 4557.44 4306.15 4066.15 4154.36 4677.95 3891.79 4418.97 4473.33 4250.77 4221.54 4438.97 4228.72 4485.13 4246.15 1601 1732 0.296 0 0 0 0 
126 4560.51 4299.49 4064.62 4153.33 4679.49 3899.49 4420.51 4477.44 4252.82 4222.56 4444.1 4229.74 4484.62 4246.67 1600 1733 0.312 0 0 0 0 
127 4566.15 4300.51 4072.82 4163.59 4682.05 3904.1 4421.03 4482.05 4262.05 4230.26 4451.28 4237.44 4488.72 4254.87 1600 1733 0.312 0 0 0 0 
128 4566.15 4302.56 4081.54 4167.69 4683.59 3901.54 4422.05 4484.62 4266.15 4235.9 4452.31 4238.46 4489.23 4261.03 1599 1733 0.327 0 0 0 0 
0 4560.51 4297.44 4078.97 4157.95 4683.59 3898.46 4425.13 4482.05 4259.49 4232.31 4448.21 4235.38 4485.64 4256.92 1598 1733 0.327 0 0 0 0 
1 4562.56 4292.31 4079.49 4157.44 4684.1 3896.92 4418.97 4476.41 4252.82 4228.72 4446.67 4242.05 4486.67 4255.38 1598 1733 0.343 0 0 0 0 
2 4570.77 4293.33 4089.23 4167.69 4683.59 3896.92 4417.44 4473.85 4256.41 4230.77 4449.23 4250.26 4488.21 4262.56 1597 1733 0.343 0 0 0 0 
3 4567.69 4292.31 4090.77 4167.18 4680 3898.46 4429.74 4469.74 4258.46 4232.31 4449.74 4246.15 4481.03 4261.54 1597 1732 0.358 0 0 0 0 
4 4561.54 4291.79 4086.67 4162.56 4675.9 3897.44 4429.74 4465.13 4254.87 4231.28 4448.21 4241.54 4480 4255.9 1598 1732 0.358 0 0 0 0 
5 4566.67 4296.92 4089.23 4168.21 4679.49 3894.87 4424.1 4467.69 4256.41 4230.77 4449.23 4245.13 4488.21 4259.49 1598 1732 0.374 0 0 0 0 
6 4574.36 4303.08 4094.36 4172.31 4687.69 3898.97 4430.26 4475.38 4262.05 4233.33 4455.9 4252.82 4491.79 4265.64 1599 1731 0.374 0 0 0 0 
7 4573.33 4305.64 4091.79 4174.36 4691.28 3900.51 4434.36 4480 4261.54 4236.92 4462.05 4255.38 4493.33 4267.18 1599 1731 0.39 0 0 0 0 
8 4576.41 4310.77 4091.79 4180.51 4690.77 3896.92 4432.31 4483.59 4263.59 4240 4461.54 4254.87 4498.97 4272.82 1600 1728 0.39 0 0 0 0 
9 4594.36 4321.54 4101.03 4185.13 4691.79 3896.92 4430.26 4488.72 4271.28 4241.03 4463.59 4260.51 4507.18 4288.21 1599 1729 0.405 0 0 0 0 
10 4609.74 4329.23 4107.69 4187.69 4692.82 3897.95 4426.15 4490.77 4271.79 4241.03 4465.13 4271.28 4514.87 4303.59 1601 1728 0.405 0 0 0 0 
11 4620.51 4333.85 4108.21 4190.26 4689.23 3891.79 4428.72 4485.13 4264.1 4236.41 4458.97 4272.31 4517.44 4314.87 1601 1728 0.421 0 0 0 0 
12 4641.03 4346.67 4112.82 4199.49 4689.23 3887.18 4431.28 4476.92 4258.46 4229.23 4457.95 4265.64 4521.03 4333.33 1601 1730 0.421 0 0 0 0 
13 4665.13 4360.51 4123.59 4212.82 4694.36 3888.72 4423.08 4483.08 4265.13 4230.77 4465.64 4271.28 4534.36 4361.03 1602 1729 0.436 0 0 0 0 
14 4677.95 4363.08 4130.77 4219.49 4694.87 3887.18 4415.38 4491.79 4272.31 4237.95 4468.21 4278.97 4544.1 4376.41 1603 1729 0.436 0 0 0 0 
15 4677.95 4360.51 4130.26 4215.38 4691.28 3887.18 4417.95 4485.13 4265.64 4234.87 4466.15 4275.38 4539.49 4375.9 1603 1729 0.452 0 0 0 0 
16 4672.82 4361.54 4127.69 4208.72 4688.21 3886.67 4421.03 4475.9 4254.87 4226.15 4468.21 4270.77 4533.33 4373.85 1603 1730 0.452 0 0 0 0 
17 4670.77 4362.05 4126.67 4207.69 4687.69 3882.05 4418.97 4474.87 4252.82 4225.13 4468.72 4271.28 4535.38 4372.82 1603 1730 0.468 0 0 0 0 
18 4671.28 4362.05 4127.18 4210.77 4691.79 3884.62 4418.46 4480 4260.51 4235.38 4464.62 4275.38 4541.03 4374.36 1603 1731 0.468 0 0 0 0 
19 4666.67 4361.54 4125.64 4212.82 4693.33 3887.18 4416.92 4483.59 4267.18 4245.13 4465.13 4275.38 4541.54 4371.28 1603 1729 0.483 0 0 0 0 
20 4660 4357.44 4121.54 4211.28 4688.72 3876.92 4409.23 4474.36 4262.56 4237.95 4465.64 4266.67 4535.38 4360 1602 1730 0.483 0 0 0 0 
21 4651.28 4352.31 4116.92 4206.67 4687.69 3872.82 4406.15 4463.59 4255.38 4226.15 4457.44 4258.97 4528.72 4348.72 1603 1729 0.499 0 0 0 0 
22 4638.97 4347.69 4113.85 4202.05 4690.26 3880 4411.28 4469.74 4261.54 4234.87 4454.36 4255.38 4525.64 4340.51 1602 1729 0.499 0 0 0 0 
23 4627.18 4345.13 4108.21 4198.97 4688.21 3884.62 4414.36 4481.54 4268.21 4246.15 4461.03 4254.87 4524.1 4331.79 1603 1730 0.514 0 0 0 0 
24 4614.36 4341.54 4094.36 4191.79 4682.56 3884.1 4412.31 4481.54 4263.08 4235.9 4458.46 4253.85 4517.95 4317.95 1602 1729 0.514 0 0 0 0 
25 4602.56 4336.41 4088.21 4181.03 4682.56 3880 4407.69 4481.03 4260.51 4232.31 4450.77 4248.72 4508.21 4300 1602 1730 0.53 0 0 0 0 
26 4600 4339.49 4096.92 4181.54 4683.59 3879.49 4398.97 4483.08 4268.72 4247.69 4455.38 4248.72 4506.67 4292.31 1603 1731 0.53 0 0 0 0 
27 4593.85 4341.54 4098.97 4186.67 4679.49 3878.46 4394.36 4483.59 4270.77 4247.18 4457.44 4252.31 4504.1 4289.23 1603 1730 0.546 0 0 0 0 
28 4580.51 4333.85 4090.26 4179.49 4677.44 3877.44 4407.69 4483.59 4265.13 4234.36 4449.74 4250.26 4490.77 4278.46 1603 1730 0.546 0 0 0 0 
29 4575.38 4332.82 4087.18 4170.26 4677.44 3881.54 4420 4488.21 4269.23 4237.95 4451.79 4249.23 4483.59 4268.72 1602 1732 0.561 0 0 0 0 
30 4577.95 4342.56 4093.33 4177.44 4679.49 3888.21 4416.41 4498.46 4283.08 4251.79 4459.49 4254.36 4494.87 4273.33 1604 1731 0.561 0 0 0 0 
31 4579.49 4347.18 4095.38 4185.13 4685.13 3887.69 4411.28 4501.03 4285.13 4254.87 4458.97 4252.82 4500.51 4274.36 1602 1731 0.577 0 0 0 0 
32 4573.33 4340.51 4086.67 4175.9 4684.62 3880.51 4409.74 4489.74 4272.31 4244.62 4453.85 4242.56 4487.18 4263.08 1604 1731 0.577 0 0 0 0 
33 4564.1 4334.36 4082.56 4165.13 4679.49 3882.56 4413.33 4484.1 4266.67 4237.95 4452.31 4242.56 4480 4256.41 1603 1731 0.592 0 0 0 0 
34 4561.03 4336.92 4086.15 4169.23 4681.03 3885.64 4419.49 4486.15 4267.18 4239.49 4452.82 4250.26 4485.13 4254.36 1603 1732 0.592 0 0 0 0 
35 4562.56 4343.08 4086.15 4173.33 4680 3880.51 4413.33 4482.56 4263.59 4237.44 4451.28 4249.23 4483.59 4252.82 1603 1731 0.608 0 0 0 0 
36 4564.62 4345.13 4085.64 4170.26 4674.87 3878.46 4406.15 4485.13 4265.64 4240 4451.79 4249.74 4481.54 4257.95 1603 1732 0.608 0 0 0 0 
37 4567.69 4345.13 4091.79 4171.28 4675.38 3883.08 4414.87 4495.38 4273.85 4249.74 4457.44 4257.44 4488.21 4265.13 1603 1731 0.624 0 0 0 0 
38 4573.33 4349.23 4096.92 4178.46 4678.97 3887.18 4423.08 4495.38 4276.92 4251.28 4457.44 4257.95 4494.36 4266.67 1603 1731 0.624 0 0 0 0 
39 4574.87 4353.85 4096.41 4182.56 4680.51 3888.72 4421.54 4491.79 4276.92 4246.15 4452.31 4254.36 4496.92 4268.21 1603 1731 0.639 0 0 0 0 
40 4575.9 4357.95 4093.33 4180.51 4681.03 3891.28 4424.1 4495.38 4278.97 4246.15 4453.85 4253.85 4501.54 4271.79 1602 1731 0.639 0 0 0 0 
41 4575.9 4362.56 4090.77 4181.54 4685.64 3894.36 4427.69 4500 4282.05 4251.28 4461.03 4249.74 4502.05 4268.72 1603 1731 0.655 0 0 0 0 
42 4568.21 4362.05 4087.69 4183.59 4688.21 3896.92 4426.67 4499.49 4281.03 4250.26 4458.97 4241.54 4492.31 4264.1 1601 1731 0.655 0 0 0 0 
43 4557.44 4358.97 4081.03 4180.51 4681.54 3897.44 4428.21 4495.38 4274.36 4242.56 4451.79 4239.49 4484.62 4259.49 1603 1731 0.67 0 0 0 0 
44 4561.03 4362.56 4077.95 4179.49 4678.46 3895.9 4429.74 4494.36 4272.82 4242.56 4452.82 4244.62 4488.72 4259.49 1601 1731 0.67 0 0 0 0 
45 4574.36 4373.85 4091.28 4188.21 4690.26 3900 4431.79 4500.51 4285.13 4256.92 4463.59 4258.46 4504.1 4270.77 1600 1732 0.686 0 0 0 0 
46 4582.05 4382.05 4104.1 4197.95 4698.97 3908.21 4441.54 4506.15 4298.97 4270.77 4469.23 4271.28 4519.49 4284.1 1601 1731 0.686 0 0 0 0 
47 4581.03 4381.54 4099.49 4197.95 4695.38 3913.33 4447.69 4506.67 4300.51 4272.82 4464.62 4274.36 4520.51 4286.15 1601 1733 0.702 0 0 0 0 
48 4578.46 4377.95 4093.33 4195.9 4693.85 3911.79 4443.08 4505.13 4298.97 4270.77 4463.59 4271.28 4513.85 4283.59 1601 1731 0.702 0 0 0 0 
49 4577.95 4376.41 4092.31 4193.85 4694.87 3909.23 4439.49 4505.13 4298.97 4267.69 4466.15 4262.56 4512.31 4278.46 1600 1731 0.717 0 0 0 0 
50 4571.28 4372.31 4083.08 4184.1 4688.72 3903.08 4433.85 4503.08 4287.69 4256.41 4458.97 4251.28 4503.59 4265.64 1601 1732 0.717 0 0 0 0 
51 4566.67 4366.67 4080 4177.95 4684.1 3892.31 4423.08 4501.03 4278.46 4247.18 4450.26 4249.23 4490.77 4258.46 1601 1731 0.733 0 0 0 0 
52 4572.82 4370.26 4090.26 4186.67 4684.62 3892.82 4424.1 4501.54 4281.54 4247.69 4451.79 4257.44 4493.85 4265.64 1602 1731 0.733 0 0 0 0 
53 4578.46 4377.44 4096.92 4194.87 4690.26 3902.56 4433.33 4505.13 4284.1 4252.82 4459.49 4262.05 4502.05 4275.9 1602 1731 0.748 0 0 0 0 
54 4575.38 4376.92 4093.85 4192.82 4692.82 3903.59 4435.38 4508.21 4282.05 4254.87 4461.03 4257.95 4502.05 4276.92 1603 1732 0.748 0 0 0 0 
55 4573.33 4372.82 4093.85 4195.38 4692.31 3901.54 4439.49 4509.23 4283.08 4254.36 4458.46 4256.92 4503.59 4275.9 1604 1732 0.764 0 0 0 0 
56 4584.62 4379.49 4103.08 4209.23 4701.03 3908.21 4445.64 4517.44 4295.38 4263.59 4463.08 4266.67 4517.44 4286.67 1604 1731 0.764 0 0 0 0 
57 4591.28 4388.72 4105.13 4212.31 4711.28 3908.21 4438.46 4525.13 4303.59 4275.38 4469.74 4268.21 4525.64 4293.85 1604 1732 0.78 0 0 0 0 
58 4584.1 4383.59 4095.9 4200.51 4705.64 3899.49 4430.77 4521.03 4297.95 4270.77 4464.62 4256.41 4514.36 4283.59 1606 1732 0.78 0 0 0 0 
59 4577.95 4375.9 4092.31 4197.95 4697.95 3896.41 4432.31 4513.85 4290.26 4263.59 4460 4252.82 4509.23 4277.44 1605 1732 0.795 0 0 0 0 
60 4579.49 4376.41 4095.38 4204.62 4700.51 3899.49 4430.26 4509.74 4292.31 4265.64 4462.05 4257.95 4518.97 4282.56 1606 1732 0.795 0 0 0 0 
61 4581.03 4376.41 4096.41 4202.05 4702.56 3902.56 4426.67 4512.31 4295.9 4266.67 4463.08 4262.05 4519.49 4284.62 1606 1732 0.811 0 0 0 0 
62 4578.97 4371.28 4095.9 4194.36 4698.46 3900 4426.15 4511.28 4290.77 4263.59 4458.97 4262.05 4509.74 4279.49 1608 1732 0.811 0 0 0 0 
63 4577.44 4370.26 4094.87 4193.33 4696.41 3900.51 4429.74 4506.67 4286.67 4262.56 4455.9 4257.44 4512.82 4275.9 1606 1732 0.826 0 0 0 0 
64 4580.51 4373.33 4097.95 4198.46 4700.51 3904.1 4434.36 4506.15 4289.23 4262.56 4461.03 4258.97 4518.46 4281.03 1607 1733 0.826 0 0 0 0 
65 4590.26 4376.41 4108.21 4207.18 4707.18 3905.13 4432.31 4517.44 4296.92 4273.33 4466.67 4270.26 4519.49 4293.33 1607 1731 0.842 0 0 0 0 
66 4595.9 4380.51 4114.36 4216.41 4711.28 3912.82 4436.92 4530.77 4307.18 4287.18 4464.62 4276.41 4529.74 4300 1606 1732 0.842 0 0 0 0 
67 4593.85 4386.15 4110.26 4215.9 4710.77 3920 4449.74 4529.74 4309.23 4285.13 4462.05 4268.21 4534.36 4298.46 1606 1732 0.858 0 0 0 0 
68 4596.92 4390.26 4108.72 4215.9 4711.28 3916.41 4449.74 4527.69 4307.69 4286.15 4466.67 4264.62 4529.23 4303.08 1605 1732 0.858 0 0 0 0 
69 4606.67 4389.23 4112.82 4224.62 4715.9 3915.38 4441.03 4537.44 4310.77 4298.97 4471.79 4273.85 4537.44 4314.36 1605 1732 0.873 0 0 0 0 
70 4610.26 4388.72 4113.33 4227.69 4718.97 3925.13 4444.62 4542.05 4314.36 4297.44 4471.28 4277.44 4543.59 4313.33 1604 1732 0.873 0 0 0 0 
71 4601.54 4388.21 4109.74 4221.54 4720 3933.33 4455.9 4534.87 4308.21 4284.1 4466.67 4272.82 4528.72 4302.56 1605 1732 0.889 0 0 0 0 
72 4595.9 4383.59 4108.72 4218.97 4722.05 3934.36 4463.59 4535.38 4306.15 4282.56 4462.05 4272.31 4515.9 4296.41 1604 1732 0.889 0 0 0 0 
73 4601.54 4383.59 4110.77 4224.1 4723.08 3931.79 4460 4545.13 4317.44 4293.85 4466.15 4277.44 4523.08 4303.08 1605 1732 0.904 0 0 0 0 
74 4609.74 4395.38 4116.41 4232.31 4722.05 3932.82 4454.36 4549.74 4328.21 4307.69 4476.41 4283.59 4537.95 4315.38 1604 1733 0.904 0 0 0 0 
75 4612.31 4401.54 4122.05 4236.41 4725.64 3937.95 4462.05 4551.79 4331.79 4313.33 4474.87 4288.72 4549.74 4322.05 1604 1733 0.92 0 0 0 0 
76 4610.26 4394.36 4124.1 4232.82 4728.72 3933.33 4463.08 4552.82 4330.26 4308.72 4465.64 4285.64 4550.26 4322.05 1604 1732 0.92 0 0 0 0 
77 4610.77 4396.92 4126.15 4232.82 4726.15 3926.67 4448.72 4551.28 4328.72 4308.21 4472.31 4278.97 4550.26 4320 1603 1733 0.936 0 0 0 0 
78 4613.33 4407.18 4126.67 4240.51 4725.64 3933.85 4447.18 4548.72 4330.26 4314.36 4483.08 4275.38 4557.44 4321.03 1604 1732 0.936 0 0 0 0 
79 4613.85 4404.1 4122.56 4242.56 4729.74 3942.05 4460.51 4538.97 4328.21 4312.31 4476.92 4273.33 4558.46 4321.54 1603 1732 0.951 0 0 0 0 
80 4610.77 4397.95 4121.54 4236.41 4729.74 3936.41 4461.54 4523.59 4321.03 4303.08 4468.21 4271.79 4551.28 4317.44 1604 1733 0.951 0 0 0 0 
81 4607.18 4402.05 4123.08 4232.82 4725.13 3926.67 4446.15 4520 4320 4302.56 4471.28 4275.9 4550.77 4314.36 1604 1732 0.967 0 0 0 0 
82 4606.15 4402.05 4123.59 4234.87 4723.08 3926.67 4442.05 4531.79 4325.13 4308.21 4472.82 4280.51 4555.38 4316.92 1603 1733 0.967 0 0 0 0 
83 4606.15 4396.41 4125.64 4235.9 4724.1 3930.26 4449.74 4543.08 4323.08 4304.1 4469.23 4278.97 4552.82 4316.92 1603 1733 0.982 0 0 0 0 
84 4607.18 4393.85 4124.1 4230.77 4723.08 3924.62 4447.18 4545.64 4316.92 4294.87 4466.15 4277.44 4547.69 4310.77 1603 1733 0.982 0 0 0 0 
85 4606.67 4391.79 4120 4226.15 4720.51 3922.56 4444.62 4548.21 4315.38 4296.92 4471.79 4281.54 4550.77 4310.77 1602 1732 0.998 0 0 0 0 
86 4608.72 4392.82 4126.67 4234.87 4726.15 3936.92 4457.95 4555.9 4320.51 4308.72 4481.03 4286.67 4559.49 4320.51 1602 1733 0.998 0 0 0 0 
87 4613.33 4399.49 4135.9 4243.59 4733.33 3942.05 4461.03 4560.51 4327.18 4312.82 4478.97 4290.26 4558.97 4325.13 1602 1732 1.014 0 0 0 0 
88 4612.82 4402.56 4132.82 4243.08 4729.74 3931.28 4444.62 4560.51 4332.82 4313.85 4473.33 4288.72 4556.92 4322.56 1601 1733 1.014 0 0 0 0 
89 4610.77 4400 4127.18 4242.56 4725.13 3929.74 4444.62 4561.54 4332.82 4316.92 4476.92 4282.56 4564.62 4322.05 1603 1733 1.029 0 0 0 0 
90 4610.26 4395.9 4127.18 4241.54 4727.18 3936.92 4461.54 4560 4324.1 4309.74 4475.9 4275.9 4565.13 4322.56 1601 1733 1.029 0 0 0 0 
91 4605.64 4391.79 4125.13 4234.36 4726.67 3934.36 4464.62 4550.77 4317.95 4301.03 4466.15 4269.74 4552.82 4313.33 1601 1734 1.045 0 0 0 0 
92 4598.97 4390.77 4119.49 4231.28 4722.56 3925.13 4450.26 4546.67 4321.03 4304.1 4465.64 4264.1 4546.15 4306.67 1601 1733 1.045 0 0 0 0 
93 4598.46 4393.33 4118.46 4231.79 4722.05 3922.05 4440.51 4553.85 4324.1 4308.21 4473.85 4264.62 4552.31 4311.79 1601 1734 1.06 0 0 0 0 
94 4604.1 4392.82 4125.64 4232.31 4725.13 3926.15 4447.69 4563.59 4328.21 4309.74 4477.44 4270.26 4558.97 4317.44 1601 1734 1.06 0 0 0 0 
95 4606.67 4390.77 4124.62 4235.9 4726.15 3930.77 4454.87 4564.1 4328.72 4311.28 4472.31 4273.33 4556.92 4317.95 1602 1734 1.076 0 0 0 0 
96 4603.08 4401.54 4114.36 4235.9 4722.05 3927.18 4450.77 4561.54 4321.03 4307.69 4469.74 4274.87 4548.72 4316.92 1602 1733 1.076 0 0 0 0 
97 4604.62 4418.97 4114.87 4234.36 4722.05 3922.56 4447.18 4566.15 4321.54 4307.69 4474.36 4275.38 4552.82 4319.49 1602 1733 1.092 0 0 0 0 
98 4607.18 4415.9 4117.95 4239.49 4726.67 3924.1 4445.13 4567.69 4327.18 4312.82 4472.82 4271.28 4561.03 4319.49 1603 1731 1.092 0 0 0 0 
99 4604.62 4399.49 4107.69 4239.49 4727.69 3925.13 4440 4561.03 4318.97 4308.21 4468.72 4267.69 4554.87 4318.46 1602 1732 1.107 0 0 0 0 
100 4605.64 4395.38 4102.05 4235.38 4727.69 3925.13 4445.64 4562.05 4316.92 4305.13 4471.79 4271.28 4547.69 4320.51 1604 1731 1.107 0 0 0 0 
101 4609.23 4396.92 4103.08 4232.31 4726.67 3926.67 4456.41 4566.67 4322.56 4306.67 4468.21 4272.31 4544.62 4317.44 1603 1730 1.123 0 0 0 0 
102 4597.95 4389.74 4096.92 4227.69 4722.56 3923.08 4449.74 4562.56 4315.38 4300 4463.59 4265.13 4536.92 4306.67 1604 1731 1.123 0 0 0 0 
103 4585.13 4389.74 4100 4230.77 4723.59 3919.49 4439.49 4563.59 4312.82 4300.51 4471.28 4268.21 4539.49 4307.69 1603 1730 1.138 0 0 0 0 
104 4586.15 4401.03 4112.82 4239.49 4732.31 3927.69 4448.21 4571.79 4322.56 4312.31 4476.41 4278.46 4554.36 4322.56 1604 1731 1.138 0 0 0 0 
105 4585.13 4401.03 4113.33 4236.92 4730.77 3931.28 4456.92 4572.82 4322.05 4313.85 4471.28 4275.9 4552.82 4321.03 1604 1731 1.154 0 0 0 0 
106 4578.46 4392.31 4106.67 4228.21 4723.08 3920.51 4449.23 4553.85 4313.85 4304.62 4467.69 4268.72 4539.49 4307.18 1603 1731 1.154 0 0 0 0 
107 4578.46 4391.28 4107.18 4225.13 4723.59 3917.44 4444.1 4498.97 4313.33 4301.54 4468.72 4267.18 4534.87 4308.21 1603 1731 1.17 0 0 0 0 
108 4572.82 4388.21 4102.05 4217.95 4720.51 3919.49 4446.67 4415.38 4307.18 4296.92 4465.13 4261.54 4531.28 4307.18 1603 1732 1.17 0 0 0 0 
109 4558.97 4379.49 4091.79 4209.74 4710.77 3912.82 4441.54 4342.05 4298.97 4288.72 4457.95 4252.82 4523.59 4289.74 1603 1732 1.185 0 0 0 0 
110 4559.49 4379.49 4096.41 4213.33 4710.77 3911.28 4437.95 4298.97 4305.64 4290.77 4458.97 4260 4520.51 4287.18 1603 1733 1.185 0 0 0 0 
111 4570.26 4383.59 4109.23 4218.97 4717.44 3917.44 4446.15 4267.18 4314.87 4296.92 4466.15 4268.21 4525.13 4300 1603 1733 1.201 0 0 0 0 
112 4571.79 4382.05 4111.79 4217.95 4719.49 3919.49 4450.77 4237.44 4313.33 4298.46 4463.59 4262.56 4527.69 4300 1604 1734 1.201 0 0 0 0 
113 4565.64 4379.49 4105.64 4215.9 4717.44 3916.41 4446.67 4215.38 4308.21 4296.92 4458.97 4256.41 4525.13 4291.28 1604 1733 1.216 0 0 0 0 
114 4561.54 4376.92 4101.54 4213.33 4714.87 3914.87 4446.15 4198.46 4307.18 4294.36 4464.1 4256.41 4521.03 4290.26 1604 1734 1.216 0 0 0 0 
115 4561.03 4372.31 4101.03 4210.77 4714.36 3907.69 4441.03 4177.44 4308.21 4293.33 4464.62 4256.92 4520.51 4292.31 1604 1733 1.232 0 0 0 0 
116 4559.49 4369.23 4103.08 4207.69 4714.36 3899.49 4428.21 4159.49 4307.69 4292.82 4458.46 4261.03 4522.05 4292.82 1605 1733 1.232 0 0 0 0 
117 4559.49 4369.74 4110.77 4210.26 4713.85 3905.13 4436.92 4159.49 4309.23 4294.87 4463.08 4270.26 4523.59 4297.95 1606 1732 1.248 0 0 0 0 
118 4562.56 4374.36 4116.41 4215.9 4716.41 3914.87 4455.38 4167.18 4313.85 4301.03 4469.74 4272.82 4526.15 4304.62 1604 1732 1.248 0 0 0 0 
119 4563.08 4377.95 4117.44 4214.87 4716.41 3913.85 4455.38 4167.18 4311.28 4300.51 4462.05 4269.23 4527.18 4303.59 1606 1732 1.263 0 0 0 0 
120 4562.05 4375.38 4119.49 4212.82 4713.85 3914.36 4450.26 4167.18 4307.18 4296.41 4457.44 4270.26 4529.23 4301.54 1605 1731 1.263 0 0 0 0 
121 4566.67 4373.33 4124.1 4215.38 4717.95 3916.92 4451.79 4168.72 4309.23 4302.05 4467.18 4271.28 4535.38 4305.64 1606 1732 1.279 0 0 0 0 
122 4568.21 4374.36 4125.13 4217.95 4725.64 3916.92 4454.36 4170.26 4312.82 4311.28 4469.23 4265.64 4537.95 4308.21 1605 1731 1.279 0 0 0 0 
123 4565.64 4376.41 4125.13 4218.46 4727.69 3919.49 4458.46 4188.72 4315.9 4310.77 4461.03 4264.1 4537.44 4304.1 1605 1732 1.294 0 0 0 0 
124 4562.05 4373.85 4125.13 4216.41 4722.56 3919.49 4460 4217.44 4314.87 4303.59 4460 4267.69 4535.38 4301.03 1605 1732 1.294 0 0 0 0 
125 4562.56 4376.92 4126.67 4216.92 4718.97 3916.41 4457.44 4253.33 4313.33 4302.56 4464.1 4271.28 4536.41 4302.56 1604 1732 1.31 0 0 0 0 
126 4568.72 4385.13 4132.31 4222.05 4724.1 3918.46 4458.46 4302.56 4319.49 4311.79 4466.15 4274.87 4543.08 4306.67 1604 1731 1.31 0 0 0 0 
127 4569.74 4383.59 4134.36 4222.05 4727.69 3920.51 4456.41 4347.69 4320 4312.82 4465.64 4276.92 4542.56 4305.13 1604 1732 1.326 0 0 0 0 
128 4564.62 4377.44 4130.77 4217.44 4725.64 3919.49 4457.95 4369.23 4313.33 4302.05 4461.54 4275.9 4534.36 4299.49 1604 1732 1.326 0 0 0 0 
0 4560.51 4374.36 4126.15 4213.85 4722.56 3919.49 4465.13 4382.56 4311.28 4294.36 4457.95 4272.31 4525.64 4295.9 1602 1733 1.341 0 0 0 0 
1 4557.44 4373.33 4122.56 4211.79 4719.49 3913.85 4458.46 4397.44 4309.74 4293.85 4459.49 4267.69 4522.05 4292.31 1603 1732 1.341 0 0 0 0 
2 4563.08 4379.49 4125.64 4215.9 4722.05 3910.77 4450.26 4415.38 4310.77 4301.03 4461.03 4270.77 4529.23 4295.9 1602 1732 1.357 0 0 0 0 
3 4568.72 4384.1 4130.77 4219.49 4725.13 3913.33 4456.41 4429.74 4315.38 4304.62 4460 4275.9 4533.85 4299.49 1603 1733 1.357 0 0 0 0 
4 4563.59 4375.38 4127.69 4214.36 4720.51 3909.23 4460.51 4432.31 4310.26 4293.33 4458.46 4269.23 4523.59 4293.85 1603 1732 1.372 0 0 0 0 
5 4562.05 4370.77 4124.1 4212.31 4717.44 3905.64 4451.79 4434.87 4303.08 4286.67 4457.95 4263.59 4518.97 4294.36 1602 1734 1.372 0 0 0 0 
6 4566.15 4377.95 4129.23 4216.92 4723.59 3909.74 4450.26 4448.21 4308.21 4294.87 4458.46 4272.82 4528.72 4303.59 1603 1732 1.388 0 0 0 0 
7 4563.59 4376.41 4131.79 4216.92 4724.62 3912.31 4455.38 4460 4313.85 4300 4461.03 4274.87 4532.31 4302.05 1603 1733 1.388 0 0 0 0 
8 4563.59 4372.31 4128.21 4218.46 4722.56 3910.77 4450.77 4468.21 4313.85 4298.97 4462.05 4267.69 4531.79 4297.95 1604 1733 1.404 0 0 0 0 
9 4566.67 4376.92 4129.23 4223.08 4725.64 3915.9 4442.05 4479.49 4315.9 4301.54 4461.54 4268.21 4535.9 4302.56 1603 1733 1.404 0 0 0 0 
10 4561.54 4377.44 4127.18 4218.97 4726.15 3914.87 4430.77 4482.56 4313.33 4298.97 4462.05 4270.26 4533.85 4300.51 1604 1733 1.419 0 0 0 0 
11 4558.46 4374.36 4123.08 4213.33 4722.56 3907.69 4424.1 4481.03 4308.72 4293.85 4461.54 4267.18 4531.28 4297.95 1603 1734 1.419 0 0 0 0 
12 4562.56 4375.38 4125.13 4216.41 4722.56 3909.23 4426.67 4487.69 4310.77 4296.92 4460.51 4268.21 4535.38 4305.13 1604 1732 1.435 0 0 0 0 
13 4562.56 4376.41 4127.69 4218.46 4723.59 3915.9 4430.26 4494.36 4313.33 4302.05 4463.08 4272.31 4536.92 4308.72 1603 1731 1.435 0 0 0 0 
14 4562.56 4379.49 4130.26 4218.97 4725.64 3920 4429.23 4503.59 4313.85 4306.67 4465.13 4274.87 4537.95 4305.13 1603 1732 1.45 0 0 0 0 
15 4566.67 4386.15 4133.33 4225.13 4730.77 3916.92 4427.18 4516.92 4320 4310.77 4462.05 4273.33 4543.08 4307.18 1604 1731 1.45 0 0 0 0 
16 4567.18 4385.64 4128.21 4224.62 4728.72 3913.33 4426.67 4521.54 4324.62 4310.26 4457.95 4270.26 4545.64 4310.26 1603 1731 1.466 0 0 0 0 
17 4567.69 4383.59 4129.23 4224.1 4725.13 3918.46 4434.36 4524.62 4324.1 4309.74 4463.08 4274.36 4550.77 4311.79 1604 1730 1.466 0 0 0 0 
18 4571.28 4386.15 4139.49 4232.31 4732.31 3926.15 4442.56 4537.44 4327.69 4314.36 4469.74 4278.97 4555.9 4313.33 1603 1731 1.482 0 0 0 0 
19 4569.23 4387.69 4136.41 4233.33 4734.87 3922.05 4433.33 4540.51 4328.21 4313.85 4466.67 4274.87 4550.26 4310.77 1603 1732 1.482 0 0 0 0 
20 4566.15 4389.23 4125.64 4228.72 4727.18 3916.41 4427.18 4531.28 4318.97 4304.62 4460.51 4269.23 4543.08 4308.21 1602 1732 1.497 0 0 0 0 
21 4566.15 4388.72 4125.13 4230.26 4723.59 3922.05 4435.9 4530.77 4312.82 4296.92 4460.51 4270.26 4543.08 4308.21 1602 1731 1.497 0 0 0 0 
22 4565.64 4384.62 4126.67 4229.74 4727.69 3921.03 4433.33 4533.85 4313.85 4297.44 4463.59 4273.33 4546.67 4306.67 1601 1731 1.513 0 0 0 0 
23 4566.67 4386.67 4125.64 4227.69 4726.67 3916.92 4421.54 4536.41 4316.92 4302.56 4466.15 4276.41 4548.72 4305.13 1602 1730 1.513 0 0 0 0 
24 4568.21 4389.23 4125.64 4231.79 4723.59 3917.95 4425.64 4544.62 4321.54 4306.67 4465.13 4276.41 4548.21 4308.72 1601 1730 1.528 0 0 0 0 
25 4562.56 4385.64 4123.08 4229.74 4725.13 3920.51 4437.44 4555.9 4326.15 4307.69 4464.62 4274.36 4543.59 4311.28 1600 1731 1.528 0 0 0 0 
26 4565.64 4387.18 4125.64 4227.69 4732.31 3926.67 4444.62 4567.69 4334.36 4314.36 4470.77 4278.97 4547.69 4315.9 1601 1730 1.544 0 0 0 0 
27 4576.92 4396.41 4132.31 4236.41 4738.97 3936.41 4449.74 4570.77 4340 4322.56 4471.79 4283.59 4555.9 4321.54 1600 1731 1.544 0 0 0 0 
28 4570.77 4393.85 4127.69 4236.92 4735.9 3933.33 4444.1 4560.51 4329.23 4312.31 4461.54 4276.41 4546.15 4314.36 1600 1730 1.56 0 0 0 0 
29 4560.51 4388.21 4122.05 4230.77 4730.77 3924.62 4437.44 4558.97 4321.03 4300.51 4461.54 4272.82 4541.03 4306.67 1600 1730 1.56 0 0 0 0 
30 4562.56 4391.28 4122.56 4230.77 4734.36 3929.74 4444.1 4568.21 4326.15 4308.21 4469.23 4275.9 4550.77 4310.77 1600 1732 1.575 0 0 0 0 
31 4564.1 4392.31 4117.95 4227.69 4735.38 3933.33 4445.13 4565.64 4324.1 4309.74 4464.62 4271.28 4548.72 4310.26 1600 1732 1.575 0 0 0 0 
32 4561.03 4390.26 4115.9 4224.1 4731.28 3927.69 4440 4563.59 4321.03 4301.54 4462.05 4268.21 4538.46 4304.62 1600 1732 1.591 0 0 0 0 
33 4562.05 4393.85 4119.49 4229.23 4734.87 3926.67 4443.59 4573.85 4326.15 4304.62 4469.23 4275.38 4541.03 4307.69 1601 1731 1.591 0 0 0 0 
34 4564.1 4394.87 4115.9 4227.69 4735.38 3925.64 4444.1 4572.31 4322.56 4306.15 4467.18 4274.36 4548.21 4312.31 1601 1732 1.606 0 0 0 0 
35 4560 4391.28 4108.72 4220 4730.26 3922.56 4445.64 4562.05 4315.9 4300.51 4461.03 4270.26 4550.26 4308.21 1601 1731 1.606 0 0 0 0 
36 4558.46 4389.74 4109.23 4218.46 4732.82 3925.64 4450.26 4561.03 4317.44 4301.03 4462.56 4273.33 4548.21 4303.59 1602 1732 1.622 0 0 0 0 
37 4558.97 4387.18 4112.31 4218.46 4737.95 3926.15 4447.69 4561.03 4316.92 4301.03 4463.08 4273.85 4541.54 4302.56 1601 1732 1.622 0 0 0 0 
38 4557.44 4385.13 4109.74 4216.41 4734.87 3920 4443.59 4557.95 4314.36 4293.33 4460 4269.23 4540 4302.56 1602 1732 1.638 0 0 0 0 
39 4556.41 4388.21 4107.69 4214.87 4732.31 3918.97 4443.08 4558.97 4314.36 4294.36 4457.44 4268.21 4541.54 4300.51 1602 1732 1.638 0 0 0 0 
40 4557.95 4390.26 4109.74 4214.87 4731.28 3923.59 4441.54 4565.64 4315.38 4298.46 4456.41 4271.28 4540 4299.49 1603 1732 1.653 0 0 0 0 
41 4559.49 4389.74 4110.26 4216.92 4728.21 3921.03 4438.97 4569.74 4312.31 4292.82 4460.51 4272.82 4540 4302.05 1602 1732 1.653 0 0 0 0 
42 4558.97 4390.77 4108.21 4215.9 4729.23 3918.46 4441.54 4570.26 4308.21 4290.77 4464.62 4274.87 4540 4303.59 1603 1732 1.669 0 0 0 0 
43 4556.41 4389.74 4107.18 4209.74 4728.72 3918.46 4447.18 4570.77 4308.72 4293.85 4457.44 4272.31 4533.85 4300.51 1602 1733 1.669 0 0 0 0 
44 4551.28 4383.08 4106.15 4208.21 4726.15 3910.77 4442.56 4568.72 4308.21 4286.67 4452.31 4266.15 4525.13 4292.82 1603 1732 1.684 0 0 0 0 
45 4551.79 4381.03 4105.13 4212.31 4726.15 3904.1 4429.74 4567.18 4301.54 4277.44 4457.95 4267.18 4523.08 4291.79 1603 1731 1.684 0 0 0 0 
46 4556.41 4381.03 4103.59 4209.74 4724.62 3905.64 4428.72 4567.69 4296.41 4277.95 4458.46 4270.77 4524.1 4295.9 1601 1734 1.7 0 0 0 0 
47 4557.44 4378.46 4102.05 4208.72 4722.56 3905.64 4436.41 4567.18 4297.44 4280.51 4456.41 4271.28 4522.56 4295.9 1602 1732 1.7 0 0 0 0 
48 4559.49 4382.56 4105.13 4216.92 4729.74 3908.21 4440 4571.28 4302.05 4284.62 4464.62 4275.9 4527.69 4297.95 1602 1733 1.716 0 0 0 0 
49 4561.54 4388.21 4106.67 4219.49 4735.38 3917.95 4445.64 4580.51 4308.21 4291.79 4468.72 4277.95 4535.38 4304.1 1602 1734 1.716 0 0 0 0 
50 4558.46 4385.13 4103.08 4216.92 4731.79 3920 4451.28 4585.13 4309.74 4291.28 4460.51 4273.33 4530.26 4303.08 1601 1733 1.731 0 0 0 0 
51 4555.38 4380 4102.05 4214.87 4729.74 3910.26 4444.62 4578.46 4300.51 4281.54 4452.82 4271.28 4516.92 4296.92 1601 1732 1.731 0 0 0 0 
52 4551.28 4376.41 4100 4206.15 4729.74 3904.62 4436.41 4568.72 4288.72 4269.74 4453.33 4266.67 4510.77 4294.36 1602 1733 1.747 0 0 0 0 
53 4546.15 4374.36 4097.95 4199.49 4731.28 3909.23 4441.03 4574.87 4290.26 4266.15 4454.87 4264.62 4511.79 4294.36 1602 1733 1.747 0 0 0 0 
54 4545.64 4373.85 4097.95 4202.05 4732.31 3917.95 4452.31 4588.21 4302.05 4270.77 4455.38 4269.74 4510.77 4291.28 1602 1732 1.762 0 0 0 0 
55 4546.67 4371.28 4096.92 4203.08 4730.77 3921.54 4453.85 4588.72 4309.74 4276.92 4454.36 4274.36 4511.79 4288.21 1602 1733 1.762 0 0 0 0 
56 4547.18 4371.28 4097.44 4205.64 4732.31 3914.87 4444.62 4588.21 4313.33 4285.64 4458.46 4276.92 4523.59 4294.87 1603 1732 1.778 0 0 0 0 
57 4555.38 4380 4105.64 4213.85 4735.38 3911.28 4444.62 4593.85 4315.9 4295.9 4465.64 4281.03 4539.49 4306.15 1602 1733 1.778 0 0 0 0 
58 4560 4382.05 4111.28 4216.41 4734.87 3913.85 4449.23 4592.82 4316.41 4295.38 4462.05 4283.59 4536.92 4306.67 1604 1733 1.794 0 0 0 0 
59 4557.44 4377.44 4109.74 4212.82 4736.41 3913.33 4449.23 4591.28 4312.82 4287.18 4458.97 4281.54 4525.13 4303.59 1602 1734 1.794 0 0 0 0 
60 4558.97 4380.51 4109.74 4214.36 4742.56 3913.33 4451.79 4597.95 4310.26 4287.18 4464.1 4276.92 4529.23 4306.67 1604 1733 1.809 0 0 0 0 
61 4556.41 4380.51 4106.15 4215.9 4742.05 3913.85 4450.77 4599.49 4312.31 4288.72 4463.08 4270.26 4533.85 4305.13 1603 1732 1.809 0 0 0 0 
62 4549.23 4375.38 4097.44 4208.72 4737.95 3915.38 4445.13 4595.38 4313.85 4286.15 4458.46 4268.21 4525.13 4297.95 1604 1733 1.825 0 0 0 0 
63 4547.18 4377.44 4098.46 4206.15 4737.95 3918.97 4447.69 4598.97 4315.38 4287.69 4462.05 4270.77 4522.05 4298.46 1604 1733 1.825 0 0 0 0 
64 4549.23 4380 4103.59 4213.33 4739.49 3921.54 4456.41 4604.62 4317.95 4290.77 4465.13 4271.79 4527.18 4303.59 1604 1732 1.84 0 0 0 0 
65 4553.85 4379.49 4103.08 4218.97 4743.59 3923.08 4455.38 4603.59 4321.03 4291.79 4464.1 4272.31 4529.74 4305.64 1603 1732 1.84 0 0 0 0 
66 4558.97 4387.18 4099.49 4218.46 4743.08 3920.51 4446.15 4598.97 4322.56 4292.31 4466.15 4271.28 4530.26 4308.72 1603 1733 1.856 0 0 0 0 
67 4556.92 4388.21 4096.41 4216.41 4741.54 3914.87 4440 4597.95 4318.97 4288.72 4462.56 4272.31 4533.85 4311.28 1604 1731 1.856 0 0 0 0 
68 4553.33 4379.49 4093.85 4215.9 4745.13 3914.87 4442.05 4601.54 4317.44 4289.74 4461.54 4273.33 4537.95 4311.79 1603 1733 1.872 0 0 0 0 
69 4557.44 4381.54 4090.77 4215.38 4746.67 3917.44 4441.03 4602.05 4318.46 4294.87 4464.62 4271.79 4537.44 4310.26 1604 1732 1.872 0 0 0 0 
70 4555.9 4383.59 4089.74 4213.33 4744.1 3917.44 4438.46 4598.97 4322.05 4294.87 4463.59 4272.82 4534.36 4308.72 1603 1732 1.887 0 0 0 0 
71 4549.74 4375.38 4092.31 4212.82 4745.64 3925.13 4446.67 4604.1 4324.1 4296.41 4464.1 4275.38 4531.79 4307.18 1603 1732 1.903 0 0 0 0 
72 4550.77 4375.9 4095.9 4216.92 4748.21 3928.72 4448.21 4607.18 4321.03 4296.41 4464.62 4271.79 4523.59 4304.1 1603 1732 1.903 0 0 0 0 
73 4552.82 4386.67 4094.36 4222.05 4747.18 3921.54 4444.1 4600 4312.82 4289.23 4462.05 4264.62 4517.95 4304.62 1603 1733 1.903 0 0 0 0 
74 4553.33 4389.23 4091.28 4218.97 4743.08 3918.97 4446.67 4595.38 4305.64 4281.54 4461.54 4264.62 4522.56 4306.67 1603 1732 1.918 0 0 0 0 
75 4554.36 4385.64 4093.85 4215.9 4741.54 3921.03 4443.59 4596.92 4304.1 4280 4462.56 4267.69 4523.08 4307.69 1603 1734 1.918 0 0 0 0 
76 4557.44 4386.15 4101.03 4221.54 4746.67 3920 4437.44 4603.08 4309.74 4286.67 4461.03 4271.79 4521.54 4307.69 1603 1734 1.934 0 0 0 0 
77 4555.9 4383.59 4102.56 4221.54 4747.69 3917.95 4438.97 4607.18 4316.41 4292.82 4460.51 4274.36 4525.64 4306.67 1604 1734 1.95 0 0 0 0 
78 4552.31 4382.56 4100.51 4215.38 4744.62 3918.97 4440 4603.59 4314.36 4290.77 4461.03 4269.23 4521.54 4304.62 1604 1733 1.95 0 0 0 0 
79 4554.87 4386.67 4101.54 4220 4749.23 3924.1 4441.03 4602.05 4312.82 4287.69 4462.05 4266.15 4517.95 4306.67 1603 1733 1.95 0 0 0 0 
80 4558.46 4389.23 4101.54 4225.13 4753.33 3929.23 4453.33 4612.31 4318.46 4294.36 4465.13 4271.28 4525.13 4307.18 1605 1732 1.965 0 0 0 0 
81 4558.97 4390.26 4102.05 4223.08 4752.82 3932.31 4459.49 4615.9 4321.03 4301.54 4461.54 4272.31 4528.72 4307.18 1604 1732 1.981 0 0 0 0 
82 4561.03 4390.77 4106.67 4222.05 4753.85 3932.82 4456.41 4612.31 4322.05 4302.56 4460.51 4271.79 4529.23 4311.28 1606 1732 1.981 0 0 0 0 
83 4564.1 4388.72 4108.21 4224.1 4755.38 3930.77 4459.49 4615.9 4326.15 4303.59 4467.69 4275.9 4529.74 4312.82 1606 1731 1.996 0 0 0 0 
84 4562.05 4385.13 4101.54 4221.54 4753.33 3926.67 4454.36 4616.92 4324.1 4300.51 4467.69 4271.28 4525.13 4308.21 1606 1732 1.996 0 0 0 0 
85 4559.49 4382.56 4095.9 4215.38 4749.74 3922.56 4446.15 4613.33 4316.41 4292.82 4461.03 4260 4518.97 4305.13 1607 1731 1.996 0 0 0 0 
86 4561.54 4386.15 4100.51 4217.44 4749.74 3925.64 4455.9 4617.95 4322.56 4295.38 4463.08 4264.62 4521.03 4308.72 1606 1732 2.012 0 0 0 0 
87 4565.13 4389.74 4102.56 4221.54 4752.82 3931.79 4468.72 4621.54 4330.26 4303.59 4468.21 4273.85 4523.59 4310.26 1607 1731 2.028 0 0 0 0 
88 4569.23 4384.62 4099.49 4221.54 4755.9 3936.41 4471.28 4616.41 4322.05 4301.54 4467.18 4271.79 4522.56 4308.72 1607 1731 2.028 0 0 0 0 
89 4575.38 4378.97 4103.59 4226.15 4756.92 3938.97 4472.31 4615.9 4318.46 4302.05 4468.21 4272.82 4528.21 4316.41 1608 1729 2.028 0 0 0 0 
90 4585.13 4379.49 4116.92 4236.92 4763.08 3943.08 4476.41 4622.05 4334.36 4314.36 4472.82 4282.56 4541.03 4329.74 1607 1728 2.043 0 0 0 0 
91 4594.36 4375.9 4120.51 4242.56 4766.15 3944.62 4470.77 4623.59 4346.15 4319.49 4469.23 4284.1 4543.08 4331.28 1607 1725 2.059 0 0 0 0 
92 4594.87 4365.64 4113.33 4238.46 4757.44 3939.49 4462.56 4617.44 4337.95 4311.79 4463.08 4279.49 4532.31 4325.64 1608 1724 2.059 0 0 0 0 
93 4592.31 4359.49 4114.36 4233.33 4755.9 3938.97 4463.59 4614.36 4329.74 4308.21 4468.72 4278.46 4530.26 4329.74 1607 1718 2.074 0 0 0 0 
94 4595.38 4356.41 4118.46 4233.85 4762.05 3939.49 4466.15 4615.38 4331.79 4309.74 4473.85 4276.41 4536.41 4333.85 1608 1716 2.074 0 0 0 0 
95 4596.41 4349.74 4112.82 4228.21 4753.85 3933.33 4461.03 4609.74 4326.67 4302.05 4463.59 4269.23 4530.26 4325.64 1608 1717 2.074 0 0 0 0 
96 4593.85 4343.08 4103.08 4216.41 4739.49 3923.59 4451.28 4599.49 4312.31 4289.23 4456.41 4264.62 4520.51 4317.44 1608 1722 2.09 0 0 0 0 
97 4601.03 4344.1 4103.08 4217.44 4743.59 3921.54 4447.18 4599.49 4312.31 4291.79 4465.64 4263.59 4526.67 4323.59 1608 1727 2.106 0 0 0 0 
98 4617.44 4350.26 4112.82 4231.79 4754.36 3932.82 4459.49 4613.33 4330.26 4306.15 4470.77 4272.31 4538.97 4339.49 1608 1730 2.106 0 0 0 0 
99 4627.69 4349.74 4116.41 4234.87 4754.87 3937.95 4470.77 4618.97 4336.41 4310.26 4467.18 4280 4540 4349.74 1608 1731 2.121 0 0 0 0 
100 4638.97 4351.79 4117.95 4234.36 4751.28 3931.79 4463.08 4608.72 4324.1 4306.15 4468.72 4275.38 4541.54 4355.9 1607 1729 2.121 0 0 0 0 
101 4660 4361.54 4123.08 4244.62 4752.31 3928.72 4455.38 4597.95 4313.85 4301.03 4472.82 4273.33 4554.87 4370.26 1607 1728 2.137 0 0 0 0 
102 4682.05 4362.05 4128.72 4249.74 4751.28 3927.18 4454.87 4592.31 4311.79 4292.82 4474.36 4283.08 4565.13 4389.74 1605 1724 2.137 0 0 0 0 
103 4697.44 4360 4130.26 4247.69 4747.69 3921.03 4446.15 4593.85 4315.38 4297.95 4478.97 4290.26 4571.79 4407.18 1604 1723 2.152 0 0 0 0 
104 4708.72 4363.59 4132.82 4249.23 4748.21 3919.49 4441.03 4596.92 4319.49 4310.26 4483.08 4289.23 4584.62 4420 1604 1720 2.152 0 0 0 0 
105 4720 4364.62 4137.44 4252.82 4750.26 3922.05 4445.13 4596.92 4319.49 4305.64 4480.51 4290.26 4589.23 4430.77 1602 1718 2.168 0 0 0 0 
106 4728.72 4366.67 4141.03 4255.38 4747.69 3918.46 4441.54 4594.87 4317.44 4300.51 4479.49 4294.36 4586.67 4438.97 1600 1717 2.168 0 0 0 0 
107 4731.28 4371.79 4141.03 4256.92 4744.62 3915.9 4442.56 4592.31 4313.85 4302.05 4478.97 4297.44 4589.74 4438.97 1599 1716 2.168 0 0 0 0 
108 4730.26 4373.33 4143.59 4259.49 4747.69 3922.56 4454.36 4596.92 4313.33 4296.41 4478.46 4297.95 4594.36 4434.36 1598 1715 2.184 0 0 0 0 
109 4732.82 4376.92 4148.72 4266.67 4758.97 3931.28 4459.49 4609.74 4323.59 4302.05 4481.03 4296.41 4596.92 4431.79 1596 1716 2.199 0 0 0 0 
110 4731.79 4380 4145.64 4269.23 4766.67 3935.38 4453.85 4619.49 4336.41 4318.97 4482.05 4290.77 4599.49 4425.64 1596 1716 2.199 0 0 0 0 
111 4720 4369.23 4140 4262.56 4763.08 3936.41 4454.36 4622.05 4336.41 4317.44 4477.44 4286.67 4594.36 4413.85 1594 1717 2.215 0 0 0 0 
112 4711.28 4361.03 4142.05 4257.95 4762.56 3938.46 4461.54 4627.69 4336.92 4312.82 4475.9 4286.67 4586.15 4409.74 1594 1717 2.215 0 0 0 0 
113 4713.33 4364.62 4148.21 4265.13 4769.74 3942.05 4463.59 4635.9 4350.77 4329.74 4484.1 4294.36 4591.28 4412.31 1595 1717 2.23 0 0 0 0 
114 4715.9 4361.54 4149.74 4270.77 4773.85 3944.1 4460 4633.33 4356.92 4336.92 4484.62 4300.51 4595.9 4409.74 1595 1719 2.23 0 0 0 0 
115 4708.21 4349.23 4141.54 4259.49 4770.26 3938.97 4451.79 4626.67 4346.67 4320 4473.85 4291.28 4582.56 4395.38 1597 1720 2.246 0 0 0 0 
116 4696.41 4342.56 4130.26 4247.69 4764.62 3938.46 4453.85 4627.18 4344.1 4314.87 4470.26 4282.56 4571.28 4381.03 1596 1723 2.246 0 0 0 0 
117 4693.33 4337.95 4130.26 4247.69 4765.64 3947.69 4460.51 4634.36 4352.82 4328.72 4478.46 4287.69 4575.38 4378.97 1598 1725 2.262 0 0 0 0 
118 4695.9 4331.79 4135.9 4253.85 4771.28 3946.15 4444.62 4635.38 4357.95 4335.38 4484.1 4289.74 4584.1 4383.59 1599 1726 2.262 0 0 0 0 
119 4696.41 4329.74 4133.33 4254.87 4767.69 3935.9 4426.67 4628.72 4353.85 4331.28 4481.03 4285.64 4584.62 4383.59 1600 1728 2.277 0 0 0 0 
120 4693.33 4327.69 4128.72 4248.21 4757.95 3938.46 4440 4625.64 4347.69 4326.15 4474.36 4287.69 4574.87 4376.41 1602 1729 2.277 0 0 0 0 
121 4691.79 4322.56 4129.23 4243.59 4759.49 3946.15 4454.36 4631.28 4350.77 4329.23 4474.36 4292.31 4571.79 4371.79 1604 1732 2.293 0 0 0 0 
122 4691.79 4323.59 4129.74 4247.69 4765.13 3944.1 4445.64 4638.97 4359.49 4336.92 4481.03 4290.77 4578.46 4373.85 1604 1733 2.293 0 0 0 0 
123 4686.67 4325.13 4124.62 4245.64 4759.49 3937.95 4436.92 4635.38 4354.36 4332.82 4478.97 4283.59 4578.46 4370.26 1607 1735 2.308 0 0 0 0 
124 4681.54 4320.51 4117.44 4234.36 4751.79 3934.36 4435.38 4627.18 4341.54 4321.54 4468.72 4277.95 4566.67 4360.51 1609 1737 2.308 0 0 0 0 
125 4678.46 4316.41 4111.79 4228.21 4752.31 3933.85 4439.49 4628.72 4342.05 4320.51 4466.15 4279.49 4560 4352.31 1609 1742 2.324 0 0 0 0 
126 4676.92 4316.41 4109.74 4229.23 4754.87 3936.92 4440.51 4632.82 4348.21 4324.62 4469.74 4281.54 4562.05 4351.79 1612 1744 2.324 0 0 0 0 
127 4679.49 4320 4112.82 4230.26 4752.82 3937.44 4432.82 4632.31 4347.18 4324.62 4471.79 4280 4564.1 4354.87 1612 1748 2.34 0 0 0 0 
128 4686.15 4324.1 4120.51 4234.36 4754.87 3942.56 4439.49 4635.9 4347.69 4328.72 4475.9 4281.54 4567.18 4356.41 1613 1750 2.34 0 0 0 0 
0 4694.36 4328.72 4129.23 4244.62 4763.59 3952.31 4457.95 4646.15 4358.46 4339.49 4480.51 4289.23 4573.33 4362.56 1614 1751 2.355 0 0 0 0 
1 4697.44 4330.26 4127.18 4245.64 4761.54 3947.69 4447.18 4646.15 4357.95 4336.41 4476.92 4290.77 4573.33 4369.23 1616 1750 2.355 0 0 0 0 
2 4687.18 4317.44 4105.13 4222.05 4740 3926.67 4417.95 4622.05 4329.74 4310.77 4463.08 4272.82 4549.23 4350.77 1616 1748 2.371 0 0 0 0 
3 4676.92 4302.05 4087.18 4198.97 4724.1 3913.33 4412.31 4601.03 4306.67 4287.69 4454.36 4260 4522.05 4322.56 1616 1750 2.371 0 0 0 0 
4 4684.1 4304.1 4095.9 4202.56 4729.74 3917.44 4417.44 4610.26 4313.33 4292.31 4458.46 4270.26 4525.64 4327.18 1616 1751 2.386 0 0 0 0 
5 4691.79 4308.72 4103.08 4212.82 4734.36 3921.54 4416.41 4620.51 4324.62 4302.56 4466.15 4273.33 4541.54 4341.54 1616 1755 2.386 0 0 0 0 
6 4692.82 4304.62 4096.92 4212.31 4731.28 3920 4420 4611.28 4324.1 4302.56 4468.72 4259.49 4541.03 4335.38 1615 1756 2.402 0 0 0 0 
7 4702.56 4309.74 4098.97 4213.85 4735.38 3922.05 4428.21 4609.23 4329.23 4306.67 4466.67 4262.56 4542.05 4333.33 1613 1758 2.402 0 0 0 0 
8 4715.38 4319.49 4109.23 4222.56 4741.54 3927.69 4428.72 4624.1 4341.54 4316.41 4469.23 4274.87 4551.79 4344.62 1614 1758 2.418 0 0 0 0 
9 4716.92 4316.92 4109.23 4226.15 4739.49 3928.72 4423.59 4625.64 4339.49 4315.38 4471.79 4267.18 4548.72 4347.18 1611 1760 2.418 0 0 0 0 
10 4712.82 4310.77 4104.62 4222.56 4738.46 3928.21 4425.64 4613.85 4328.72 4309.74 4468.72 4263.08 4543.08 4342.56 1611 1761 2.433 0 0 0 0 
11 4715.9 4308.21 4106.15 4219.49 4741.54 3931.79 4434.87 4615.9 4328.72 4311.28 4469.23 4274.36 4548.21 4343.08 1609 1763 2.433 0 0 0 0 
12 4722.05 4310.26 4106.67 4220.51 4741.54 3934.87 4433.33 4623.08 4332.31 4313.33 4470.77 4277.44 4551.79 4345.64 1607 1764 2.449 0 0 0 0 
13 4727.69 4314.87 4106.67 4225.13 4745.64 3937.44 4426.67 4620.51 4331.28 4316.92 4469.23 4274.87 4551.79 4350.77 1605 1764 2.449 0 0 0 0 
14 4735.9 4321.54 4111.28 4231.79 4752.82 3937.44 4431.79 4621.54 4334.87 4323.08 4473.85 4277.44 4553.33 4356.92 1604 1764 2.464 0 0 0 0 
15 4742.56 4326.15 4116.92 4234.87 4755.9 3932.82 4432.82 4624.1 4338.46 4318.97 4476.41 4279.49 4552.82 4357.95 1603 1763 2.464 0 0 0 0 
16 4743.08 4325.13 4116.92 4232.31 4754.87 3935.9 4431.79 4618.97 4331.28 4313.33 4472.31 4275.38 4554.36 4357.44 1601 1764 2.48 0 0 0 0 
17 4746.67 4323.59 4114.87 4235.38 4755.9 3950.26 4449.23 4622.56 4333.85 4317.95 4474.87 4273.85 4558.97 4355.38 1598 1763 2.48 0 0 0 0 
18 4755.38 4329.23 4117.44 4243.08 4763.08 3957.95 4464.1 4636.92 4351.28 4329.23 4483.59 4281.03 4562.56 4358.46 1597 1762 2.496 0 0 0 0 
19 4757.95 4335.38 4118.97 4244.1 4769.74 3953.33 4454.36 4637.95 4357.44 4335.9 4482.05 4287.69 4568.72 4364.62 1595 1760 2.496 0 0 0 0 
20 4761.03 4333.85 4120.51 4240.51 4771.79 3951.28 4447.18 4629.74 4351.28 4331.79 4476.92 4284.62 4567.69 4363.59 1595 1759 2.511 0 0 0 0 
21 4764.62 4330.77 4118.46 4236.41 4771.28 3948.21 4450.26 4624.1 4345.13 4321.03 4474.36 4278.97 4561.54 4354.36 1594 1756 2.511 0 0 0 0 
22 4759.49 4326.15 4110.26 4231.79 4769.23 3937.44 4443.08 4616.92 4337.44 4310.77 4469.23 4275.9 4554.36 4344.1 1595 1753 2.527 0 0 0 0 
23 4755.38 4322.05 4108.21 4229.23 4765.64 3935.9 4438.46 4612.31 4331.28 4311.28 4471.79 4273.85 4546.15 4341.54 1595 1750 2.527 0 0 0 0 
24 4757.95 4320 4111.79 4225.64 4765.13 3938.46 4443.59 4609.23 4331.28 4311.79 4475.38 4270.77 4543.08 4340.51 1595 1748 2.542 0 0 0 0 
25 4758.46 4315.38 4107.18 4218.46 4764.62 3931.28 4440 4603.59 4329.74 4304.1 4470.26 4270.26 4545.64 4336.92 1596 1744 2.542 0 0 0 0 
26 4757.44 4312.31 4105.64 4218.46 4764.62 3927.18 4433.85 4598.97 4324.1 4300.51 4466.15 4272.82 4544.1 4337.95 1596 1743 2.558 0 0 0 0 
27 4760 4315.38 4112.82 4222.05 4765.13 3930.26 4431.79 4595.9 4319.49 4301.03 4467.69 4275.38 4539.49 4337.44 1599 1738 2.558 0 0 0 0 
28 4765.64 4320.51 4115.9 4223.08 4767.18 3930.77 4429.23 4595.38 4321.03 4298.46 4465.64 4276.92 4540.51 4335.9 1600 1736 2.574 0 0 0 0 
29 4769.74 4319.49 4113.33 4224.1 4769.74 3931.28 4430.26 4595.38 4326.15 4296.41 4467.18 4277.44 4542.56 4338.46 1602 1733 2.574 0 0 0 0 
30 4769.23 4317.95 4111.28 4222.05 4769.23 3936.92 4443.59 4598.46 4330.77 4304.62 4478.46 4281.03 4546.15 4341.54 1603 1731 2.589 0 0 0 0 
31 4773.85 4321.54 4113.33 4222.05 4768.21 3940 4453.85 4600 4335.9 4314.87 4483.08 4286.15 4552.31 4344.1 1604 1730 2.589 0 0 0 0 
32 4781.54 4325.13 4116.41 4228.21 4769.23 3934.87 4448.72 4589.74 4336.41 4310.77 4478.46 4289.23 4552.31 4348.21 1605 1728 2.605 0 0 0 0 
33 4783.59 4326.15 4117.95 4229.23 4774.87 3935.38 4448.72 4580.51 4332.82 4306.15 4475.9 4290.26 4551.28 4349.74 1606 1728 2.605 0 0 0 0 
34 4777.95 4321.54 4112.31 4218.97 4774.87 3939.49 4453.33 4577.95 4325.64 4303.59 4469.74 4286.15 4545.13 4339.49 1606 1729 2.62 0 0 0 0 
35 4774.36 4313.85 4105.13 4212.82 4768.72 3932.31 4447.69 4567.18 4313.33 4291.79 4465.13 4278.97 4532.31 4330.77 1607 1729 2.62 0 0 0 0 
36 4787.69 4321.03 4112.82 4228.21 4776.92 3934.87 4446.15 4565.64 4321.54 4301.54 4477.95 4285.64 4543.59 4343.08 1608 1721 2.636 0 0 0 0 
37 4807.69 4339.49 4130.77 4250.26 4800 3958.46 4461.03 4589.23 4350.26 4335.38 4491.79 4299.49 4573.33 4364.1 1609 1713 2.636 0 0 0 0 
38 4808.21 4338.46 4133.33 4251.28 4808.72 3968.21 4474.36 4600 4355.9 4337.95 4484.1 4293.85 4567.69 4362.56 1612 1702 2.652 0 0 0 0 
39 4802.56 4328.21 4127.18 4247.69 4803.59 3967.69 4486.67 4596.92 4346.67 4319.49 4476.41 4286.15 4549.23 4353.33 1612 1700 2.652 0 0 0 0 
40 4828.21 4346.67 4152.31 4277.44 4821.03 3992.31 4511.28 4627.69 4381.03 4354.87 4495.38 4311.79 4582.56 4382.05 1614 1708 2.667 0 0 0 0 
41 4849.74 4363.59 4166.15 4291.79 4835.38 3995.38 4508.72 4636.92 4398.97 4384.1 4505.13 4323.59 4604.1 4406.67 1614 1719 2.667 0 0 0 0 
42 4820 4333.85 4122.05 4240 4802.05 3938.46 4457.44 4576.41 4337.95 4323.08 4475.9 4284.62 4549.23 4364.62 1614 1730 2.683 0 0 0 0 
43 4790.26 4300.51 4091.79 4197.95 4767.18 3899.49 4421.54 4536.92 4295.38 4275.9 4455.9 4258.97 4514.36 4322.56 1616 1731 2.683 0 0 0 0 
44 4797.44 4307.69 4112.82 4215.9 4778.46 3920 4441.54 4563.59 4324.62 4308.21 4472.31 4277.95 4545.13 4337.95 1616 1726 2.698 0 0 0 0 
45 4809.23 4325.13 4129.23 4238.46 4800 3941.03 4465.64 4579.49 4343.59 4331.28 4484.1 4292.82 4563.08 4357.95 1617 1719 2.698 0 0 0 0 
46 4814.87 4326.15 4124.1 4237.95 4801.54 3936.41 4458.97 4567.18 4333.85 4321.03 4478.97 4288.72 4559.49 4356.41 1617 1716 2.714 0 0 0 0 
47 4821.03 4322.56 4123.08 4239.49 4799.49 3935.9 4456.92 4569.23 4338.97 4327.69 4479.49 4288.72 4567.18 4361.03 1618 1715 2.714 0 0 0 0 
48 4827.18 4327.18 4131.79 4249.23 4803.59 3947.18 4474.87 4582.56 4355.38 4343.59 4482.56 4296.41 4573.85 4371.79 1616 1718 2.73 0 0 0 0 
49 4838.46 4335.38 4145.13 4260.51 4813.85 3958.97 4490.26 4592.31 4367.69 4349.74 4484.62 4303.59 4578.46 4380 1617 1717 2.73 0 0 0 0 
50 4845.13 4334.36 4146.67 4259.49 4819.49 3960 4485.64 4589.74 4368.21 4347.69 4483.08 4298.97 4576.92 4377.95 1616 1714 2.745 0 0 0 0 
51 4836.92 4327.69 4133.33 4248.21 4816.92 3953.33 4472.82 4574.87 4355.38 4337.95 4477.44 4288.21 4566.15 4365.64 1616 1709 2.745 0 0 0 0 
52 4828.21 4328.72 4132.31 4248.72 4817.44 3950.77 4466.67 4565.64 4350.26 4334.36 4475.9 4286.67 4567.18 4365.13 1614 1704 2.761 0 0 0 0 
53 4810.26 4327.69 4134.36 4248.21 4817.44 3946.15 4462.05 4560.51 4344.1 4326.15 4473.85 4284.62 4565.64 4365.13 1613 1703 2.761 0 0 0 0 
54 4773.85 4318.97 4123.08 4233.85 4807.18 3937.44 4460 4552.82 4328.72 4311.79 4468.72 4275.9 4553.85 4349.23 1613 1701 2.776 0 0 0 0 
55 4746.67 4314.36 4114.36 4227.18 4800.51 3936.41 4464.1 4550.77 4328.21 4317.44 4470.77 4275.38 4558.46 4340.51 1611 1704 2.776 0 0 0 0 
56 4740.51 4317.44 4120 4236.92 4807.18 3942.05 4469.74 4560.51 4345.13 4333.33 4476.92 4286.67 4571.28 4348.21 1610 1705 2.792 0 0 0 0 
57 4737.44 4326.15 4128.21 4243.59 4812.31 3944.1 4464.1 4566.67 4354.36 4334.87 4478.46 4292.82 4569.23 4353.33 1608 1708 2.792 0 0 0 0 
58 4726.15 4327.18 4126.15 4241.03 4810.26 3943.08 4464.62 4563.08 4349.23 4330.26 4474.87 4290.77 4565.13 4350.26 1608 1710 2.808 0 0 0 0 
59 4713.33 4321.03 4121.54 4240 4811.79 3939.49 4473.33 4556.92 4341.54 4329.23 4469.74 4286.15 4564.1 4345.64 1607 1713 2.808 0 0 0 0 
60 4707.69 4318.97 4121.54 4242.05 4813.85 3935.9 4469.74 4553.85 4337.44 4327.69 4470.77 4281.03 4555.9 4344.62 1606 1716 2.823 0 0 0 0 
61 4702.05 4314.87 4123.08 4240.51 4811.28 3940 4469.74 4552.82 4335.38 4323.59 4475.38 4275.38 4551.28 4344.1 1604 1720 2.823 0 0 0 0 
62 4691.28 4308.72 4118.97 4231.79 4806.15 3935.9 4474.36 4547.69 4330.77 4315.9 4472.31 4274.36 4550.77 4338.46 1604 1724 2.839 0 0 0 0 
63 4683.59 4308.21 4111.79 4223.08 4798.46 3923.08 4469.23 4546.15 4326.15 4310.26 4464.1 4275.38 4542.56 4333.33 1603 1726 2.839 0 0 0 0 
64 4683.59 4308.21 4112.82 4223.59 4791.79 3922.05 4463.08 4547.69 4327.18 4311.28 4462.56 4274.36 4536.41 4334.87 1601 1729 2.854 0 0 0 0 
65 4685.64 4306.15 4119.49 4228.72 4792.82 3924.1 4454.87 4543.59 4329.23 4312.31 4465.13 4277.44 4540 4338.46 1601 1731 2.854 0 0 0 0 
66 4682.05 4306.67 4121.03 4224.1 4795.38 3921.54 4449.74 4535.9 4324.62 4310.26 4464.1 4280.51 4542.05 4336.41 1599 1734 2.87 0 0 0 0 
67 4674.36 4300.51 4113.33 4215.38 4790.77 3923.59 4457.95 4538.97 4323.08 4312.31 4464.1 4277.95 4534.87 4330.26 1598 1735 2.87 0 0 0 0 
68 4671.79 4295.38 4108.72 4213.85 4786.15 3921.54 4451.79 4540.51 4328.21 4315.38 4470.26 4274.87 4533.33 4329.23 1597 1736 2.886 0 0 0 0 
69 4682.05 4305.64 4117.44 4217.44 4791.28 3915.38 4431.79 4537.44 4332.82 4322.05 4475.38 4278.46 4546.15 4336.92 1595 1738 2.886 0 0 0 0 
70 4690.77 4314.36 4126.15 4221.54 4795.38 3917.44 4436.41 4541.03 4331.28 4325.64 4470.26 4282.56 4555.38 4345.64 1594 1740 2.901 0 0 0 0 
71 4686.67 4307.69 4118.46 4216.41 4789.23 3914.87 4443.08 4535.9 4323.08 4317.44 4470.26 4273.85 4546.67 4339.49 1593 1742 2.901 0 0 0 0 
72 4681.03 4303.08 4110.77 4208.21 4786.15 3906.15 4429.74 4524.1 4316.92 4307.69 4475.38 4269.74 4538.97 4332.82 1593 1743 2.917 0 0 0 0 
73 4682.05 4306.67 4110.77 4207.18 4789.23 3906.15 4426.67 4522.05 4316.41 4303.59 4472.82 4276.92 4536.92 4335.9 1594 1744 2.917 0 0 0 0 
74 4679.49 4305.64 4104.62 4204.1 4786.67 3908.72 4433.33 4524.1 4315.38 4302.05 4471.79 4276.92 4529.23 4331.79 1593 1744 2.932 0 0 0 0 
75 4674.87 4302.56 4100 4198.97 4784.62 3909.23 4433.33 4526.15 4315.38 4305.13 4474.87 4275.9 4534.36 4327.69 1596 1742 2.932 0 0 0 0 
76 4674.87 4305.13 4108.21 4200.51 4791.79 3913.85 4433.85 4528.21 4320.51 4309.23 4472.82 4284.62 4546.67 4333.33 1596 1741 2.948 0 0 0 0 
77 4674.36 4311.79 4113.33 4205.64 4796.92 3916.41 4433.33 4525.64 4325.64 4307.69 4471.28 4288.72 4542.05 4338.46 1598 1740 2.948 0 0 0 0 
78 4673.85 4318.46 4113.33 4208.72 4796.92 3915.9 4426.15 4524.62 4328.72 4310.26 4477.44 4285.13 4538.97 4337.95 1598 1738 2.964 0 0 0 0 
79 4680.51 4324.1 4122.05 4214.36 4797.95 3920 4421.54 4530.26 4331.79 4317.95 4483.08 4287.18 4553.33 4344.1 1600 1735 2.964 0 0 0 0 
80 4695.38 4330.26 4129.74 4221.54 4801.03 3927.18 4427.69 4529.74 4332.31 4317.95 4485.13 4291.28 4562.05 4357.95 1601 1731 2.979 0 0 0 0 
81 4704.1 4331.79 4129.23 4222.05 4803.08 3927.69 4432.31 4523.59 4332.31 4314.36 4484.1 4291.79 4560.51 4367.69 1603 1728 2.979 0 0 0 0 
82 4707.69 4332.82 4135.9 4224.1 4806.67 3926.67 4428.72 4521.54 4335.9 4316.92 4483.08 4292.82 4566.15 4375.9 1603 1723 2.995 0 0 0 0 
83 4722.05 4346.67 4146.15 4238.46 4811.79 3928.21 4426.15 4523.08 4337.95 4323.59 4485.64 4296.92 4575.9 4391.28 1603 1721 2.995 0 0 0 0 
84 4738.46 4361.03 4146.67 4247.18 4811.28 3927.69 4426.67 4525.64 4338.46 4326.15 4489.23 4297.95 4587.69 4411.28 1604 1715 3.01 0 0 0 0 
85 4749.74 4364.1 4149.74 4249.23 4811.79 3927.18 4427.69 4527.69 4340.51 4325.13 4488.72 4299.49 4599.49 4428.72 1603 1713 3.01 0 0 0 0 
86 4758.97 4369.74 4156.41 4253.33 4813.33 3927.18 4432.31 4522.05 4334.87 4318.46 4484.62 4302.05 4596.41 4437.44 1603 1708 3.026 0 0 0 0 
87 4762.05 4374.36 4153.33 4253.33 4807.69 3922.56 4434.36 4514.36 4326.67 4310.26 4484.62 4301.54 4589.23 4442.05 1603 1704 3.026 0 0 0 0 
88 4761.54 4368.21 4150.77 4248.21 4804.62 3921.03 4428.72 4515.38 4329.23 4310.77 4490.26 4302.05 4600 4449.74 1602 1702 3.042 0 0 0 0 
89 4767.69 4373.33 4157.95 4255.38 4812.82 3928.21 4431.79 4523.59 4341.03 4320.51 4494.87 4306.67 4618.46 4460 1602 1700 3.042 0 0 0 0 
90 4778.46 4392.31 4173.33 4280 4828.21 3948.72 4454.36 4536.41 4361.54 4343.59 4500.51 4317.44 4634.36 4470.77 1602 1700 3.057 0 0 0 0 
91 4780.51 4402.05 4189.74 4305.13 4845.64 3972.82 4476.92 4549.23 4385.13 4371.79 4510.26 4326.67 4651.79 4482.56 1601 1708 3.057 0 0 0 0 
92 4791.28 4418.97 4210.26 4336.92 4875.38 4003.08 4508.21 4582.56 4425.64 4413.85 4526.67 4342.05 4688.72 4508.21 1600 1709 3.073 0 0 0 0 
93 4814.87 4449.23 4235.38 4375.38 4908.72 4041.03 4551.79 4632.31 4476.41 4465.13 4542.56 4363.08 4736.41 4541.54 1600 1696 3.073 0 0 0 0 
94 4802.05 4437.95 4218.97 4354.36 4889.74 4026.67 4530.77 4614.87 4457.44 4444.1 4522.56 4345.64 4712.82 4519.49 1599 1694 3.088 0 0 0 0 
95 4732.82 4370.77 4143.08 4260.51 4813.33 3943.08 4437.95 4518.97 4355.9 4336.41 4471.79 4278.97 4601.54 4422.56 1600 1700 3.088 0 0 0 0 
96 4677.95 4328.21 4095.38 4202.05 4769.74 3889.74 4386.67 4463.59 4294.87 4270.26 4453.33 4240.51 4537.44 4358.97 1599 1709 3.104 0 0 0 0 
97 4682.05 4341.03 4118.97 4226.15 4790.77 3914.87 4414.87 4491.28 4325.64 4303.08 4472.82 4262.56 4571.28 4378.97 1600 1719 3.104 0 0 0 0 
98 4689.74 4346.15 4131.28 4242.56 4799.49 3938.46 4441.03 4508.72 4348.21 4331.28 4476.92 4275.38 4587.69 4391.28 1601 1729 3.12 0 0 0 0 
99 4675.38 4330.26 4114.36 4224.62 4781.03 3921.03 4419.49 4490.26 4331.28 4312.82 4467.69 4271.28 4565.13 4370.26 1602 1735 3.12 0 0 0 0 
100 4661.03 4322.56 4109.23 4215.38 4775.38 3906.15 4395.38 4486.67 4325.64 4304.62 4468.72 4274.87 4562.56 4362.05 1604 1739 3.135 0 0 0 0 
101 4649.74 4316.92 4103.59 4208.21 4774.87 3903.59 4395.38 4494.87 4328.72 4307.18 4467.18 4266.67 4561.54 4353.85 1605 1744 3.135 0 0 0 0 
102 4639.49 4301.54 4089.23 4196.41 4762.05 3901.03 4398.97 4493.85 4320 4295.9 4459.49 4249.23 4539.49 4333.85 1607 1748 3.151 0 0 0 0 
103 4626.15 4290.26 4075.38 4187.69 4746.67 3894.36 4391.79 4485.64 4306.67 4276.41 4454.87 4243.59 4515.9 4316.92 1607 1749 3.151 0 0 0 0 
104 4611.28 4290.26 4064.1 4178.46 4738.46 3883.59 4382.05 4476.92 4302.05 4265.64 4450.77 4244.1 4503.08 4308.72 1608 1747 3.166 0 0 0 0 
105 4609.23 4296.41 4065.13 4179.49 4737.44 3876.92 4368.21 4470.26 4302.56 4267.18 4448.72 4252.31 4504.62 4312.82 1608 1749 3.166 0 0 0 0 
106 4614.87 4296.41 4071.79 4188.21 4735.38 3874.87 4350.26 4458.46 4298.97 4271.79 4453.33 4262.05 4511.28 4321.54 1611 1750 3.182 0 0 0 0 
107 4605.64 4289.74 4062.05 4180.51 4728.21 3866.67 4345.13 4440 4284.1 4262.05 4453.85 4251.28 4504.1 4309.74 1611 1754 3.182 0 0 0 0 
108 4590.77 4283.59 4049.74 4167.18 4724.62 3860 4348.21 4433.85 4276.92 4249.23 4451.28 4244.1 4494.87 4296.41 1614 1756 3.198 0 0 0 0 
109 4589.74 4278.46 4053.33 4166.67 4724.62 3869.23 4355.9 4446.15 4286.15 4254.36 4451.79 4252.82 4492.31 4296.41 1615 1756 3.198 0 0 0 0 
110 4593.85 4280 4060 4170.77 4724.62 3878.97 4365.13 4452.82 4289.23 4255.9 4452.82 4258.97 4489.74 4295.9 1616 1754 3.213 0 0 0 0 
111 4589.23 4286.67 4060.51 4170.26 4724.1 3872.31 4357.95 4447.18 4284.1 4249.23 4452.31 4263.59 4488.72 4294.36 1618 1751 3.213 0 0 0 0 
112 4578.46 4283.08 4054.87 4166.15 4721.03 3864.62 4347.18 4440.51 4281.54 4247.18 4452.82 4264.62 4485.13 4293.85 1619 1752 3.229 0 0 0 0 
113 4571.79 4277.44 4050.77 4161.54 4715.9 3866.67 4359.49 4436.92 4277.95 4242.56 4453.33 4258.97 4475.38 4288.21 1619 1751 3.229 0 0 0 0 
114 4564.1 4275.38 4047.69 4155.9 4709.74 3864.1 4360.51 4432.82 4267.18 4229.74 4450.26 4254.36 4465.13 4276.41 1619 1752 3.244 0 0 0 0 
115 4550.26 4264.1 4036.92 4144.1 4700 3846.67 4330.26 4421.03 4254.87 4215.38 4443.08 4249.23 4454.36 4262.56 1619 1750 3.244 0 0 0 0 
116 4541.54 4255.9 4030.77 4135.9 4693.85 3836.92 4321.54 4414.87 4250.77 4211.28 4442.56 4246.15 4447.18 4256.41 1618 1749 3.26 0 0 0 0 
117 4546.15 4267.69 4039.49 4146.15 4700.51 3849.74 4346.67 4422.56 4257.44 4220.51 4449.74 4256.92 4457.95 4264.1 1619 1745 3.26 0 0 0 0 
118 4553.33 4284.1 4054.87 4168.72 4714.87 3869.23 4364.1 4437.44 4275.9 4240.51 4453.85 4271.28 4481.54 4279.49 1617 1744 3.276 0 0 0 0 
119 4564.62 4297.95 4075.38 4196.92 4737.95 3896.41 4386.67 4464.1 4307.18 4273.33 4467.69 4282.56 4512.82 4301.54 1617 1743 3.276 0 0 0 0 
120 4586.67 4321.03 4101.03 4232.31 4769.74 3932.31 4430.26 4498.46 4342.56 4315.9 4494.36 4301.54 4550.77 4337.95 1616 1740 3.291 0 0 0 0 
121 4600.51 4341.03 4115.38 4256.41 4785.64 3950.77 4455.38 4515.38 4362.56 4337.95 4501.54 4315.38 4569.74 4362.56 1616 1748 3.291 0 0 0 0 
122 4621.54 4367.69 4148.21 4300 4815.38 3989.23 4497.44 4553.85 4408.21 4378.46 4514.36 4338.97 4613.85 4398.46 1616 1746 3.307 0 0 0 0 
123 4672.82 4416.92 4208.21 4376.92 4877.44 4065.13 4574.87 4630.26 4490.77 4469.23 4554.36 4380 4704.1 4469.23 1614 1723 3.307 0 0 0 0 
124 4677.95 4413.33 4196.41 4361.54 4872.82 4058.97 4566.67 4619.49 4483.08 4469.74 4544.62 4361.54 4696.41 4468.21 1614 1710 3.322 0 0 0 0 
125 4605.13 4339.49 4110.26 4248.72 4783.59 3956.41 4462.05 4505.13 4365.13 4339.49 4477.44 4282.56 4567.69 4369.23 1613 1712 3.322 0 0 0 0 
126 4562.05 4309.74 4075.9 4206.15 4741.54 3905.64 4408.72 4444.1 4303.59 4269.74 4451.79 4251.79 4506.15 4320 1612 1720 3.338 0 0 0 0 
127 4581.54 4342.05 4104.1 4247.69 4771.79 3934.36 4434.36 4469.74 4338.46 4312.31 4478.46 4276.41 4549.74 4354.36 1611 1736 3.338 0 0 0 0 
128 4587.18 4349.74 4110.77 4255.38 4780 3946.15 4445.64 4483.08 4355.38 4329.74 4486.15 4280 4567.69 4365.64 1612 1758 3.354 0 0 0 0 
0 4570.26 4332.31 4093.33 4227.69 4757.95 3922.56 4431.28 4459.49 4327.69 4295.38 4472.31 4265.13 4541.54 4340.51 1614 1756 3.354 0 0 0 0 
1 4560.51 4326.67 4086.67 4218.46 4746.15 3908.21 4422.56 4444.1 4311.79 4279.49 4463.59 4264.1 4528.72 4328.72 1615 1752 3.369 0 0 0 0 
2 4550.77 4318.46 4080.51 4210.77 4740 3906.67 4420 4445.13 4307.69 4278.46 4458.97 4258.97 4523.08 4322.05 1615 1750 3.369 0 0 0 0 
3 4541.03 4305.64 4068.72 4201.03 4732.82 3906.67 4423.08 4446.67 4298.97 4270.77 4456.41 4249.23 4513.85 4315.9 1613 1746 3.385 0 0 0 0 
4 4538.46 4301.54 4066.67 4196.92 4727.69 3904.62 4424.62 4444.1 4294.87 4265.13 4461.03 4250.26 4504.1 4315.38 1611 1745 3.385 0 0 0 0 
5 4534.87 4303.59 4073.33 4197.44 4725.64 3898.97 4415.9 4445.64 4304.62 4268.21 4465.64 4255.38 4501.03 4317.95 1608 1740 3.4 0 0 0 0 
6 4531.28 4308.72 4074.87 4204.62 4728.72 3894.87 4402.05 4451.79 4315.9 4280 4465.13 4264.1 4508.72 4321.03 1605 1737 3.4 0 0 0 0 
7 4533.33 4314.87 4072.31 4208.72 4733.33 3898.46 4404.1 4458.46 4321.54 4293.85 4465.64 4272.82 4524.1 4324.62 1605 1732 3.416 0 0 0 0 
8 4537.95 4321.54 4074.87 4213.85 4734.87 3906.15 4417.95 4466.67 4327.69 4301.03 4471.79 4272.82 4534.87 4329.23 1601 1731 3.416 0 0 0 0 
9 4538.46 4323.59 4077.95 4216.92 4737.44 3907.18 4421.03 4468.72 4331.79 4302.05 4479.49 4270.77 4535.9 4330.77 1600 1730 3.432 0 0 0 0 
10 4532.82 4313.85 4076.92 4212.31 4738.97 3904.62 4423.08 4463.08 4324.62 4293.85 4475.38 4272.31 4533.33 4325.64 1599 1727 3.432 0 0 0 0 
11 4526.15 4310.26 4076.92 4207.69 4733.33 3906.15 4434.36 4457.95 4309.23 4280 4465.64 4271.28 4526.15 4321.54 1597 1726 3.447 0 0 0 0 
12 4526.67 4316.41 4079.49 4211.28 4726.67 3904.1 4437.44 4455.9 4303.08 4275.9 4466.67 4270.77 4521.54 4322.56 1595 1725 3.447 0 0 0 0 
13 4528.72 4316.41 4079.49 4214.36 4726.67 3901.03 4427.18 4455.9 4310.77 4284.1 4473.85 4272.82 4527.69 4320.51 1593 1726 3.463 0 0 0 0 
14 4522.56 4307.18 4071.28 4206.15 4723.59 3898.46 4421.54 4451.79 4310.26 4281.03 4470.77 4266.67 4526.15 4312.82 1593 1728 3.463 0 0 0 0 
15 4509.23 4302.56 4060.51 4193.33 4710.26 3887.18 4414.87 4436.92 4290.77 4261.54 4460.51 4258.46 4508.21 4303.08 1592 1730 3.478 0 0 0 0 
16 4501.03 4302.05 4058.97 4189.23 4706.15 3877.95 4401.54 4426.15 4280 4251.28 4460 4259.49 4497.95 4295.9 1592 1733 3.478 0 0 0 0 
17 4502.56 4300 4066.15 4197.44 4711.79 3884.62 4400 4434.36 4288.72 4260 4464.1 4264.62 4506.15 4298.46 1592 1736 3.494 0 0 0 0 
18 4509.74 4304.62 4069.74 4208.21 4712.31 3894.87 4408.72 4445.64 4296.41 4270.26 4463.59 4265.64 4511.79 4304.62 1594 1737 3.494 0 0 0 0 
19 4508.72 4309.23 4067.18 4204.1 4711.28 3898.46 4413.85 4444.1 4296.41 4267.69 4462.05 4260 4503.59 4299.49 1594 1739 3.51 0 0 0 0 
20 4497.44 4305.64 4061.03 4195.38 4711.28 3902.05 4418.46 4442.05 4289.74 4255.38 4457.44 4255.38 4491.79 4289.74 1597 1739 3.51 0 0 0 0 
21 4492.31 4301.03 4060.51 4195.9 4709.74 3904.62 4420.51 4448.72 4289.23 4255.38 4455.38 4257.95 4491.79 4294.87 1599 1739 3.525 0 0 0 0 
22 4497.95 4301.54 4068.72 4201.54 4706.67 3902.05 4412.31 4453.33 4300 4271.28 4462.56 4263.59 4505.13 4307.69 1600 1739 3.525 0 0 0 0 
23 4500 4301.54 4072.31 4201.03 4701.54 3894.87 4404.1 4448.72 4303.08 4275.9 4465.13 4266.67 4513.33 4313.85 1603 1738 3.541 0 0 0 0 
24 4500 4302.56 4072.82 4203.08 4703.08 3893.33 4408.21 4450.26 4302.56 4277.95 4460 4268.21 4516.92 4318.46 1604 1736 3.541 0 0 0 0 
25 4504.62 4310.26 4076.92 4212.31 4713.85 3904.1 4420 4463.59 4317.44 4296.41 4464.1 4270.77 4526.67 4324.1 1606 1734 3.556 0 0 0 0 
26 4507.18 4312.31 4077.95 4210.77 4714.87 3910.77 4421.03 4469.74 4324.62 4304.62 4473.33 4270.77 4530.77 4325.64 1607 1732 3.556 0 0 0 0 
27 4503.59 4306.67 4072.31 4201.03 4706.15 3901.54 4405.64 4463.08 4311.28 4290.77 4472.82 4273.33 4523.08 4326.15 1609 1731 3.572 0 0 0 0 
28 4501.03 4301.54 4068.72 4199.49 4702.56 3891.28 4393.85 4453.85 4300 4281.54 4461.54 4273.33 4512.82 4326.15 1610 1731 3.572 0 0 0 0 
29 4500.51 4300.51 4066.67 4201.03 4698.97 3889.74 4396.41 4440.51 4290.26 4280 4455.9 4268.21 4508.72 4322.05 1613 1731 3.588 0 0 0 0 
30 4501.54 4302.05 4065.64 4201.54 4693.33 3890.77 4394.87 4427.69 4282.56 4280.51 4465.13 4268.72 4510.26 4323.08 1613 1730 3.588 0 0 0 0 
31 4498.46 4302.56 4064.62 4201.54 4691.28 3886.67 4383.59 4420.51 4280.51 4281.54 4468.21 4272.31 4512.31 4326.15 1615 1731 3.603 0 0 0 0 
32 4489.74 4302.05 4055.9 4197.44 4688.72 3878.97 4384.1 4407.69 4276.41 4270.26 4453.85 4263.08 4504.62 4317.44 1616 1730 3.603 0 0 0 0 
33 4484.62 4297.44 4048.72 4190.77 4689.74 3884.1 4396.41 4398.97 4275.38 4264.1 4448.21 4251.79 4495.38 4307.18 1616 1730 3.619 0 0 0 0 
34 4483.59 4295.9 4048.72 4189.23 4693.33 3892.82 4402.56 4400 4280 4274.87 4455.38 4258.97 4498.97 4309.74 1617 1728 3.619 0 0 0 0 
35 4482.05 4300 4051.28 4191.28 4690.26 3888.21 4398.46 4395.38 4277.95 4276.92 4454.87 4270.26 4507.18 4315.9 1616 1727 3.634 0 0 0 0 
36 4483.08 4300 4050.77 4191.28 4685.64 3879.49 4387.18 4385.64 4273.85 4269.23 4453.33 4266.67 4504.62 4313.85 1617 1726 3.634 0 0 0 0 
37 4482.56 4293.33 4045.64 4186.67 4681.54 3874.87 4374.87 4378.97 4275.9 4268.72 4455.38 4258.46 4496.41 4308.21 1615 1724 3.65 0 0 0 0 
38 4476.92 4291.28 4037.44 4181.54 4677.95 3870.77 4370.26 4373.33 4276.92 4269.74 4455.38 4258.46 4496.41 4305.13 1615 1723 3.65 0 0 0 0 
39 4467.69 4289.23 4031.79 4175.38 4676.92 3863.08 4366.15 4364.62 4270.77 4261.54 4453.85 4258.97 4493.33 4300.51 1613 1721 3.666 0 0 0 0 
40 4464.1 4284.1 4032.82 4177.44 4676.92 3862.56 4366.67 4357.44 4268.21 4261.03 4454.36 4256.92 4487.18 4300 1613 1720 3.666 0 0 0 0 
41 4473.33 4293.33 4043.59 4193.33 4684.62 3876.92 4387.69 4362.05 4275.38 4274.36 4457.44 4264.1 4496.92 4311.79 1610 1718 3.681 0 0 0 0 
42 4482.05 4304.62 4053.85 4201.54 4696.41 3884.1 4401.03 4360 4275.38 4275.38 4455.9 4272.82 4503.08 4317.95 1610 1718 3.681 0 0 0 0 
43 4473.85 4297.44 4047.69 4190.26 4689.74 3863.59 4373.33 4339.49 4260 4256.92 4451.28 4265.13 4489.74 4307.69 1608 1717 3.697 0 0 0 0 
44 4462.56 4288.21 4034.87 4180 4675.38 3848.21 4350.77 4328.21 4253.33 4247.18 4452.31 4255.9 4482.56 4300 1606 1720 3.697 0 0 0 0 
45 4464.1 4288.72 4032.31 4181.03 4677.44 3860.51 4363.59 4339.49 4261.03 4254.36 4455.38 4258.46 4486.67 4299.49 1607 1718 3.712 0 0 0 0 
46 4464.62 4287.69 4034.36 4182.56 4682.56 3863.59 4369.74 4340.51 4260 4257.95 4451.79 4261.03 4482.56 4297.44 1605 1719 3.712 0 0 0 0 
47 4461.03 4281.54 4030.26 4178.97 4680 3850.77 4357.44 4326.15 4253.85 4248.21 4447.69 4258.46 4473.85 4294.36 1605 1724 3.728 0 0 0 0 
48 4463.59 4284.1 4028.21 4181.54 4682.05 3851.79 4360 4326.15 4259.49 4249.74 4453.85 4262.05 4481.03 4301.03 1604 1731 3.728 0 0 0 0 
49 4466.15 4288.72 4028.72 4186.67 4686.15 3859.49 4370.77 4327.69 4261.54 4255.38 4457.44 4263.59 4491.79 4306.67 1605 1723 3.744 0 0 0 0 
50 4454.87 4275.38 4018.46 4169.23 4674.36 3846.15 4353.85 4304.62 4240.51 4233.85 4443.59 4253.33 4470.26 4290.26 1604 1707 3.744 0 0 0 0 
51 4433.85 4253.33 3997.44 4135.38 4652.82 3817.44 4314.87 4271.79 4209.23 4198.46 4429.74 4239.49 4427.69 4259.49 1605 1703 3.759 0 0 0 0 
52 4420.51 4244.1 3986.67 4124.62 4643.59 3806.67 4305.13 4262.05 4199.49 4188.21 4429.23 4233.85 4413.85 4247.69 1605 1710 3.759 0 0 0 0 
53 4424.1 4250.77 4001.03 4144.1 4656.92 3826.15 4334.36 4280 4218.46 4206.15 4436.41 4245.64 4435.9 4261.03 1604 1723 3.775 0 0 0 0 
54 4437.44 4261.54 4024.1 4164.62 4672.82 3845.64 4352.82 4300 4242.05 4224.62 4444.62 4264.62 4449.74 4274.87 1603 1746 3.775 0 0 0 0 
55 4447.18 4272.31 4036.92 4176.92 4682.05 3848.21 4345.64 4303.59 4251.79 4236.92 4451.28 4269.74 4454.36 4281.54 1602 1747 3.79 0 0 0 0 
56 4452.31 4276.92 4037.95 4181.03 4688.21 3850.26 4347.69 4299.49 4251.28 4240 4451.79 4268.72 4464.62 4288.72 1602 1742 3.79 0 0 0 0 
57 4450.77 4275.38 4034.87 4176.41 4685.64 3855.9 4358.46 4297.44 4246.67 4234.87 4447.18 4268.72 4467.18 4290.26 1602 1739 3.806 0 0 0 0 
58 4443.59 4271.28 4027.69 4173.33 4679.49 3853.85 4354.87 4293.33 4244.1 4229.74 4442.56 4263.08 4459.49 4285.64 1602 1739 3.806 0 0 0 0 
59 4435.9 4262.05 4018.97 4167.69 4675.9 3848.72 4349.23 4285.13 4241.54 4222.05 4436.92 4251.79 4449.23 4278.97 1602 1742 3.822 0 0 0 0 
60 4433.33 4261.03 4020.51 4163.08 4672.82 3849.23 4351.28 4285.64 4242.05 4220.51 4438.97 4248.72 4447.69 4273.33 1602 1743 3.822 0 0 0 0 
61 4438.97 4271.79 4031.28 4173.85 4677.95 3851.28 4344.62 4294.36 4251.79 4229.74 4447.69 4254.87 4455.9 4281.54 1603 1742 3.837 0 0 0 0 
62 4447.18 4279.49 4042.56 4186.15 4688.21 3852.82 4336.92 4302.05 4263.59 4240.51 4453.85 4267.18 4470.77 4301.03 1603 1735 3.837 0 0 0 0 
63 4453.85 4283.08 4049.23 4188.72 4693.33 3855.9 4339.49 4306.67 4273.85 4247.69 4454.87 4281.54 4484.62 4310.77 1602 1730 3.853 0 0 0 0 
64 4455.9 4285.64 4045.64 4187.69 4691.79 3857.44 4343.59 4304.62 4271.79 4248.21 4453.33 4279.49 4487.18 4306.15 1605 1724 3.853 0 0 0 0 
65 4453.85 4286.15 4034.87 4181.54 4686.15 3855.38 4346.15 4295.38 4256.41 4236.41 4452.31 4264.1 4478.46 4303.08 1604 1721 3.868 0 0 0 0 
66 4456.41 4285.13 4032.82 4174.36 4677.95 3845.64 4335.9 4285.64 4247.69 4221.54 4451.79 4257.95 4470.26 4306.67 1605 1719 3.868 0 0 0 0 
67 4474.36 4290.26 4043.08 4182.56 4676.92 3838.97 4315.9 4279.49 4246.67 4221.03 4454.36 4264.62 4477.95 4320 1605 1717 3.884 0 0 0 0 
68 4496.41 4301.03 4051.79 4199.49 4683.59 3841.03 4314.87 4277.95 4240.51 4221.03 4455.9 4272.31 4488.72 4337.95 1606 1717 3.884 0 0 0 0 
69 4501.54 4308.21 4050.26 4196.41 4681.54 3841.03 4323.59 4276.41 4230.26 4210.77 4450.77 4270.77 4487.18 4346.67 1606 1717 3.9 0 0 0 0 
70 4502.56 4307.18 4048.72 4188.72 4674.36 3835.9 4314.87 4271.79 4225.13 4204.1 4449.74 4268.21 4483.08 4350.77 1607 1718 3.9 0 0 0 0 
71 4513.85 4308.72 4054.36 4196.92 4676.41 3835.9 4310.77 4269.23 4221.03 4204.62 4455.38 4273.33 4486.67 4360 1607 1718 3.915 0 0 0 0 
72 4519.49 4316.41 4056.92 4205.64 4682.05 3840 4323.59 4268.21 4218.46 4202.56 4456.92 4278.46 4489.74 4367.69 1607 1719 3.915 0 0 0 0 
73 4516.41 4318.46 4055.9 4204.1 4682.56 3842.05 4327.69 4262.56 4222.56 4202.56 4453.85 4276.41 4492.31 4369.74 1607 1718 3.931 0 0 0 0 
74 4517.95 4315.9 4058.46 4203.59 4683.59 3845.13 4326.67 4263.08 4229.23 4210.26 4453.33 4273.33 4500 4370.26 1606 1719 3.931 0 0 0 0 
75 4517.95 4317.44 4059.49 4208.21 4689.23 3849.74 4333.33 4271.79 4238.46 4218.97 4455.9 4272.82 4505.64 4368.72 1606 1719 3.946 0 0 0 0 
76 4504.62 4312.31 4054.36 4203.08 4690.77 3849.74 4334.87 4274.87 4241.54 4221.03 4457.95 4266.67 4495.38 4359.49 1604 1721 3.946 0 0 0 0 
77 4485.13 4297.95 4047.69 4189.74 4682.56 3840 4323.59 4267.69 4230.77 4209.74 4450.26 4254.87 4474.36 4339.49 1605 1722 3.962 0 0 0 0 
78 4472.31 4291.79 4044.1 4182.56 4676.41 3832.31 4311.79 4262.05 4224.1 4199.49 4442.05 4252.31 4464.62 4325.64 1604 1722 3.962 0 0 0 0 
79 4469.74 4294.36 4042.56 4185.13 4679.49 3836.41 4314.36 4262.05 4229.74 4204.62 4448.21 4258.97 4464.62 4323.59 1603 1724 3.978 0 0 0 0 
80 4466.15 4292.82 4042.05 4188.72 4686.15 3841.03 4322.05 4265.13 4235.38 4213.33 4453.33 4261.03 4464.1 4317.95 1603 1724 3.978 0 0 0 0 
81 4456.92 4289.74 4041.03 4188.72 4687.18 3844.62 4327.69 4268.21 4233.33 4212.31 4448.21 4260 4466.15 4308.21 1603 1726 3.993 0 0 0 0 
82 4451.79 4289.23 4040.51 4188.72 4684.1 3847.69 4332.31 4267.69 4230.77 4209.23 4443.08 4263.08 4464.1 4303.08 1603 1727 3.993 0 0 0 0 
83 4448.72 4287.69 4040 4186.15 4685.64 3846.67 4332.82 4272.82 4236.41 4212.82 4446.15 4262.56 4458.46 4298.46 1602 1727 4.009 0 0 0 0 
84 4437.44 4283.08 4035.9 4186.67 4690.77 3846.67 4328.72 4281.54 4243.08 4218.46 4452.31 4256.92 4458.97 4291.79 1601 1725 4.009 0 0 0 0 
85 4427.18 4277.44 4031.28 4185.64 4685.64 3845.64 4323.59 4279.49 4238.97 4213.85 4448.72 4255.38 4455.38 4284.62 1601 1725 4.024 0 0 0 0 
86 4421.03 4269.23 4028.21 4174.87 4672.31 3841.03 4331.28 4272.31 4228.21 4199.49 4438.46 4253.85 4442.56 4274.36 1602 1722 4.024 0 0 0 0 
87 4417.95 4264.62 4026.67 4169.23 4666.15 3837.44 4337.95 4272.31 4227.18 4192.82 4440.51 4250.77 4437.44 4266.15 1600 1720 4.04 0 0 0 0 
88 4419.49 4267.69 4029.74 4172.82 4670.77 3840.51 4328.72 4275.38 4234.36 4198.46 4450.26 4254.36 4444.1 4271.79 1600 1718 4.04 0 0 0 0 
89 4416.41 4267.69 4030.77 4172.31 4670.77 3844.1 4326.67 4273.33 4234.87 4201.54 4448.21 4255.9 4443.59 4271.79 1600 1715 4.056 0 0 0 0 
90 4408.72 4265.13 4027.69 4169.23 4666.67 3840.51 4333.85 4270.77 4230.26 4195.9 4440.51 4253.85 4434.36 4257.95 1599 1715 4.056 0 0 0 0 
91 4409.23 4271.79 4031.79 4175.38 4670.26 3839.49 4331.79 4275.9 4233.33 4197.95 4441.54 4258.97 4437.44 4259.49 1599 1712 4.071 0 0 0 0 
92 4413.85 4276.41 4037.44 4177.44 4670.26 3845.13 4322.05 4281.54 4238.46 4205.13 4447.18 4261.54 4448.21 4270.26 1599 1711 4.071 0 0 0 0 
93 4409.23 4271.79 4033.33 4172.31 4658.46 3844.62 4316.92 4281.54 4235.38 4200 4450.26 4254.87 4444.1 4265.13 1599 1709 4.087 0 0 0 0 
94 4404.1 4270.26 4031.79 4172.31 4660.51 3837.44 4326.67 4286.67 4234.87 4190.26 4446.15 4256.41 4434.87 4254.36 1599 1708 4.087 0 0 0 0 
95 4403.59 4274.87 4036.92 4175.38 4676.92 3837.44 4334.87 4293.33 4239.49 4192.82 4442.05 4262.05 4440.51 4257.44 1599 1707 4.102 0 0 0 0 
96 4403.59 4275.38 4037.95 4178.46 4679.49 3841.54 4330.26 4287.69 4237.95 4201.54 4445.13 4258.46 4445.13 4262.05 1599 1707 4.102 0 0 0 0 
97 4398.97 4267.69 4036.41 4177.44 4673.33 3837.95 4327.69 4276.41 4231.28 4196.41 4444.62 4254.36 4436.92 4255.9 1600 1705 4.118 0 0 0 0 
98 4392.82 4258.46 4034.87 4171.28 4676.41 3834.87 4334.36 4280.51 4230.26 4186.67 4435.9 4254.36 4433.33 4248.21 1599 1703 4.118 0 0 0 0 
99 4391.28 4258.97 4033.33 4169.23 4682.05 3841.54 4346.15 4294.87 4236.41 4187.69 4434.87 4255.9 4433.85 4245.13 1600 1702 4.134 0 0 0 0 
100 4390.77 4260 4032.31 4171.79 4681.03 3845.64 4351.79 4294.36 4236.92 4191.28 4441.54 4255.38 4430.26 4244.1 1600 1699 4.134 0 0 0 0 
101 4387.69 4257.44 4030.77 4169.74 4679.49 3835.9 4344.62 4287.69 4233.33 4187.18 4440.51 4254.87 4428.72 4243.08 1599 1700 4.149 0 0 0 0 
102 4388.21 4257.95 4029.23 4167.18 4680.51 3828.72 4329.74 4295.9 4236.92 4186.15 4435.38 4255.9 4429.74 4241.03 1600 1698 4.149 0 0 0 0 
103 4386.15 4260.51 4032.31 4169.23 4680.51 3833.85 4330.26 4301.03 4243.08 4192.31 4437.95 4257.44 4432.82 4242.56 1599 1698 4.165 0 0 0 0 
104 4382.56 4260.51 4034.36 4169.74 4679.49 3839.49 4341.54 4286.67 4236.92 4191.28 4442.05 4256.41 4436.41 4244.62 1600 1697 4.165 0 0 0 0 
105 4385.13 4260.51 4035.38 4170.77 4681.03 3840 4341.54 4275.9 4227.18 4186.67 4438.97 4257.44 4435.38 4243.08 1599 1696 4.18 0 0 0 0 
106 4390.26 4260 4038.46 4170.26 4681.54 3835.9 4330.77 4282.56 4231.28 4189.23 4440 4260 4434.87 4241.03 1599 1696 4.18 0 0 0 0 
107 4389.74 4258.97 4037.95 4168.21 4677.44 3829.23 4321.54 4288.21 4238.46 4193.33 4442.56 4256.41 4436.92 4243.08 1599 1696 4.196 0 0 0 0 
108 4388.21 4259.49 4038.97 4169.74 4674.36 3833.85 4331.79 4286.67 4234.87 4188.72 4440.51 4254.36 4435.38 4244.62 1599 1695 4.196 0 0 0 0 
109 4389.23 4258.46 4043.59 4173.33 4674.36 3843.08 4344.1 4287.18 4231.79 4187.18 4443.08 4257.44 4436.92 4244.62 1597 1694 4.212 0 0 0 0 
110 4383.08 4252.82 4036.92 4166.67 4672.31 3837.95 4338.97 4292.31 4233.85 4189.23 4442.56 4254.87 4436.41 4242.05 1597 1693 4.212 0 0 0 0 
111 4373.85 4250.26 4029.74 4160.51 4667.69 3835.38 4342.56 4295.38 4231.79 4185.13 4437.95 4249.23 4427.18 4235.9 1596 1693 4.227 0 0 0 0 
112 4378.97 4254.87 4037.95 4168.21 4670.26 3843.08 4355.38 4299.49 4230.26 4185.13 4437.95 4253.85 4429.74 4239.49 1596 1693 4.227 0 0 0 0 
113 4391.28 4261.54 4046.67 4178.46 4677.44 3843.59 4348.72 4306.15 4240 4197.44 4443.08 4262.56 4446.15 4248.72 1595 1695 4.243 0 0 0 0 
114 4392.82 4262.05 4044.62 4178.97 4679.49 3842.05 4338.97 4309.74 4248.72 4204.62 4444.62 4262.05 4448.21 4248.72 1595 1695 4.243 0 0 0 0 
115 4387.18 4258.46 4041.54 4173.85 4674.36 3842.05 4341.54 4309.74 4245.64 4198.46 4441.03 4260 4443.59 4245.64 1594 1696 4.258 0 0 0 0 
116 4386.15 4258.97 4041.03 4171.79 4670.77 3837.44 4341.03 4305.64 4239.49 4194.36 4440 4260 4446.67 4247.18 1595 1699 4.258 0 0 0 0 
117 4383.59 4260.51 4036.92 4169.74 4671.28 3840.51 4343.59 4298.46 4232.82 4193.33 4441.54 4255.38 4448.72 4244.1 1593 1700 4.274 0 0 0 0 
118 4377.44 4256.41 4032.82 4161.03 4668.21 3840.51 4346.15 4297.44 4229.23 4188.72 4444.1 4249.23 4444.62 4238.46 1593 1701 4.274 0 0 0 0 
119 4373.85 4254.36 4030.26 4154.36 4662.56 3823.59 4325.13 4301.03 4234.36 4186.67 4442.05 4246.67 4442.05 4236.92 1592 1700 4.29 0 0 0 0 
120 4371.79 4252.82 4025.64 4154.36 4661.54 3821.03 4318.46 4296.92 4230.26 4183.08 4436.92 4244.62 4436.92 4231.28 1591 1703 4.29 0 0 0 0 
121 4366.15 4244.1 4021.03 4147.69 4662.56 3833.85 4344.1 4291.28 4215.38 4172.82 4432.31 4243.59 4423.59 4223.08 1591 1702 4.305 0 0 0 0 
122 4362.56 4239.49 4018.97 4138.46 4657.95 3826.67 4341.03 4293.33 4213.33 4169.23 4434.87 4244.1 4418.97 4222.05 1589 1704 4.305 0 0 0 0 
123 4361.54 4242.56 4017.44 4137.44 4652.82 3808.72 4307.18 4294.87 4220.51 4176.41 4440.51 4242.56 4425.13 4222.56 1589 1707 4.321 0 0 0 0 
124 4360 4243.59 4018.97 4136.92 4653.85 3807.69 4302.05 4292.82 4217.44 4177.44 4438.97 4242.05 4429.23 4224.1 1589 1708 4.321 0 0 0 0 
125 4358.97 4240.51 4020.51 4133.33 4655.9 3816.92 4315.9 4292.82 4211.79 4168.21 4432.31 4244.1 4427.18 4223.08 1589 1709 4.336 0 0 0 0 
126 4366.67 4246.15 4024.1 4138.97 4660 3818.97 4310.77 4294.36 4219.49 4170.26 4434.36 4250.26 4429.23 4224.1 1589 1710 4.336 0 0 0 0 
127 4371.28 4248.72 4028.72 4145.13 4668.21 3821.03 4309.74 4301.54 4225.13 4177.95 4438.46 4246.67 4430.77 4228.21 1591 1711 4.352 0 0 0 0 
128 4354.87 4233.33 4019.49 4128.21 4661.03 3821.54 4330.26 4298.97 4205.64 4158.97 4429.74 4229.23 4409.23 4215.38 1590 1713 4.352 0 0 0 0 
0 4342.05 4225.64 4010.77 4111.28 4650.26 3816.92 4336.92 4296.92 4192.82 4135.9 4426.67 4225.64 4390.26 4199.49 1592 1715 4.368 0 0 0 0 
1 4352.31 4236.92 4022.56 4120.51 4655.38 3814.36 4320 4310.26 4212.31 4152.82 4437.95 4240 4404.1 4209.74 1592 1715 4.368 0 0 0 0 
2 4360.51 4240.51 4029.74 4128.72 4660 3814.87 4317.44 4317.44 4224.62 4174.36 4439.49 4241.54 4419.49 4223.08 1593 1717 4.383 0 0 0 0 
3 4355.38 4235.38 4026.15 4117.44 4653.33 3813.85 4328.72 4310.26 4211.28 4165.13 4432.31 4239.49 4417.95 4219.49 1595 1715 4.383 0 0 0 0 
4 4357.44 4241.03 4033.33 4117.44 4652.82 3813.85 4320 4310.26 4209.23 4164.1 4435.38 4251.79 4425.13 4226.67 1596 1716 4.399 0 0 0 0 
5 4365.13 4243.08 4041.03 4126.15 4657.44 3818.97 4316.92 4315.38 4215.9 4175.38 4438.97 4253.33 4434.87 4233.33 1598 1715 4.399 0 0 0 0 
6 4362.05 4236.41 4036.41 4122.05 4656.92 3822.56 4335.9 4313.33 4207.18 4170.77 4435.9 4241.54 4422.56 4226.67 1600 1717 4.414 0 0 0 0 
7 4358.97 4239.49 4040 4120 4659.49 3823.08 4338.46 4315.38 4201.54 4164.62 4436.92 4243.59 4412.82 4229.74 1600 1718 4.414 0 0 0 0 
8 4366.15 4246.67 4047.69 4126.15 4665.64 3818.46 4313.33 4322.56 4211.79 4173.85 4437.44 4249.74 4426.67 4236.92 1602 1718 4.43 0 0 0 0 
9 4365.13 4244.62 4040.51 4121.03 4664.1 3812.31 4304.1 4318.97 4213.85 4173.33 4432.82 4243.59 4427.69 4228.72 1603 1718 4.43 0 0 0 0 
10 4354.87 4236.41 4030.77 4107.18 4660 3816.92 4327.18 4317.44 4203.08 4161.03 4428.21 4237.44 4406.67 4213.85 1604 1719 4.446 0 0 0 0 
11 4352.82 4235.38 4027.18 4101.03 4657.44 3820.51 4340.51 4324.1 4201.03 4157.95 4428.72 4244.1 4406.15 4215.9 1605 1720 4.446 0 0 0 0 
12 4360 4242.56 4024.62 4103.08 4654.87 3814.36 4321.54 4324.1 4207.18 4163.08 4431.79 4248.21 4426.15 4230.26 1607 1719 4.461 0 0 0 0 
13 4362.05 4244.1 4025.13 4104.1 4653.85 3812.31 4314.87 4318.97 4204.62 4167.18 4434.87 4246.67 4431.28 4236.41 1608 1720 4.461 0 0 0 0 
14 4358.46 4241.54 4027.18 4098.97 4654.36 3818.97 4332.31 4324.1 4199.49 4168.21 4436.92 4244.62 4421.03 4227.69 1609 1718 4.477 0 0 0 0 
15 4352.31 4240.51 4020 4091.79 4649.74 3822.05 4336.92 4332.31 4201.54 4162.56 4434.87 4242.05 4415.9 4217.44 1609 1720 4.477 0 0 0 0 
16 4348.72 4241.54 4014.87 4090.26 4647.18 3817.44 4323.08 4331.28 4203.59 4158.46 4430.26 4240.51 4420 4220.51 1611 1722 4.492 0 0 0 0 
17 4350.26 4242.05 4020 4089.74 4652.82 3809.23 4308.21 4324.1 4202.56 4162.56 4424.62 4241.03 4420.51 4224.1 1611 1723 4.492 0 0 0 0 
18 4346.15 4237.95 4019.49 4085.13 4651.79 3805.13 4302.05 4322.56 4201.54 4160 4422.56 4241.03 4411.79 4217.44 1612 1723 4.508 0 0 0 0 
19 4335.38 4228.72 4008.72 4074.36 4642.05 3806.67 4314.36 4321.03 4194.87 4145.13 4422.05 4235.38 4400.51 4208.21 1612 1722 4.508 0 0 0 0 
20 4329.23 4223.08 4004.62 4062.05 4636.92 3804.62 4324.62 4317.44 4183.59 4132.82 4418.97 4230.77 4395.38 4201.54 1611 1724 4.524 0 0 0 0 
21 4333.33 4229.23 4011.28 4065.13 4637.44 3802.05 4318.46 4321.54 4184.1 4135.9 4421.54 4236.41 4397.95 4203.59 1612 1724 4.524 0 0 0 0 
22 4337.95 4237.44 4017.44 4076.41 4641.03 3803.59 4312.31 4326.67 4194.87 4146.15 4426.67 4243.59 4402.05 4212.82 1612 1724 4.539 0 0 0 0 
23 4340 4237.95 4017.44 4077.95 4643.08 3807.18 4312.31 4325.13 4197.95 4149.23 4426.67 4243.08 4407.69 4214.36 1611 1723 4.539 0 0 0 0 
24 4341.54 4236.92 4018.46 4073.85 4642.05 3807.69 4314.87 4329.74 4196.92 4149.23 4423.08 4241.03 4411.28 4207.69 1610 1724 4.555 0 0 0 0 
25 4343.08 4240.51 4018.97 4074.36 4641.54 3807.18 4321.54 4337.95 4199.49 4152.31 4424.62 4240 4410.26 4212.31 1611 1722 4.555 0 0 0 0 
26 4347.69 4242.56 4020 4075.9 4644.62 3810.26 4328.21 4339.49 4202.05 4155.38 4429.23 4238.46 4412.31 4224.1 1608 1717 4.57 0 0 0 0 
27 4349.23 4241.03 4023.59 4074.87 4643.08 3811.28 4324.1 4338.46 4199.49 4155.38 4429.23 4243.59 4419.49 4226.67 1609 1708 4.57 0 0 0 0 
28 4342.05 4235.9 4017.95 4063.59 4631.79 3798.97 4311.79 4323.59 4185.64 4147.69 4424.1 4245.13 4413.33 4216.92 1608 1702 4.586 0 0 0 0 
29 4333.85 4228.21 4007.69 4050.77 4623.59 3786.67 4303.08 4304.1 4171.79 4134.87 4420 4236.92 4398.97 4207.69 1608 1702 4.586 0 0 0 0 
30 4337.95 4229.23 4010.26 4053.33 4625.13 3793.85 4301.54 4308.72 4179.49 4136.92 4422.56 4237.95 4404.62 4214.87 1608 1704 4.602 0 0 0 0 
31 4342.56 4238.46 4016.41 4056.92 4630.26 3806.67 4308.21 4315.9 4187.69 4146.67 4426.15 4243.08 4414.36 4220.51 1608 1710 4.602 0 0 0 0 
32 4336.92 4236.92 4015.38 4049.23 4629.74 3805.13 4315.38 4309.74 4179.49 4145.13 4424.62 4240 4411.28 4213.85 1609 1713 4.617 0 0 0 0 
33 4333.85 4232.31 4015.9 4046.15 4625.64 3794.87 4306.67 4318.97 4180 4148.21 4423.08 4244.62 4413.85 4215.38 1611 1713 4.617 0 0 0 0 
34 4335.38 4235.9 4015.9 4047.69 4625.13 3786.15 4288.72 4333.33 4187.69 4154.87 4426.15 4253.85 4417.95 4221.03 1612 1710 4.633 0 0 0 0 
35 4332.82 4232.82 4010.26 4041.03 4622.56 3786.67 4294.87 4326.67 4178.46 4142.56 4426.15 4249.23 4407.18 4212.82 1613 1708 4.633 0 0 0 0 
36 4323.59 4224.1 4005.13 4030.26 4616.92 3794.36 4318.97 4325.13 4166.67 4130.77 4416.92 4241.03 4394.87 4204.1 1614 1701 4.648 0 0 0 0 
37 4317.95 4218.97 4003.08 4018.46 4614.36 3795.9 4320.51 4332.82 4167.18 4133.33 4412.31 4239.49 4391.79 4202.05 1614 1699 4.648 0 0 0 0 
38 4320.51 4224.62 4008.21 4016.41 4615.9 3788.72 4300 4330.77 4172.82 4140.51 4420 4237.44 4393.33 4202.05 1614 1696 4.664 0 0 0 0 
39 4326.67 4234.87 4021.54 4028.21 4617.95 3787.69 4291.79 4334.36 4181.03 4150.26 4427.69 4243.59 4404.1 4211.28 1615 1695 4.664 0 0 0 0 
40 4326.67 4233.85 4031.28 4026.67 4619.49 3792.82 4304.62 4341.54 4181.54 4153.85 4426.67 4252.82 4409.74 4216.41 1614 1694 4.68 0 0 0 0 
41 4321.54 4225.64 4031.28 4013.33 4623.08 3795.38 4315.9 4331.28 4171.28 4148.21 4424.1 4246.67 4404.62 4211.28 1614 1694 4.68 0 0 0 0 
42 4322.56 4226.67 4030.77 4013.33 4624.1 3790.77 4303.59 4315.9 4163.59 4144.62 4425.64 4241.03 4411.79 4211.28 1615 1692 4.695 0 0 0 0 
43 4322.05 4232.31 4030.26 4014.87 4618.97 3781.54 4281.03 4310.26 4161.03 4142.56 4420.51 4240.51 4418.97 4213.85 1614 1691 4.695 0 0 0 0 
44 4311.79 4227.18 4024.62 4003.59 4611.28 3779.49 4288.21 4309.74 4153.33 4131.79 4411.79 4229.23 4400 4206.15 1616 1688 4.711 0 0 0 0 
45 4302.56 4220 4016.41 3991.79 4607.18 3783.59 4307.69 4311.28 4144.62 4123.59 4413.85 4221.54 4386.67 4193.33 1614 1689 4.711 0 0 0 0 
46 4298.46 4220 4007.69 3985.64 4604.1 3776.41 4294.87 4309.74 4142.05 4122.05 4417.95 4225.64 4392.82 4190.77 1616 1689 4.742 0 0 0 0 
47 4294.87 4218.97 4003.59 3978.97 4596.92 3761.54 4270.77 4309.74 4145.13 4119.49 4412.31 4225.64 4389.23 4192.82 1615 1690 4.742 0 0 0 0 
48 4293.33 4218.46 4004.1 3975.38 4592.31 3759.49 4269.23 4317.44 4151.28 4121.54 4410.77 4222.05 4382.05 4190.77 1615 1694 4.742 0 0 0 0 
49 4296.41 4221.03 4005.64 3974.87 4594.36 3767.69 4283.59 4324.1 4153.33 4125.64 4413.33 4222.56 4385.13 4188.72 1615 1696 4.742 0 0 0 0 
50 4295.9 4219.49 4005.13 3975.38 4596.92 3771.28 4285.64 4325.64 4153.33 4123.59 4410.77 4221.54 4391.79 4189.74 1615 1699 4.758 0 0 0 0 
51 4291.79 4217.95 4004.1 3973.85 4598.97 3768.72 4273.85 4327.18 4153.33 4120.51 4408.72 4223.08 4393.85 4191.28 1615 1701 4.758 0 0 0 0 
52 4294.87 4221.03 4000.51 3973.85 4598.46 3764.62 4269.23 4323.59 4146.67 4120 4408.72 4228.21 4391.28 4192.82 1615 1702 4.773 0 0 0 0 
53 4291.28 4215.9 3993.33 3970.26 4593.85 3763.08 4278.46 4321.54 4138.46 4116.41 4409.74 4224.1 4387.69 4190.77 1615 1703 4.773 0 0 0 0 
54 4276.92 4205.64 3988.72 3956.92 4591.79 3769.23 4291.79 4332.82 4142.56 4114.36 4409.74 4220 4382.05 4183.08 1614 1706 4.789 0 0 0 0 
55 4270.77 4205.64 3983.59 3953.33 4593.33 3768.21 4291.79 4337.95 4144.1 4110.77 4404.62 4222.05 4371.79 4173.85 1615 1708 4.789 0 0 0 0 
56 4280 4214.36 3984.1 3965.13 4592.82 3760 4284.1 4339.49 4137.95 4105.64 4406.15 4222.05 4373.33 4178.97 1613 1711 4.804 0 0 0 0 
57 4292.31 4224.1 3994.87 3975.9 4595.9 3762.56 4284.1 4355.38 4148.21 4118.46 4416.41 4226.67 4390.77 4195.38 1613 1714 4.804 0 0 0 0 
58 4293.33 4227.69 3997.95 3973.85 4600.51 3772.82 4291.79 4359.49 4157.44 4130.26 4414.36 4234.36 4395.38 4200 1612 1717 4.82 0 0 0 0 
59 4288.72 4223.59 3994.36 3969.74 4600.51 3776.92 4296.41 4351.79 4152.31 4126.15 4406.67 4233.33 4388.72 4191.79 1611 1722 4.82 0 0 0 0 
60 4284.1 4217.44 3993.85 3967.69 4598.97 3773.33 4291.79 4356.41 4146.15 4120.51 4413.33 4226.67 4387.18 4189.74 1612 1724 4.836 0 0 0 0 
61 4277.95 4213.85 3991.28 3964.1 4600 3767.18 4280.51 4357.44 4144.62 4116.41 4418.97 4226.67 4385.64 4188.21 1610 1728 4.836 0 0 0 0 
62 4276.41 4211.28 3988.72 3962.56 4600 3763.59 4275.38 4349.74 4143.08 4112.31 4412.31 4231.79 4382.05 4183.08 1610 1731 4.851 0 0 0 0 
63 4276.41 4210.26 3992.31 3962.56 4600.51 3770.26 4292.82 4359.49 4143.08 4111.79 4406.67 4233.33 4378.46 4184.62 1609 1733 4.851 0 0 0 0 
64 4272.82 4209.74 3991.28 3960 4598.46 3777.44 4304.1 4369.23 4144.62 4113.85 4407.18 4229.74 4374.87 4187.69 1608 1736 4.867 0 0 0 0 
65 4268.21 4207.69 3984.62 3953.85 4591.79 3766.15 4284.62 4357.95 4142.05 4112.31 4406.67 4228.72 4370.77 4179.49 1608 1740 4.867 0 0 0 0 
66 4270.77 4206.15 3986.67 3951.28 4589.74 3754.36 4276.41 4352.31 4138.97 4107.18 4403.59 4236.92 4367.18 4175.38 1608 1742 4.882 0 0 0 0 
67 4277.44 4209.23 3992.82 3958.46 4595.9 3761.03 4289.23 4364.1 4142.05 4106.15 4405.13 4241.54 4371.28 4186.67 1605 1744 4.882 0 0 0 0 
68 4278.46 4217.95 3992.82 3965.13 4598.97 3768.72 4287.69 4370.77 4152.31 4112.82 4409.23 4237.95 4382.05 4195.38 1606 1746 4.898 0 0 0 0 
69 4275.38 4219.49 3988.21 3961.03 4595.9 3764.62 4281.03 4369.74 4153.33 4111.28 4406.67 4234.87 4377.44 4187.18 1604 1745 4.898 0 0 0 0 
70 4271.79 4218.46 3987.69 3953.85 4594.36 3761.03 4286.67 4370.77 4144.62 4102.05 4404.62 4231.28 4366.67 4181.54 1604 1746 4.914 0 0 0 0 
71 4271.28 4222.05 3986.67 3951.79 4592.82 3761.03 4290.77 4364.1 4137.95 4097.95 4404.62 4226.15 4365.64 4187.69 1604 1744 4.914 0 0 0 0 
72 4275.9 4221.54 3985.13 3951.28 4587.69 3761.03 4293.33 4357.95 4134.87 4093.85 4400.51 4227.18 4367.18 4193.85 1602 1745 4.929 0 0 0 0 
73 4290.26 4228.72 3993.85 3958.97 4586.15 3760.51 4288.21 4360 4136.41 4092.31 4400.51 4235.9 4370.77 4205.64 1602 1744 4.945 0 0 0 0 
74 4312.82 4244.1 4008.21 3971.79 4590.77 3755.9 4268.21 4338.97 4135.38 4094.87 4410.77 4246.15 4377.95 4226.67 1600 1743 4.945 0 0 0 0 
75 4328.21 4248.72 4010.26 3974.87 4592.31 3750.77 4265.64 4294.87 4126.15 4091.79 4412.82 4250.26 4381.54 4244.62 1601 1742 4.945 0 0 0 0 
76 4334.87 4251.28 4007.18 3973.33 4589.23 3748.72 4273.33 4266.15 4121.54 4088.21 4408.21 4247.69 4384.62 4258.46 1600 1740 4.96 0 0 0 0 
77 4342.05 4260.51 4009.74 3976.41 4584.1 3743.59 4263.59 4253.33 4126.67 4085.64 4410.77 4244.62 4390.26 4267.18 1600 1739 4.96 0 0 0 0 
78 4346.67 4261.54 4008.72 3974.87 4577.44 3739.49 4256.92 4233.33 4125.64 4078.97 4410.26 4241.54 4387.69 4270.26 1599 1737 4.976 0 0 0 0 
79 4345.13 4260 4004.62 3969.23 4577.95 3741.03 4266.15 4198.46 4118.46 4075.9 4406.15 4240.51 4386.15 4271.28 1600 1735 4.976 0 0 0 0 
80 4338.46 4258.46 4001.54 3962.56 4577.44 3743.08 4270.77 4160.51 4114.36 4074.36 4408.21 4239.49 4387.18 4264.1 1600 1732 4.992 0 0 0 0 
81 4327.18 4248.21 3994.36 3953.85 4567.69 3738.97 4265.64 4143.59 4112.82 4065.64 4409.23 4234.87 4379.49 4247.69 1599 1732 4.992 0 0 0 0 
82 4312.31 4237.95 3985.13 3946.67 4568.21 3737.44 4269.74 4145.13 4113.33 4063.08 4404.1 4227.69 4372.31 4237.44 1601 1728 5.007 0 0 0 0 
83 4300 4233.85 3980 3940 4574.36 3741.54 4278.97 4148.72 4113.33 4067.69 4400.51 4225.13 4370.77 4231.79 1600 1728 5.023 0 0 0 0 
84 4291.79 4222.56 3976.92 3931.79 4567.18 3737.44 4268.72 4154.36 4115.38 4070.26 4401.03 4225.64 4365.64 4222.05 1601 1728 5.023 0 0 0 0 
85 4280 4214.36 3972.82 3925.13 4559.49 3723.59 4248.72 4151.79 4112.82 4063.59 4401.03 4224.62 4355.38 4213.33 1601 1727 5.023 0 0 0 0 
86 4265.13 4211.79 3969.74 3917.95 4557.44 3716.92 4249.74 4140.51 4100.51 4048.72 4396.41 4220.51 4344.62 4201.03 1601 1727 5.038 0 0 0 0 
87 4254.87 4205.64 3968.72 3908.72 4549.74 3715.38 4254.36 4141.03 4091.79 4042.05 4390.77 4214.87 4337.44 4184.62 1601 1727 5.038 0 0 0 0 
88 4252.82 4200.51 3967.69 3906.15 4545.64 3712.82 4247.69 4152.31 4094.36 4047.69 4390.26 4213.33 4335.38 4180.51 1601 1727 5.054 0 0 0 0 
89 4251.28 4196.92 3965.13 3909.74 4551.28 3718.46 4252.82 4163.08 4097.44 4047.69 4392.82 4218.97 4336.41 4187.18 1601 1726 5.07 0 0 0 0 
90 4247.18 4196.92 3964.1 3910.77 4553.33 3725.13 4260 4177.95 4102.05 4045.64 4394.87 4224.62 4340.51 4186.15 1601 1726 5.07 0 0 0 0 
91 4242.05 4195.9 3960.51 3906.15 4547.69 3724.1 4260 4187.18 4103.08 4048.72 4395.38 4218.97 4338.46 4177.95 1601 1725 5.07 0 0 0 0 
92 4237.44 4190.26 3952.82 3897.95 4543.08 3723.08 4267.18 4188.21 4096.41 4042.05 4393.33 4208.72 4326.67 4171.79 1601 1724 5.085 0 0 0 0 
93 4234.36 4186.15 3951.28 3892.82 4544.1 3717.95 4261.03 4195.38 4097.44 4036.92 4392.82 4209.23 4325.13 4167.18 1601 1724 5.101 0 0 0 0 
94 4229.23 4183.08 3950.26 3889.23 4540 3704.62 4236.41 4200 4096.41 4038.46 4388.72 4208.21 4325.64 4160.51 1601 1725 5.101 0 0 0 0 
95 4224.1 4180 3943.59 3885.64 4531.28 3699.49 4236.92 4200 4082.05 4034.87 4381.03 4200 4313.85 4156.41 1600 1725 5.116 0 0 0 0 
96 4221.54 4178.46 3937.95 3884.1 4531.79 3709.74 4258.46 4216.41 4080 4032.31 4382.05 4197.95 4310.26 4154.87 1601 1725 5.116 0 0 0 0 
97 4220 4180 3940.51 3884.1 4538.46 3712.31 4255.9 4252.82 4094.36 4040.51 4389.23 4207.69 4323.08 4157.95 1600 1726 5.116 0 0 0 0 
98 4219.49 4178.97 3944.1 3883.59 4539.49 3705.13 4246.67 4274.87 4094.87 4044.1 4392.31 4211.79 4325.64 4159.49 1600 1728 5.132 0 0 0 0 
99 4213.85 4175.38 3943.59 3879.49 4534.87 3703.08 4254.36 4276.41 4081.54 4032.82 4388.72 4208.72 4314.36 4153.85 1600 1727 5.148 0 0 0 0 
